       20.016683  -9.5810019e+10
       20.034445   8.6620253e+10
       20.051520   8.1406492e+10
       20.071046  -4.9457943e+10
       20.087354   7.8038782e+10
       20.106072   5.5777645e+10
       20.123178  -4.2193813e+10
       20.141308  -2.8174355e+10
       20.158484  -3.1933143e+08
       20.177380   2.7595647e+10
       20.196461  -1.8475664e+10
       20.212144  -1.3164569e+11
       20.231288  -1.4487762e+11
       20.245997  -4.2672464e+10
       20.264748   1.9986677e+10
       20.282686  -2.3758935e+11
       20.298147  -9.3872095e+10
       20.317464  -1.4984914e+11
       20.333302  -5.5949171e+10
       20.352151  -3.3159634e+09
       20.369490   4.0766896e+10
       20.387151  -1.1312250e+11
       20.404409  -1.3091087e+11
       20.421553  -5.7373343e+10
       20.439898  -9.5708006e+10
       20.456245   9.6768541e+10
       20.475174  -3.0994103e+10
       20.492135  -4.1601436e+10
       20.510714   6.8391401e+10
       20.527976   5.2731603e+10
       20.544984  -2.3143299e+10
       20.564882   1.2662333e+11
       20.580268   3.8803323e+10
       20.599210  -5.4129558e+10
       20.616784   6.4800405e+10
       20.634004  -4.8693159e+10
       20.652685  -8.8764232e+09
       20.669974   9.8150269e+10
       20.688602   6.9183346e+10
       20.705526  -9.9220567e+10
       20.724653   4.5831393e+10
       20.741744   1.3557410e+10
       20.759662  -2.9005607e+10
       20.777991   1.8020477e+10
       20.794290  -8.9621443e+09
       20.814031   1.0530009e+11
       20.830247   1.0767058e+11
       20.850292  -1.2188758e+10
       20.868085   7.2907137e+10
       20.884857  -3.8318620e+09
       20.903724  -6.8487669e+10
       20.920251  -7.1120928e+10
       20.939681   1.5530537e+11
       20.956840  -5.3345433e+08
       20.974342   1.2089812e+11
       20.991162  -2.1114376e+10
       21.009907   3.6646545e+10
       21.028317  -1.5782565e+10
       21.045336   9.8844758e+10
       21.064042  -1.8430192e+11
       21.080485   3.3674143e+10
       21.098371  -6.6384802e+09
       21.117390  -3.8927471e+09
       21.133691  -8.0266147e+09
       21.153448  -4.4869693e+10
       21.170665   6.9827415e+10
       21.189274   2.4379259e+10
       21.207459   7.0201929e+10
       21.223714   5.5750306e+10
       21.242973  -3.2751070e+10
       21.261061  -1.1045014e+10
       21.280324  -4.6174829e+10
       21.299192   1.5460413e+11
       21.316564  -4.4133914e+10
       21.332790  -3.7965884e+10
       21.350433   1.6404870e+10
       21.367608  -8.2497644e+10
       21.384616  -2.4716156e+10
       21.403585  -1.3399025e+11
       21.419852   2.9663127e+09
       21.438808  -5.6413112e+10
       21.456435  -6.9322511e+10
       21.473567   2.7953663e+10
       21.492696   4.4264349e+10
       21.510123  -4.1053958e+10
       21.528211  -5.0632193e+10
       21.545736   2.9299579e+10
       21.563962   8.3366596e+10
       21.581768   2.5468395e+10
       21.599500   1.0529236e+11
       21.618378   5.0759654e+10
       21.634945  -1.0699342e+10
       21.653668   2.5953162e+10
       21.670824   2.2918525e+09
       21.688954   6.1245326e+10
       21.707740   3.0606031e+10
       21.724222   5.5024720e+10
       21.742888   1.5682490e+10
       21.760202   8.3054776e+10
       21.778273   1.7620732e+11
       21.795928   2.3061184e+10
       21.813928  -2.6817380e+10
       21.831944  -2.1644172e+10
       21.848968   4.5469594e+10
       21.867348   4.7090257e+10
       21.884224   1.4164479e+11
       21.902631  -4.4545100e+10
       21.919140  -9.1309276e+10
       21.936963  -9.3358134e+10
       21.955048  -1.6262246e+11
       21.972188   7.9739822e+10
       21.991064   8.6352412e+09
       22.007895   9.0732757e+10
       22.024352   6.9448464e+10
       22.041785  -8.6213158e+10
       22.058511   4.7366289e+10
       22.075690   2.0736838e+10
       22.092653  -1.4562575e+10
       22.110741   7.9230638e+10
       22.127540  -2.1625289e+10
       22.145582  -9.4988459e+10
       22.162445   1.7771615e+11
       22.180028  -8.5188173e+10
       22.198096  -3.6465152e+10
       22.215247  -1.0186479e+10
       22.234256  -1.4239237e+11
       22.251343  -1.4378201e+11
       22.269431   1.1436102e+09
       22.287286  -4.1687869e+10
       22.304536  -5.7022602e+10
       22.322328  -4.8303817e+10
       22.339732  -1.7252941e+10
       22.357803  -9.9908810e+10
       22.374845   1.1701495e+11
       22.392537  -1.2761479e+11
       22.410358   7.0265077e+10
       22.428111   1.8402150e+10
       22.446192   3.5372203e+10
       22.463411   2.6464985e+10
       22.481334   7.2616467e+10
       22.499405   4.9842921e+10
       22.517476   8.9019129e+10
       22.535472  -1.0431993e+11
       22.552790   2.6041493e+10
       22.571488   9.2649267e+10
       22.588794   1.4569251e+10
       22.606865  -1.7719948e+11
       22.624120   8.5611748e+10
       22.641496  -4.7675485e+10
       22.659560   3.2537954e+10
       22.677166   2.5128077e+09
       22.695254   2.4120241e+10
       22.712600  -2.6622164e+10
       22.731184  -2.5727660e+10
       22.748646  -5.9136600e+09
       22.766541  -9.6328428e+10
       22.783648  -2.5049247e+09
       22.799798  -3.6128267e+10
       22.819680   3.7000315e+10
       22.836856   6.5343904e+10
       22.855176  -7.8526125e+10
       22.873720   4.9033334e+09
       22.891444   6.2496011e+10
       22.909752  -3.6620735e+10
       22.927730   5.5405579e+10
       22.946864   8.3716670e+10
       22.964792   6.9851184e+09
       22.983150  -1.3690072e+11
       23.000808  -1.2145221e+10
       23.018634  -4.9252986e+10
       23.036705   1.0135047e+11
       23.053833   5.5042512e+08
       23.072820   7.3687733e+10
       23.088847   5.9018623e+10
       23.106070  -1.0737325e+10
       23.124864  -1.5037302e+10
       23.142114   9.9597941e+09
       23.159875   7.8031292e+10
       23.177644  -8.2901236e+10
       23.196378  -6.1270888e+10
       23.213952  -4.4777033e+10
       23.232098  -1.0402139e+11
       23.249984   3.6522891e+10
       23.266992  -2.2652406e+10
       23.283265   2.1530022e+10
       23.298396   7.0917719e+10
       23.318540   2.3912468e+10
       23.338879   1.2159875e+11
       23.357072  -9.6999222e+09
       23.376139   4.1581103e+10
       23.394358  -3.5246451e+09
       23.413104   8.4014036e+10
       23.430369  -1.0564320e+11
       23.448457  -4.2112000e+10
       23.465760   1.6305911e+10
       23.483046  -1.0086863e+11
       23.501176  -1.5082909e+11
       23.518184   1.3678341e+11
       23.535829   1.1621133e+11
       23.553216   9.3976070e+10
       23.570988  -5.0463224e+10
       23.588232   1.0995627e+11
       23.606147   2.4188464e+10
       23.623264  -1.6744505e+10
       23.640272  -1.2993910e+11
       23.658200   1.0068293e+10
       23.674145   3.8208507e+10
       23.690296  -6.6181656e+10
       23.707590  -3.1021294e+10
       23.725994   7.3085783e+10
       23.745128  -1.5606863e+10
       23.763820   8.0025057e+10
       23.781891   3.1073688e+10
       23.799962   4.9348901e+10
       23.818050   1.1590966e+11
       23.835408   1.3259858e+11
       23.852416   1.8035175e+11
       23.869453   4.3917457e+10
       23.885560   5.7047964e+09
       23.903439   3.9884361e+10
       23.918372  -5.6741462e+10
       23.931294  -3.1038612e+10
       23.945962   2.0560480e+10
       23.960520  -7.2423452e+10
       23.977245   9.2958996e+10
       23.992844  -3.7782846e+10
       24.009790   3.3016567e+10
       24.029041   6.0825296e+10
       24.048184   5.2532034e+10
       24.067800  -1.0804764e+10
       24.086271  -3.9645266e+10
       24.105068   1.2443705e+11
       24.123430  -4.5496390e+10
       24.142354   5.4978415e+10
       24.159656  -3.9084613e+10
       24.177660   1.6481330e+11
       24.195687  -1.1811759e+10
       24.212680   9.6397776e+09
       24.229704   6.2131487e+10
       24.246944  -2.0908096e+11
       24.264720  -8.9358566e+10
       24.281026  -1.0391900e+11
       24.297596  -1.5805931e+11
       24.316730   2.8909200e+10
       24.336431   3.5089766e+10
       24.357240  -3.4483278e+10
       24.375811  -2.4431102e+09
       24.392840  -5.3047901e+10
       24.410651   1.3447283e+10
       24.428722  -1.6490523e+10
       24.447740  -9.6368993e+10
       24.464888  -7.2938397e+10
       24.483896   8.3073000e+10
       24.501038  -6.9175581e+10
       24.519276  -1.8356825e+11
       24.537920  -2.2468980e+10
       24.555562  -2.6107558e+09
       24.573952   3.4421616e+10
       24.590525  -9.3909857e+10
       24.607483  -1.0175314e+11
       24.624992   2.2935110e+10
       24.642625   4.9400053e+10
       24.661402  -3.4200345e+09
       24.679784  -5.1156331e+10
       24.697040   7.7868126e+09
       24.716701  -4.5291402e+10
       24.736898   3.1305406e+09
       24.755085  -7.7701776e+10
       24.773242  -7.1020094e+09
       24.792110  -1.7551130e+10
       24.809492  -1.0216360e+11
       24.828128   2.5275633e+09
       24.845457  -1.3226721e+11
       24.863912   1.6945721e+10
       24.882175  -1.6287506e+11
       24.899184   6.3570987e+10
       24.916193   5.5691563e+10
       24.933214   2.7018057e+10
       24.950929  -6.5500410e+10
       24.969005   3.7234619e+09
       24.986251   1.3653703e+11
       25.004162   7.4639831e+10
       25.023190   9.1838128e+10
       25.041323   1.4164237e+11
       25.059394  -3.5966492e+10
       25.077320   9.1123718e+10
       25.094549   1.5785171e+11
       25.112607  -4.5310113e+09
       25.130678   4.8266975e+10
       25.149164  -9.3585768e+10
       25.167376   2.7981600e+10
       25.183860   4.7911852e+10
       25.200986   1.6597187e+11
       25.219700   9.1154745e+10
       25.239547  -2.4988104e+10
       25.258196   9.6524913e+10
       25.277102   1.8316280e+10
       25.295319   5.0364605e+10
       25.312440   7.9031167e+10
       25.331527   1.2155274e+11
       25.349598  -8.0344518e+09
       25.367686   5.5353369e+10
       25.385532   1.8987750e+10
       25.402811   3.0976736e+10
       25.420899  -1.0325423e+11
       25.438970   1.7539289e+10
       25.457041  -9.7349130e+08
       25.475138   5.1306508e+10
       25.493207   3.1460842e+10
       25.510619   1.1170186e+11
       25.528376   9.2284551e+10
       25.546434   7.1369053e+10
       25.563662  -4.7471008e+10
       25.581606  -7.9972750e+10
       25.599677  -3.3024837e+10
       25.617704   3.3105257e+10
       25.634728   4.2651283e+10
       25.651907   5.2433671e+10
       25.669978   3.8343674e+10
       25.688061  -4.0948266e+10
       25.705760  -5.4580443e+10
       25.723191   3.8771640e+10
       25.741279  -7.9470864e+10
       25.759350   3.9602635e+09
       25.776195   1.2890961e+11
       25.792832   6.6340404e+10
       25.809840  -9.8447772e+09
       25.828454   8.1156647e+10
       25.847606  -1.1700153e+11
       25.865810   2.2471955e+10
       25.884874  -4.1149682e+10
       25.900969  -9.4347250e+10
       25.919040   5.7799914e+09
       25.937111  -7.6574813e+10
       25.955199  -5.6294664e+09
       25.973265  -2.2495065e+10
       25.991324   1.4022044e+10
       26.009419   5.9137233e+10
       26.027500  -8.3487368e+10
       26.045008  -7.4655914e+09
       26.061405   5.6440524e+10
       26.077350   8.3282084e+09
       26.092542  -1.2328281e+10
       26.109072  -1.0024944e+11
       26.126960  -1.0736394e+11
       26.143145   2.1425515e+10
       26.161112  -1.6964188e+10
       26.178050   1.4768273e+11
       26.194128   2.9750770e+10
       26.210955  -3.6692220e+10
       26.227160   3.6161650e+10
       26.244163   1.9280853e+10
       26.261176   4.8703031e+10
       26.277735  -1.0805616e+11
       26.294192   6.3888142e+10
       26.311792   9.2701750e+10
       26.329224   6.9644629e+10
       26.346934   7.0487920e+10
       26.365022   1.0854684e+10
       26.383093   8.5329959e+10
       26.401164   5.1112440e+10
       26.419252   4.4245832e+10
       26.437323   1.8235241e+10
       26.455394   4.0824369e+09
       26.473336   7.9283642e+10
       26.490557   3.7198634e+10
       26.508914   1.8194280e+09
       26.527723   4.5477086e+10
       26.545783   1.1651577e+11
       26.563444   8.7512737e+10
       26.581518   3.7687706e+10
       26.598891   1.1686333e+11
       26.615544   7.8797589e+10
       26.633291  -1.2816332e+11
       26.651349   2.2633773e+09
       26.670279   1.1362621e+11
       26.687608   4.9227973e+10
       26.705592  -3.7662316e+10
       26.723702   2.6886774e+10
       26.742648   6.0347549e+10
       26.759822  -2.8537661e+10
       26.777893  -1.5899060e+10
       26.796274  -3.3295334e+09
       26.814696   1.2800037e+11
       26.832116  -1.1095749e+11
       26.850202   3.0527165e+09
       26.868282   7.7419644e+10
       26.885744   2.3269090e+11
       26.903441  -2.5348368e+10
       26.920776  -9.9146382e+10
       26.937784   6.9851191e+10
       26.955671  -2.4625034e+10
       26.974668  -2.7828858e+10
       26.991824  -1.1884556e+11
       27.009795  -1.0480354e+11
       27.025972   2.4638298e+10
       27.043864   7.8340097e+10
       27.060888  -5.2180954e+10
       27.078202  -2.5955964e+10
       27.095898  -2.0349030e+10
       27.112912  -3.1911830e+10
       27.129920  -6.2358842e+10
       27.147495  -4.2805285e+10
       27.165591  -6.4514477e+10
       27.183662  -5.8598871e+10
       27.201733   3.3493754e+10
       27.219821  -1.1886151e+11
       27.237016  -1.2820389e+11
       27.254024  -1.8638723e+10
       27.272048   7.0353256e+10
       27.289056  -6.6144292e+10
       27.306322  -3.8951595e+10
       27.325474  -8.2261092e+10
       27.344352   2.7793348e+10
       27.362423  -8.7631236e+10
       27.380128  -2.7301219e+10
       27.397582  -5.8128389e+10
       27.415644  -2.6851054e+10
       27.433734  -2.8178677e+10
       27.451812   1.1936109e+10
       27.469883   1.3654505e+11
       27.487971   1.2350853e+11
       27.506042  -3.7506666e+10
       27.523224  -3.9979711e+10
       27.542154  -1.6505494e+10
       27.559256  -3.2523377e+10
       27.576422   1.1844245e+10
       27.595288   7.1825227e+10
       27.612296   1.0953118e+11
       27.629035   7.5023287e+10
       27.645328  -2.3088281e+10
       27.662732  -6.5989150e+10
       27.680344  -2.9710925e+08
       27.698414  -9.8092119e+10
       27.716952   3.1518608e+10
       27.734378  -1.7863180e+10
       27.752834  -2.2375115e+10
       27.771192   1.7975252e+10
       27.788424   2.3973804e+10
       27.806351  -9.5464021e+09
       27.824406   3.4503690e+10
       27.842464   8.7241933e+10
       27.859581   5.7393643e+09
       27.877808   2.0155019e+11
       27.896723   3.0840936e+09
       27.914811   1.3048002e+10
       27.932536   4.5453501e+10
       27.949953   4.3472499e+10
       27.968041   5.3598446e+10
       27.986112  -3.3920751e+09
       28.004173   1.0497278e+11
       28.022265  -2.4261499e+10
       28.039616   6.8674630e+10
       28.057413   6.3483754e+10
       28.074648   1.0309279e+11
       28.093488   3.9397073e+10
       28.111643   1.1175688e+11
       28.128731   2.7427487e+10
       28.146802   3.2647597e+10
       28.165042  -5.6839922e+10
       28.183961  -5.5057144e+10
       28.202032  -8.5090430e+09
       28.220103  -1.7073315e+10
       28.238191   2.9459236e+10
       28.256576   5.5309622e+10
       28.274637   9.1474233e+10
       28.292421  -5.8357519e+10
       28.310481   1.7368387e+10
       28.328559   5.0016689e+10
       28.345848   5.5085966e+10
       28.363722   1.5708961e+09
       28.382722   7.2006617e+10
       28.401874   5.4585007e+10
       28.419952   7.1561439e+10
       28.437904   5.2334020e+10
       28.454928  -5.9922962e+10
       28.472178   7.0577411e+10
       28.489933   1.1608746e+10
       28.507341   7.6996824e+09
       28.524976  -1.8647682e+10
       28.542483  -1.7492974e+10
       28.560571  -2.6107186e+09
       28.579268   3.2881023e+10
       28.597701  -5.7387722e+10
       28.614291   5.5491363e+10
       28.631872  -3.8881977e+09
       28.649943  -9.4318293e+10
       28.668031  -4.7038525e+10
       28.686096  -1.7035756e+10
       28.703173  -1.1107300e+11
       28.721394  -7.0844472e+10
       28.740332  -4.8417968e+09
       28.758403   1.2890604e+10
       28.776491  -1.0202394e+11
       28.793790  -7.7509390e+10
       28.811082   3.3054221e+10
       28.829721   2.3623946e+09
       28.847216   5.5997075e+10
       28.864863  -2.9902005e+10
       28.883654   4.7743806e+10
       28.902009  -3.6530462e+10
       28.920090   5.1350402e+10
       28.937288   1.9256942e+11
       28.954296  -2.2717120e+10
       28.972323   2.8865851e+10
       28.990328   9.5905551e+10
       29.007482  -5.2350994e+10
       29.025344   9.5539725e+10
       29.042914   7.1189973e+10
       29.061712   9.1573040e+10
       29.079384   8.2644523e+10
       29.096871  -7.4412717e+10
       29.114416   1.0773245e+11
       29.131424   5.5648834e+10
       29.149101   9.9967212e+10
       29.167172  -2.1061136e+10
       29.185230   3.0082668e+10
       29.201643   8.8735893e+09
       29.219387  -3.4750789e+10
       29.237472   3.6973605e+10
       29.253560   1.5344594e+11
       29.271617   4.0863557e+10
       29.289544  -2.5247764e+10
       29.306776   7.3933545e+10
       29.324813   2.8442409e+10
       29.342584  -2.3957381e+10
       29.360021   6.3107979e+10
       29.377616  -2.2048573e+10
       29.395163  -2.8009865e+10
       29.413251  -9.7702096e+10
       29.431322   1.6845175e+10
       29.448664  -6.3846869e+09
       29.466481  -7.0956808e+10
       29.484537   7.4543301e+10
       29.501703   9.9435593e+09
       29.519711   1.4213163e+10
       29.537782  -1.4684391e+11
       29.555853  -1.8612149e+10
       29.573768   2.3508763e+10
       29.591248  -1.8760052e+10
       29.610083  -8.1702436e+10
       29.628171  -2.2389231e+10
       29.646242  -9.5796250e+09
       29.663824   3.9384692e+10
       29.681954   6.0790019e+10
       29.699856   4.6025282e+10
       29.716864   8.9802861e+10
       29.734631   1.8199496e+10
       29.752702   1.0304594e+10
       29.770758   6.4397166e+10
       29.787927   5.6492542e+10
       29.805932   8.9760078e+09
       29.822944  -8.8483615e+10
       29.840091   3.4472215e+10
       29.857976   9.0264610e+10
       29.875233   4.8474762e+09
       29.893321   2.6193000e+10
       29.911392   4.2368619e+10
       29.929463  -1.5505745e+10
       29.947048   7.8155746e+10
       29.964622  -6.9269247e+10
       29.982693   2.4386524e+10
       30.000769   5.0881714e+10
       30.018092   9.2872323e+10
       30.035923  -4.6229630e+09
       30.053128   2.9238718e+09
       30.072011   8.2793268e+10
       30.089144   6.9671740e+10
       30.106241   1.8570098e+11
       30.124176  -2.0290196e+10
       30.141383  -1.1779532e+11
       30.159208   5.6778497e+10
       30.176542   2.1263644e+10
       30.194613   2.9678451e+09
       30.212701   1.1382327e+11
       30.230256   8.8637212e+10
       30.247264  -6.2257526e+10
       30.264920  -7.1946720e+10
       30.282997   1.0196840e+09
       30.301073  -7.2386731e+10
       30.319161  -1.0790886e+11
       30.336336   9.2484782e+10
       30.354287  -4.9804914e+10
       30.371391  -9.5017468e+08
       30.389376   4.9625294e+10
       30.406384   3.8207264e+10
       30.423621  -6.6200056e+10
       30.441692   5.1532375e+10
       30.459424  -9.8261925e+09
       30.476851  -1.2628949e+11
       30.494456   1.5549512e+10
       30.511993   2.1348138e+10
       30.529488   1.3164749e+09
       30.547152  -8.0709138e+10
       30.564504  -1.1796266e+11
       30.582298  -2.6064373e+10
       30.600379  -3.2322480e+10
       30.617544  -5.5801300e+10
       30.635541   1.3769490e+11
       30.652596   1.0388300e+11
       30.670683   1.1521856e+10
       30.688771  -2.7456435e+10
       30.706616   1.6221343e+10
       30.723913   8.7451048e+10
       30.741648   6.3969640e+10
       30.759072   6.4595534e+10
       30.776664   1.0310551e+11
       30.794231  -5.1250931e+10
       30.812302  -2.4096577e+09
       30.830373  -1.1027290e+11
       30.847728  -1.6659262e+10
       30.865532   8.0397423e+10
       30.882744   8.1020414e+10
       30.901614   5.9257290e+10
       30.918776   1.3306965e+09
       30.935816  -6.1762362e+10
       30.953906   5.5957190e+10
       30.971992   2.0415716e+10
       30.989824   7.2697028e+10
       31.007151   7.5039868e+10
       31.025222  -1.2753900e+11
       31.042864  -9.8219679e+09
       31.059888   6.2959082e+09
       31.076896   5.1925931e+09
       31.094523  -2.5185490e+10
       31.112611  -8.6559782e+10
       31.130682   1.5657161e+10
       31.148753   4.2104720e+10
       31.166841  -2.4436755e+10
       31.183976  -2.0376234e+10
       31.200984   1.6277432e+11
       31.220070   1.5133648e+11
       31.238127  -3.2304606e+10
       31.256024   8.8852021e+10
       31.273301   1.1976212e+10
       31.291372  -4.9402333e+10
       31.309064  -7.4618757e+10
       31.326531  -3.4016788e+09
       31.344602   7.9868620e+10
       31.362673   2.7098735e+10
       31.380761   8.1094492e+10
       31.398136  -4.7445133e+10
       31.415903   9.9538565e+10
       31.433991   1.2942491e+11
       31.451162   6.2877025e+10
       31.469132   3.2168704e+09
       31.488208   2.7936057e+10
       31.505215  -4.3778984e+10
       31.522210   2.5711503e+10
       31.539248   1.1242243e+11
       31.556522  -1.1771981e+11
       31.574593  -4.8230412e+10
       31.592681   5.9492343e+08
       31.610296   9.4191925e+10
       31.627823   4.6582676e+10
       31.645901   6.0966467e+10
       31.663976  -7.6188702e+10
       31.682053   7.5955639e+10
       31.700141   8.1728231e+10
       31.717376   5.3059432e+10
       31.734384   3.7259968e+09
       31.753299   3.7049876e+10
       31.771416   1.2203352e+11
       31.788513   1.7594264e+10
       31.806293   6.1444638e+09
       31.822659   2.2716685e+11
       31.840743   7.6231892e+10
       31.858488   1.1988575e+11
       31.876308   2.3069758e+11
       31.894504   1.0880627e+10
       31.912061   3.5591153e+10
       31.930132   2.9304340e+10
       31.948203   9.1898090e+10
       31.965556  -3.8374535e+10
       31.983358   6.9982678e+09
       32.001433   2.4523729e+11
       32.019521   1.1151955e+11
       32.037592   7.5956192e+10
       32.054662   7.3110918e+10
       32.072736   6.5099780e+10
       32.090653   1.0593099e+10
       32.107876   8.3515766e+10
       32.125969   1.1166604e+11
       32.143696   1.2776123e+11
       32.161123   1.3524595e+11
       32.179211   1.3067671e+11
       32.197282   5.5503616e+10
       32.214744   2.1624732e+11
       32.231768   5.4972913e+10
       32.249512   1.8816353e+11
       32.268382   1.0610092e+11
       32.285808   2.5995566e+11
       32.303742   2.5538337e+11
       32.320824   1.6987564e+11
       32.338901   1.2225262e+11
       32.356972   2.0378041e+11
       32.374864   1.3376983e+11
       32.392127   3.4100515e+11
       32.409885   3.2093252e+11
       32.427273   1.1660307e+11
       32.445361   1.4646895e+11
       32.462936   1.4361549e+11
       32.480503   2.4236103e+11
       32.497968   2.7911394e+11
       32.514976   2.0049040e+11
       32.532733   1.9246945e+11
       32.550008   2.7915997e+11
       32.567892   2.9524663e+11
       32.585963   2.5795023e+11
       32.604051   2.4131831e+11
       32.622056   3.6244732e+11
       32.639193   2.0288622e+11
       32.657088   3.1196091e+11
       32.673836   1.5584316e+11
       32.690411   2.7180469e+11
       32.708511   2.6722480e+11
       32.726582   4.5378857e+11
       32.744653   2.7356108e+11
       32.762741   4.7390088e+11
       32.780812   2.9883875e+11
       32.798883   3.7346962e+11
       32.816971   2.7245433e+11
       32.834203   3.4019640e+11
       32.852111   3.9416193e+11
       32.870201   2.3631882e+11
       32.888272   2.5239915e+11
       32.906264   3.2702790e+11
       32.923431   2.9316940e+11
       32.941296   4.2634624e+11
       32.958573   3.8732042e+11
       32.976655   3.4140671e+11
       32.994722   3.2132244e+11
       33.012344   3.9250505e+11
       33.029882   4.5679976e+11
       33.047369   3.4716924e+11
       33.065033   4.4590317e+11
       33.082408   4.6025816e+11
       33.100968   3.0240995e+11
       33.119263   4.7174577e+11
       33.136448   5.2398422e+11
       33.153456   4.2296173e+11
       33.171464   4.8897512e+11
       33.188581   4.4133518e+11
       33.206496   4.8496158e+11
       33.223719   5.1997751e+11
       33.241517   5.2399722e+11
       33.258876   3.8853217e+11
       33.276943   5.3720058e+11
       33.295041   2.9496994e+11
       33.313648   5.7623343e+11
       33.332183   4.9587173e+11
       33.350271   4.2584236e+11
       33.368342   6.1755960e+11
       33.385624   6.5773847e+11
       33.403501   6.8414135e+11
       33.421572   5.9861184e+11
       33.439643   6.1295932e+11
       33.457688   6.2558497e+11
       33.474802   6.4509783e+11
       33.492873   6.6633237e+11
       33.510961   5.8252369e+11
       33.529032   6.4336406e+11
       33.547103   7.5930882e+11
       33.565169   7.1166159e+11
       33.582751   8.1210745e+11
       33.600333   8.8327858e+11
       33.618421   7.0131251e+11
       33.636492   6.1405683e+11
       33.654563   8.3159888e+11
       33.671848   6.4274368e+11
       33.689722   7.7590591e+11
       33.706864   6.2493400e+11
       33.724881   9.0963410e+11
       33.741952   7.1044485e+11
       33.760023   8.6599200e+11
       33.778111   7.8045612e+11
       33.796182   8.8950796e+11
       33.814253   8.7285178e+11
       33.832341   8.3208746e+11
       33.849969   8.6536926e+11
       33.867474   9.1587094e+11
       33.885008   8.6305143e+11
       33.902016   8.4811555e+11
       33.919713   1.0294900e+12
       33.937048   9.8183548e+11
       33.954872   1.0013390e+12
       33.972064   1.1103874e+12
       33.990031   1.0041832e+12
       34.008102   9.7891309e+11
       34.026104   1.0276897e+12
       34.043261   9.6797898e+11
       34.061332   1.0908019e+12
       34.079144   9.8803938e+11
       34.096491   1.0368151e+12
       34.114176   1.1028102e+12
       34.131633   1.1464187e+12
       34.149200   1.1641970e+12
       34.166209   1.1027613e+12
       34.183863   9.2078375e+11
       34.201248   1.1055973e+12
       34.219788   9.9077789e+11
       34.238093   1.2048646e+12
       34.257074   1.0556046e+12
       34.275252   1.1370948e+12
       34.292323   1.2134187e+12
       34.310328   1.2656343e+12
       34.327336   1.1628671e+12
       34.344553   1.2374679e+12
       34.362368   1.4102242e+12
       34.379712   1.2781815e+12
       34.397783   1.2907884e+12
       34.415408   1.2310706e+12
       34.432933   1.3246119e+12
       34.451006   1.3027774e+12
       34.469101   1.4135388e+12
       34.487172   1.3865375e+12
       34.505243   1.2717127e+12
       34.522488   1.4547981e+12
       34.540402   1.4381279e+12
       34.557504   1.4507318e+12
       34.576561   1.5511591e+12
       34.594536   1.5534301e+12
       34.611544   1.3852206e+12
       34.628791   1.6544051e+12
       34.646576   1.5258014e+12
       34.663584   1.3145403e+12
       34.681021   1.5320631e+12
       34.698616   1.7030904e+12
       34.716163   1.6536984e+12
       34.734241   1.6680214e+12
       34.752316   1.5962425e+12
       34.770393   1.5416834e+12
       34.788481   1.7454280e+12
       34.805696   1.6994784e+12
       34.823623   1.6121999e+12
       34.841711   1.6316870e+12
       34.858736   1.6666715e+12
       34.875853   1.8480276e+12
       34.893941   1.7607482e+12
       34.912012   1.6751901e+12
       34.930083   1.8376029e+12
       34.947808   1.9053047e+12
       34.964816   1.9075687e+12
       34.982313   1.9029443e+12
       35.000401   2.0171396e+12
       35.017846   2.0831175e+12
       35.034859   1.8219106e+12
       35.052631   2.0428704e+12
       35.070702   2.0382443e+12
       35.087022   2.0008995e+12
       35.104860   1.9824971e+12
       35.122932   2.0639711e+12
       35.141003   1.9921848e+12
       35.158968   1.8084672e+12
       35.176162   1.9226587e+12
       35.194229   2.0816224e+12
       35.212309   2.1269329e+12
       35.230392   1.9242711e+12
       35.248024   2.0453494e+12
       35.265048   2.1526517e+12
       35.282056   2.2289567e+12
       35.299054   1.9195282e+12
       35.316776   2.2231401e+12
       35.334096   2.2925560e+12
       35.352742   2.0675056e+12
       35.370128   2.1782499e+12
       35.387136   2.1254012e+12
       35.406153   2.2981372e+12
       35.424241   2.2177359e+12
       35.442312   2.3319225e+12
       35.460184   2.1550868e+12
       35.477734   2.1780059e+12
       35.496542   2.2663611e+12
       35.514224   2.3547160e+12
       35.531701   2.2691467e+12
       35.549772   2.3850532e+12
       35.567264   2.3442554e+12
       35.584931   2.4946022e+12
       35.602285   2.5863995e+12
       35.620838   2.4302251e+12
       35.638328   2.6322317e+12
       35.656232   2.5948762e+12
       35.674303   2.5661305e+12
       35.690391   2.6320963e+12
       35.708462   2.4862524e+12
       35.726682   2.6624265e+12
       35.745621   2.7180591e+12
       35.763692   2.9734456e+12
       35.781763   2.8293224e+12
       35.799851   2.9400588e+12
       35.817456   2.7408302e+12
       35.834993   2.6896952e+12
       35.853674   3.0604561e+12
       35.871496   2.9593819e+12
       35.888493   2.7584299e+12
       35.907090   2.9810958e+12
       35.924536   3.0332807e+12
       35.942453   2.9632015e+12
       35.959568   2.9447832e+12
       35.977612   2.8936457e+12
       35.995584   3.0922011e+12
       36.012608   2.8912474e+12
       36.029842   2.9141559e+12
       36.047913   3.1764252e+12
       36.066001   3.3267632e+12
       36.083656   3.0035441e+12
       36.101896   3.0471155e+12
       36.119451   3.1457918e+12
       36.136302   3.2737417e+12
       36.153704   3.1451099e+12
       36.170728   3.1835144e+12
       36.188518   3.4113407e+12
       36.206601   3.3412566e+12
       36.224691   3.3245555e+12
       36.242762   3.3354059e+12
       36.259784   3.3720863e+12
       36.276808   3.2055681e+12
       36.293992   3.5470460e+12
       36.311824   3.3529743e+12
       36.329151   3.3500474e+12
       36.347222   3.4332208e+12
       36.365293   3.6317695e+12
       36.382888   3.7028885e+12
       36.400452   3.4003278e+12
       36.418523   3.4559476e+12
       36.436611   3.9110768e+12
       36.454682   3.6326235e+12
       36.472739   3.5367042e+12
       36.489966   3.5372184e+12
       36.507912   3.5136235e+12
       36.524984   3.6054038e+12
       36.543134   3.6679099e+12
       36.562016   3.8888412e+12
       36.579024   3.8497468e+12
       36.596301   4.0482917e+12
       36.614056   3.7457272e+12
       36.631443   3.8926103e+12
       36.649974   4.0102191e+12
       36.668096   3.8350833e+12
       36.685673   3.9836874e+12
       36.703128   3.7723889e+12
       36.720832   3.8658877e+12
       36.738144   3.9559421e+12
       36.755991   3.8651843e+12
       36.774047   3.9345738e+12
       36.792132   4.3277033e+12
       36.810221   4.1852838e+12
       36.828292   4.3786580e+12
       36.846363   4.4394361e+12
       36.864248   4.3693406e+12
       36.881522   4.1442622e+12
       36.899593   4.2084834e+12
       36.917288   4.3054232e+12
       36.934296   4.6382793e+12
       36.951181   4.3942574e+12
       36.968803   4.4946403e+12
       36.986982   4.3539392e+12
       37.005053   4.3165591e+12
       37.022368   4.3566702e+12
       37.040212   4.4742715e+12
       37.057370   4.6400892e+12
       37.075370   4.5872101e+12
       37.092442   4.6583159e+12
       37.110513   4.5554970e+12
       37.128754   4.7299240e+12
       37.147672   4.6822092e+12
       37.165464   4.7808661e+12
       37.182831   4.7486494e+12
       37.200496   4.8008110e+12
       37.218442   4.6308313e+12
       37.236528   5.0532277e+12
       37.254132   4.8367528e+12
       37.272203   4.9302417e+12
       37.289568   4.9565719e+12
       37.307362   5.1172190e+12
       37.324584   5.1762665e+12
       37.341608   5.1371588e+12
       37.359575   5.0636099e+12
       37.377663   5.1002702e+12
       37.395751   5.1713710e+12
       37.413656   5.1012652e+12
       37.431122   5.0673216e+12
       37.449688   5.4604398e+12
       37.467052   5.1199754e+12
       37.485116   5.1721320e+12
       37.503202   5.4739820e+12
       37.520736   5.1696792e+12
       37.538353   5.4043692e+12
       37.556441   5.3807560e+12
       37.573776   5.4690734e+12
       37.591583   5.5694448e+12
       37.609671   5.3770723e+12
       37.626816   5.3172949e+12
       37.644796   5.7448496e+12
       37.662901   5.8434981e+12
       37.680972   5.8956512e+12
       37.698864   6.0425153e+12
       37.716131   5.8432528e+12
       37.733896   5.9556758e+12
       37.751273   5.7443581e+12
       37.768928   5.7207411e+12
       37.785936   6.1724017e+12
       37.803503   5.9145885e+12
       37.821591   5.9546854e+12
       37.839662   5.9276226e+12
       37.856984   6.2001915e+12
       37.874821   6.0215905e+12
       37.892892   5.9686965e+12
       37.910963   6.1913258e+12
       37.928051   6.2434750e+12
       37.946041   6.2956234e+12
       37.963193   6.4855334e+12
       37.981281   6.3465371e+12
       37.999352   6.2092620e+12
       38.017423   6.6092578e+12
       38.035511   6.5305314e+12
       38.053582   6.7875987e+12
       38.071128   6.5039505e+12
       38.088726   6.6783605e+12
       38.106780   6.7666686e+12
       38.124170   6.5312360e+12
       38.141971   6.8520171e+12
       38.160042   7.1865736e+12
       38.177224   6.8512628e+12
       38.195201   7.1203822e+12
       38.213272   6.8091791e+12
       38.231405   6.8871529e+12
       38.250288   7.1838238e+12
       38.267502   7.3599523e+12
       38.285304   6.8972099e+12
       38.302661   7.2920352e+12
       38.320732   6.8688987e+12
       38.338337   7.2585568e+12
       38.355883   7.2332076e+12
       38.373376   7.5143776e+12
       38.391022   7.3340452e+12
       38.409104   7.9733959e+12
       38.427188   7.4762106e+12
       38.445263   7.2269963e+12
       38.462448   7.7406384e+12
       38.480422   7.6309073e+12
       38.498493   7.6761581e+12
       38.516487   8.0658136e+12
       38.533482   7.6977782e+12
       38.550723   7.7189197e+12
       38.568811   7.7831119e+12
       38.586882   7.9161843e+12
       38.604953   8.1026391e+12
       38.623041   8.1375560e+12
       38.641112   8.1139233e+12
       38.659183   8.2383844e+12
       38.676608   8.3542355e+12
       38.694342   8.2307246e+12
       38.712413   8.2294770e+12
       38.729648   8.4400385e+12
       38.747572   8.8296895e+12
       38.765610   8.4254877e+12
       38.783731   8.4724560e+12
       38.801800   8.7415645e+12
       38.819691   8.9831204e+12
       38.837194   8.8578855e+12
       38.855736   8.7550361e+12
       38.873103   8.7830602e+12
       38.890768   9.1623772e+12
       38.908262   8.9906460e+12
       38.925784   8.8877954e+12
       38.942808   9.1155734e+12
       38.959816   9.0540508e+12
       38.977563   9.0028600e+12
       38.994848   9.3873412e+12
       39.011856   9.2621028e+12
       39.028864   9.5329294e+12
       39.045888   9.2217124e+12
       39.063952   9.5441991e+12
       39.082023   9.4740643e+12
       39.100108   9.6088503e+12
       39.118169   9.3527363e+12
       39.136253   9.4375826e+12
       39.154341   9.8547795e+12
       39.172412   9.8741884e+12
       39.189984   9.8178279e+12
       39.208134   1.0019771e+13
       39.226016   9.8084278e+12
       39.243713   1.0084417e+13
       39.261801   1.0164095e+13
       39.279872   1.0262716e+13
       39.297064   1.0092700e+13
       39.314088   1.0265367e+13
       39.331102   9.8800974e+12
       39.349104   1.0400612e+13
       39.366128   1.0335639e+13
       39.383133   1.0324048e+13
       39.400390   1.0324510e+13
       39.418168   1.0554002e+13
       39.435176   1.0478695e+13
       39.452633   1.0286290e+13
       39.470721   1.0479619e+13
       39.488792   1.0574791e+13
       39.506863   1.1050531e+13
       39.524248   1.0973500e+13
       39.542022   1.1091058e+13
       39.560093   1.0853879e+13
       39.578181   1.0959383e+13
       39.596236   1.1116546e+13
       39.614323   1.1037792e+13
       39.632328   1.1506642e+13
       39.649482   1.1157529e+13
       39.667344   1.1543721e+13
       39.684636   1.1408139e+13
       39.702701   1.1525694e+13
       39.720783   1.1400444e+13
       39.738871   1.1536941e+13
       39.756942   1.1626943e+13
       39.775013   1.1648064e+13
       39.793101   1.1553809e+13
       39.811172   1.1710969e+13
       39.829243   1.2226309e+13
       39.846488   1.2138942e+13
       39.863496   1.1807046e+13
       39.880504   1.2542805e+13
       39.898561   1.2185079e+13
       39.916632   1.2283688e+13
       39.934703   1.2160156e+13
       39.952791   1.2663441e+13
       39.970571   1.2345320e+13
       39.987922   1.2490423e+13
       40.006021   1.2792230e+13
       40.024092   1.2565375e+13
       40.042163   1.2965336e+13
       40.059648   1.2741925e+13
       40.077322   1.3050619e+13
       40.094664   1.3076900e+13
       40.112481   1.3223723e+13
       40.129696   1.3096744e+13
       40.147623   1.3090306e+13
       40.165711   1.3268125e+13
       40.183782   1.3421835e+13
       40.201853   1.3563490e+13
       40.219941   1.3472672e+13
       40.238012   1.3678042e+13
       40.255784   1.3631995e+13
       40.273527   1.3561841e+13
       40.291807   1.3746545e+13
       40.309313   1.3883033e+13
       40.326848   1.3635509e+13
       40.344472   1.3832267e+13
       40.362543   1.3882652e+13
       40.379888   1.4160345e+13
       40.397702   1.4229672e+13
       40.415773   1.4035529e+13
       40.433861   1.4666235e+13
       40.452928   1.4458316e+13
       40.470944   1.4582746e+13
       40.488091   1.4676180e+13
       40.506162   1.4995199e+13
       40.524233   1.4370549e+13
       40.542321   1.4720564e+13
       40.560386   1.4937982e+13
       40.578015   1.5382707e+13
       40.595551   1.5514024e+13
       40.613056   1.5140788e+13
       40.630064   1.5389201e+13
       40.647088   1.5060737e+13
       40.664852   1.5641501e+13
       40.682104   1.5586838e+13
       40.699128   1.5704377e+13
       40.716136   1.5480955e+13
       40.733153   1.5724201e+13
       40.751167   1.5624764e+13
       40.768162   1.5862843e+13
       40.785184   1.5549875e+13
       40.802471   1.6006651e+13
       40.820542   1.5967483e+13
       40.838613   1.6014417e+13
       40.856686   1.5856429e+13
       40.874756   1.5968799e+13
       40.892843   1.6370469e+13
       40.910920   1.6088495e+13
       40.928291   1.6278355e+13
       40.945304   1.6569814e+13
       40.962328   1.6420435e+13
       40.979336   1.7123457e+13
       40.996344   1.7178998e+13
       41.013391   1.7076113e+13
       41.031376   1.7117877e+13
       41.048533   1.7140699e+13
       41.066621   1.7197961e+13
       41.084416   1.7411927e+13
       41.101763   1.7083455e+13
       41.119851   1.7576388e+13
       41.137914   1.7499331e+13
       41.155985   1.7589310e+13
       41.174081   1.7429596e+13
       41.191496   1.7903585e+13
       41.208504   1.7458014e+13
       41.226298   1.7606541e+13
       41.243534   1.8049533e+13
       41.260500   1.8103348e+13
       41.278540   1.7984960e+13
       41.296612   1.8002612e+13
       41.314584   1.8294065e+13
       41.331771   1.8497695e+13
       41.349616   1.8567006e+13
       41.366913   1.8197202e+13
       41.385001   1.9025925e+13
       41.403072   1.8688838e+13
       41.421143   1.8508455e+13
       41.438679   1.8574322e+13
       41.456901   1.8750397e+13
       41.474704   1.9074566e+13
       41.492461   1.8821857e+13
       41.511328   1.8686245e+13
       41.528744   1.9165395e+13
       41.546691   1.9766809e+13
       41.564762   1.9787900e+13
       41.582831   1.9419814e+13
       41.600891   1.9516675e+13
       41.618816   1.9637642e+13
       41.636063   1.9855043e+13
       41.653848   1.9982899e+13
       41.671588   2.0408664e+13
       41.689864   1.9870096e+13
       41.707381   1.9677655e+13
       41.725443   1.9957047e+13
       41.742898   1.9983302e+13
       41.759928   2.0514109e+13
       41.776936   2.0239010e+13
       41.793944   2.0451242e+13
       41.810968   2.0386229e+13
       41.828912   2.0217893e+13
       41.845984   2.0213150e+13
       41.864008   2.0706071e+13
       41.881142   2.0337980e+13
       41.899213   2.1137421e+13
       41.917301   2.0889871e+13
       41.935056   2.1148596e+13
       41.952443   2.0947540e+13
       41.970531   2.0806755e+13
       41.988602   2.0994876e+13
       42.006673   2.1088286e+13
       42.024750   2.1161031e+13
       42.042827   2.1380147e+13
       42.060903   2.1282411e+13
       42.078168   2.2102514e+13
       42.096062   2.1431343e+13
       42.114133   2.1839881e+13
       42.132221   2.1649155e+13
       42.150276   2.1303446e+13
       42.168363   2.1779142e+13
       42.186248   2.1643520e+13
       42.203788   2.1606053e+13
       42.222264   2.2036975e+13
       42.239681   2.1868634e+13
       42.257752   2.1622801e+13
       42.275304   2.1804029e+13
       42.293494   2.1904323e+13
       42.311326   2.2412735e+13
       42.329048   2.2253002e+13
       42.347141   2.2373959e+13
       42.365212   2.2351987e+13
       42.383283   2.2543546e+13
       42.400408   2.2490577e+13
       42.418442   2.2699356e+13
       42.436424   2.2939131e+13
       42.453601   2.2882717e+13
       42.471456   2.2614495e+13
       42.488460   2.2370380e+13
       42.505820   2.3095764e+13
       42.523902   2.3023852e+13
       42.541973   2.2958826e+13
       42.559528   2.3253704e+13
       42.577132   2.3422874e+13
       42.595862   2.3049606e+13
       42.614279   2.2497247e+13
       42.631573   2.3322507e+13
       42.649433   2.3476177e+13
       42.667521   2.2903154e+13
       42.684616   2.3394340e+13
       42.702663   2.3367197e+13
       42.720751   2.3526032e+13
       42.738656   2.3293968e+13
       42.755893   2.3488965e+13
       42.773981   2.4288392e+13
       42.791696   2.3587937e+13
       42.808691   2.4025739e+13
       42.826193   2.3359723e+13
       42.843736   2.3862961e+13
       42.861353   2.3401866e+13
       42.878768   2.3564143e+13
       42.896500   2.3683369e+13
       42.914580   2.4045400e+13
       42.932671   2.3692791e+13
       42.949816   2.3598486e+13
       42.967813   2.3664328e+13
       42.985901   2.3793885e+13
       43.003856   2.3806344e+13
       43.021043   2.3663820e+13
       43.039131   2.4062012e+13
       43.056896   2.4095134e+13
       43.074273   2.3634036e+13
       43.092361   2.3744649e+13
       43.110432   2.3999911e+13
       43.127944   2.4306834e+13
       43.145591   2.3955944e+13
       43.163662   2.4068278e+13
       43.180984   2.4213330e+13
       43.198793   2.4165515e+13
       43.216888   2.4198635e+13
       43.234963   2.4123268e+13
       43.252051   2.4135723e+13
       43.270056   2.4706113e+13
       43.287064   2.4189907e+13
       43.304281   2.3952668e+13
       43.322096   2.3932403e+13
       43.339423   2.4244489e+13
       43.357511   2.3853990e+13
       43.375136   2.4035201e+13
       43.392653   2.3689473e+13
       43.410741   2.3972284e+13
       43.428812   2.4143162e+13
       43.446184   2.3759549e+13
       43.463971   2.3692788e+13
       43.482028   2.4097861e+13
       43.499222   2.4144753e+13
       43.516218   2.3890291e+13
       43.534255   2.3949236e+13
       43.552264   2.3787762e+13
       43.569288   2.4254827e+13
       43.586502   2.4098519e+13
       43.604304   2.3875051e+13
       43.621661   2.3961548e+13
       43.639732   2.4006716e+13
       43.657344   2.4578822e+13
       43.674891   2.4002339e+13
       43.692376   2.4047506e+13
       43.709384   2.4013459e+13
       43.727109   2.3879536e+13
       43.745188   2.4096904e+13
       43.763263   2.4136904e+13
       43.781336   2.4350828e+13
       43.799421   2.3946545e+13
       43.816493   2.3767847e+13
       43.834581   2.4191857e+13
       43.852652   2.3897783e+13
       43.870504   2.3800019e+13
       43.887811   2.3569660e+13
       43.905536   2.3762917e+13
       43.922953   2.3284586e+13
       43.940568   2.3582886e+13
       43.958112   2.3693486e+13
       43.975584   2.3521674e+13
       43.993271   2.3317143e+13
       44.010616   2.3281370e+13
       44.028413   2.3212878e+13
       44.046501   2.3406134e+13
       44.063641   2.3501234e+13
       44.081643   2.3449962e+13
       44.098731   2.3364249e+13
       44.116696   2.3345695e+13
       44.133870   2.3492454e+13
       44.151948   2.3069224e+13
       44.170032   2.3679208e+13
       44.188103   2.3491894e+13
       44.206191   2.3073829e+13
       44.223776   2.2914067e+13
       44.241177   2.2911009e+13
       44.259307   2.2684088e+13
       44.277492   2.2465777e+13
       44.295563   2.2814011e+13
       44.312848   2.2602587e+13
       44.330722   2.2739012e+13
       44.347849   2.2951205e+13
       44.365881   2.2440149e+13
       44.383952   2.2865873e+13
       44.401904   2.2725050e+13
       44.419111   2.2117560e+13
       44.437182   2.2255705e+13
       44.454944   2.2462731e+13
       44.472335   2.2413175e+13
       44.489967   2.2206915e+13
       44.507483   2.2407051e+13
       44.525008   2.2505589e+13
       44.542642   2.2199450e+13
       44.560013   2.1765882e+13
       44.577797   2.1814480e+13
       44.595872   2.1909572e+13
       44.613943   2.1949559e+13
       44.632031   2.1462607e+13
       44.649085   2.1840111e+13
       44.667172   2.1461645e+13
       44.685246   2.1653170e+13
       44.703332   2.1508899e+13
       44.721403   2.1343964e+13
       44.739491   2.1308180e+13
       44.757562   2.1162187e+13
       44.775633   2.1162565e+13
       44.793721   2.1119893e+13
       44.811792   2.1101328e+13
       44.829224   2.1509825e+13
       44.846951   2.0699130e+13
       44.865022   2.1109349e+13
       44.882264   2.0923747e+13
       44.900181   2.0856965e+13
       44.917281   2.0452665e+13
       44.935306   2.0831886e+13
       44.953328   2.0238164e+13
       44.970482   2.0364248e+13
       44.988344   2.0535103e+13
       45.005641   2.0108417e+13
       45.023712   2.0050242e+13
       45.041384   2.0283090e+13
       45.058871   2.0266244e+13
       45.076942   1.9534758e+13
       45.094424   1.9988024e+13
       45.112101   1.9625051e+13
       45.129456   2.0102424e+13
       45.146464   1.9887544e+13
       45.163488   1.9646834e+13
       45.181402   1.9445730e+13
       45.199473   1.9360001e+13
       45.216593   1.9715110e+13
       45.235522   1.9546723e+13
       45.252703   1.9273293e+13
       45.270568   1.9032581e+13
       45.287862   1.9082890e+13
       45.305933   1.9405279e+13
       45.324021   1.8980310e+13
       45.341616   1.9051283e+13
       45.359163   1.8643534e+13
       45.377251   1.8886709e+13
       45.395322   1.8732096e+13
       45.413393   1.8933942e+13
       45.430675   1.8569242e+13
       45.448550   1.8397408e+13
       45.465704   1.8277235e+13
       45.483711   1.7950419e+13
       45.501735   1.8419177e+13
       45.518832   1.8467761e+13
       45.536728   1.7834424e+13
       45.554248   1.8146478e+13
       45.572784   1.7549302e+13
       45.590171   1.7952623e+13
       45.607816   1.7656801e+13
       45.625313   1.7443636e+13
       45.643401   1.7459501e+13
       45.660856   1.7430592e+13
       45.678543   1.7682372e+13
       45.695888   1.7388272e+13
       45.713702   1.7262929e+13
       45.731773   1.6844842e+13
       45.749861   1.7311875e+13
       45.767932   1.6783578e+13
       45.785944   1.7147288e+13
       45.803089   1.6755031e+13
       45.820963   1.6667571e+13
       45.838233   1.7020949e+13
       45.856008   1.6118972e+13
       45.873392   1.6777147e+13
       45.891463   1.6281567e+13
       45.909551   1.6309482e+13
       45.927622   1.6134197e+13
       45.945693   1.6124226e+13
       45.963781   1.6243408e+13
       45.981852   1.6298873e+13
       45.999923   1.6218299e+13
       46.018011   1.6156667e+13
       46.036082   1.5989991e+13
       46.053153   1.5778543e+13
       46.071241   1.5604978e+13
       46.089310   1.5715547e+13
       46.107171   1.5622918e+13
       46.124208   1.5647385e+13
       46.141542   1.5575419e+13
       46.159613   1.5143550e+13
       46.177248   1.5515866e+13
       46.194772   1.5552386e+13
       46.212843   1.5251390e+13
       46.230931   1.4926286e+13
       46.249002   1.4935253e+13
       46.267073   1.4871895e+13
       46.284328   1.4935967e+13
       46.302232   1.4920826e+13
       46.320303   1.4435572e+13
       46.337368   1.4065693e+13
       46.354462   1.4493111e+13
       46.372384   1.4174892e+13
       46.389617   1.4450771e+13
       46.407680   1.4130830e+13
       46.425424   1.4082969e+13
       46.442851   1.3831908e+13
       46.460922   1.4143949e+13
       46.478464   1.4340614e+13
       46.496081   1.3636660e+13
       46.513496   1.3711061e+13
       46.531223   1.3675252e+13
       46.549311   1.3716934e+13
       46.566536   1.3756894e+13
       46.584453   1.3459336e+13
       46.601568   1.3358090e+13
       46.619612   1.3363608e+13
       46.637584   1.3026443e+13
       46.654771   1.3243770e+13
       46.672838   1.3275118e+13
       46.690613   1.2784693e+13
       46.708001   1.3225882e+13
       46.725656   1.2611471e+13
       46.743143   1.2689312e+13
       46.761231   1.2767154e+13
       46.779292   1.2903544e+13
       46.797367   1.2371788e+13
       46.814728   1.2676936e+13
       46.832532   1.2365600e+13
       46.849744   1.2369393e+13
       46.867691   1.2323247e+13
       46.885762   1.2134173e+13
       46.902817   1.2218901e+13
       46.920921   1.1645816e+13
       46.938816   1.2221319e+13
       46.956063   1.1837656e+13
       46.973843   1.2135913e+13
       46.991211   1.1697145e+13
       47.008864   1.1718156e+13
       47.025888   1.1685784e+13
       47.043452   1.1011098e+13
       47.061523   1.1786354e+13
       47.078928   1.1295924e+13
       47.096682   1.1373761e+13
       47.113918   1.1208792e+13
       47.131837   1.1138535e+13
       47.148976   1.1283529e+13
       47.166983   1.0815484e+13
       47.185008   1.0767612e+13
       47.202142   1.1043480e+13
       47.220213   1.0788965e+13
       47.238048   1.1025226e+13
       47.255361   1.0794818e+13
       47.273422   1.0602295e+13
       47.291531   1.0845444e+13
       47.309602   1.0637422e+13
       47.327673   1.0332966e+13
       47.345128   1.0612277e+13
       47.362832   1.0311265e+13
       47.380144   1.0439037e+13
       47.397991   1.0017483e+13
       47.415162   1.0212413e+13
       47.433132   1.0033664e+13
       47.451221   1.0232038e+13
       47.469216   1.0130779e+13
       47.486363   9.7384983e+12
       47.504451   9.9110411e+12
       47.522248   9.4946516e+12
       47.539570   9.5518181e+12
       47.557674   9.8604001e+12
       47.575287   9.6489306e+12
       47.592823   9.5476703e+12
       47.610911   9.0916733e+12
       47.628982   9.2504380e+12
       47.647053   8.9769747e+12
       47.665141   9.3458261e+12
       47.683212   9.3496080e+12
       47.700384   9.2242380e+12
       47.718371   8.8526188e+12
       47.736416   9.0165481e+12
       47.753497   8.9083976e+12
       47.771448   8.9638394e+12
       47.788672   8.7730313e+12
       47.806464   9.0471693e+12
       47.823488   8.5860034e+12
       47.840895   8.7154909e+12
       47.858495   8.6951622e+12
       47.875477   8.5990646e+12
       47.893091   8.4891902e+12
       47.910544   8.3224888e+12
       47.928291   8.2298345e+12
       47.945576   8.0682987e+12
       47.963433   8.1185715e+12
       47.981521   8.0982415e+12
       47.999592   8.1950085e+12
       48.016663   7.9783670e+12
       48.034751   7.7858340e+12
       48.052822   7.8774342e+12
       48.070664   8.0671895e+12
       48.087981   7.9056522e+12
       48.106052   7.8405476e+12
       48.124123   7.8219374e+12
       48.142203   7.6517893e+12
       48.159729   7.6159584e+12
       48.177343   7.3597084e+12
       48.195435   7.2601625e+12
       48.213512   7.4447499e+12
       48.231583   7.4709109e+12
       48.249671   6.9598008e+12
       48.267742   7.3097017e+12
       48.284824   7.4254073e+12
       48.302901   7.3310261e+12
       48.320972   7.2039259e+12
       48.339043   6.9993345e+12
       48.356888   7.0048299e+12
       48.374202   6.9242237e+12
       48.391904   6.9934332e+12
       48.409354   7.2245130e+12
       48.426920   7.0664151e+12
       48.444495   6.7567788e+12
       48.462591   6.5056915e+12
       48.480662   6.8297593e+12
       48.497984   6.8576389e+12
       48.515821   6.3740778e+12
       48.533892   6.2917475e+12
       48.551963   6.5038829e+12
       48.570051   6.2183537e+12
       48.588122   6.4081023e+12
       48.606193   6.2017854e+12
       48.624088   6.4707470e+12
       48.641352   6.2644297e+12
       48.659423   6.0942746e+12
       48.677511   6.2237516e+12
       48.695582   6.2412966e+12
       48.713039   6.0108700e+12
       48.730636   6.1300142e+12
       48.748806   5.9219735e+12
       48.766184   5.6708819e+12
       48.783971   5.7590290e+12
       48.801216   5.7455762e+12
       48.819113   5.6443001e+12
       48.836248   5.5464680e+12
       48.853272   5.6242817e+12
       48.871264   5.8002506e+12
       48.888431   5.4148400e+12
       48.906296   5.5098733e+12
       48.923573   5.4378701e+12
       48.941328   5.3641450e+12
       48.958732   5.2542569e+12
       48.976803   5.2717983e+12
       48.994891   5.1446898e+12
       49.012367   5.2156134e+12
       49.029378   5.1367208e+12
       49.047121   5.1749259e+12
       49.064416   5.3009536e+12
       49.082263   5.0188616e+12
       49.099448   5.0708422e+12
       49.117422   5.0539413e+12
       49.134493   4.9233867e+12
       49.152488   4.6757346e+12
       49.169652   4.8809740e+12
       49.187504   4.8399639e+12
       49.204528   4.8816110e+12
       49.221536   4.8233802e+12
       49.238953   4.7220986e+12
       49.256568   4.6208171e+12
       49.274112   4.8381094e+12
       49.291584   4.4010327e+12
       49.309260   4.5959385e+12
       49.326612   4.5910891e+12
       49.344413   4.7291674e+12
       49.362501   4.6244405e+12
       49.379656   4.5179911e+12
       49.397643   4.2031767e+12
       49.415731   4.2964818e+12
       49.433802   4.1383710e+12
       49.451873   4.0353648e+12
       49.469961   4.0081276e+12
       49.488032   4.2615797e+12
       49.506103   4.2808364e+12
       49.524191   3.9005839e+12
       49.542262   4.1316490e+12
       49.560314   4.0613598e+12
       49.577796   4.0788940e+12
       49.595481   3.9913842e+12
       49.612820   3.8659896e+12
       49.630651   3.8146422e+12
       49.648722   3.9251644e+12
       49.666793   3.8927584e+12
       49.684881   3.6554318e+12
       49.702896   3.9467658e+12
       49.720023   3.8609764e+12
       49.737928   3.7304146e+12
       49.755182   3.7358921e+12
       49.773253   3.6346039e+12
       49.790968   3.5574241e+12
       49.808412   3.4526915e+12
       49.826483   3.4839984e+12
       49.844008   3.3654894e+12
       49.861642   3.4742870e+12
       49.879713   3.3299469e+12
       49.897036   3.3715854e+12
       49.914869   3.4097794e+12
       49.932943   3.3291535e+12
       49.950088   3.3294628e+12
       49.968102   3.2781109e+12
       49.986173   3.2870296e+12
       50.004128   3.3235008e+12
       50.021332   3.1929351e+12
       50.039403   3.0072646e+12
       50.057168   2.9559119e+12
       50.074176   3.0715949e+12
       50.091633   3.0133534e+12
       50.109208   2.9447799e+12
       50.126792   3.0380760e+12
       50.144224   2.9006208e+12
       50.161951   3.0869060e+12
       50.180009   2.7738040e+12
       50.197261   2.8481569e+12
       50.215181   2.7881922e+12
       50.232296   2.9658661e+12
       50.250323   2.8456299e+12
       50.268328   2.9492567e+12
       50.285482   2.7756373e+12
       50.303344   2.6312920e+12
       50.320641   2.8020771e+12
       50.338712   2.5320238e+12
       50.356384   2.6545915e+12
       50.373871   2.6307873e+12
       50.391942   2.4588886e+12
       50.409424   2.4850224e+12
       50.427101   2.5473187e+12
       50.444456   2.2962063e+12
       50.462243   2.3877763e+12
       50.480317   2.2554834e+12
       50.497494   2.4882589e+12
       50.515473   2.4902831e+12
       50.533528   2.3097729e+12
       50.550630   2.3565692e+12
       50.568531   2.2208309e+12
       50.585791   2.2349087e+12
       50.603576   2.2472639e+12
       50.620933   2.0633083e+12
       50.638608   2.2185914e+12
       50.656092   2.2516102e+12
       50.673624   2.2415784e+12
       50.691251   2.1437234e+12
       50.708656   2.1974059e+12
       50.726393   2.0719978e+12
       50.743688   1.9620880e+12
       50.761537   2.0071598e+12
       50.778703   1.9592422e+12
       50.796711   1.8734401e+12
       50.813736   1.8375761e+12
       50.830853   1.9119215e+12
       50.848768   1.9552705e+12
       50.866012   1.8195286e+12
       50.884083   1.7629995e+12
       50.902171   1.8786729e+12
       50.920242   1.8014791e+12
       50.937824   1.7570036e+12
       50.955401   1.7641889e+12
       50.973472   1.7593195e+12
       50.991543   1.8336630e+12
       51.008888   1.6669233e+12
       51.026702   1.7309342e+12
       51.043904   1.8087211e+12
       51.061845   1.6058183e+12
       51.079932   1.7679839e+12
       51.096971   1.6132970e+12
       51.115091   1.7134696e+12
       51.133162   1.5915008e+12
       51.151233   1.7588316e+12
       51.169321   1.5507615e+12
       51.187016   1.6319908e+12
       51.204463   1.4704146e+12
       51.222048   1.7238460e+12
       51.239622   1.4537820e+12
       51.257693   1.4988479e+12
       51.275781   1.5594122e+12
       51.293852   1.5476510e+12
       51.311104   1.4136259e+12
       51.329011   1.4483592e+12
       51.347066   1.2971135e+12
       51.365153   1.2423009e+12
       51.383241   1.3493585e+12
       51.401165   1.3565383e+12
       51.418315   1.4222667e+12
       51.436471   1.3950059e+12
       51.454216   1.3160839e+12
       51.471613   1.3301510e+12
       51.489701   1.2891134e+12
       51.507256   1.2997360e+12
       51.524843   1.3206906e+12
       51.542288   1.2176595e+12
       51.560002   1.1783429e+12
       51.577304   1.1131957e+12
       51.595161   1.2391931e+12
       51.612336   1.1551032e+12
       51.630303   1.2122190e+12
       51.648374   1.0506380e+12
       51.666462   1.2265730e+12
       51.684533   1.0408829e+12
       51.702408   1.0015649e+12
       51.719692   9.9496488e+11
       51.737763   1.0365813e+12
       51.755851   1.0368692e+12
       51.773456   1.0457667e+12
       51.790993   1.0408879e+12
       51.809081   1.0291210e+12
       51.827152   9.5019479e+11
       51.844504   9.4014928e+11
       51.862311   9.6626632e+11
       51.880382   9.4761028e+11
       51.897544   8.1013446e+11
       51.915541   1.0807782e+12
       51.932596   9.1747160e+11
       51.950582   8.8848262e+11
       51.967757   8.4743955e+11
       51.985616   9.9754057e+11
       52.002913   9.3583256e+11
       52.020648   8.5862641e+11
       52.038072   8.4341261e+11
       52.055656   8.9191347e+11
       52.073223   8.7497752e+11
       52.090677   7.0478106e+11
       52.107693   8.2044022e+11
       52.125461   7.5700905e+11
       52.142736   7.4868215e+11
       52.160603   6.6975210e+11
       52.177768   8.7323390e+11
       52.195729   8.4596415e+11
       52.212832   8.2558230e+11
       52.230906   7.6214993e+11
       52.248992   7.6243195e+11
       52.266824   6.1461980e+11
       52.284454   7.8882601e+11
       52.302856   6.5651167e+11
       52.320293   7.1017561e+11
       52.338381   6.0024743e+11
       52.356452   6.4013479e+11
       52.374523   7.1618444e+11
       52.392611   7.4229549e+11
       52.410682   6.3581031e+11
       52.428753   6.7397486e+11
       52.445968   7.1730554e+11
       52.463912   6.4698225e+11
       52.481983   6.9720037e+11
       52.499070   5.5110793e+11
       52.517002   7.4253155e+11
       52.534024   5.9643845e+11
       52.551301   5.5711085e+11
       52.569056   5.7116551e+11
       52.586443   4.7673252e+11
       52.604088   5.5794594e+11
       52.621602   5.5994585e+11
       52.639104   5.2750510e+11
       52.656761   5.7255545e+11
       52.674832   5.6250061e+11
       52.692903   5.0939500e+11
       52.710991   5.3894656e+11
       52.728162   4.4967808e+11
       52.746132   4.0173795e+11
       52.764221   4.9500378e+11
       52.782292   4.1090078e+11
       52.800222   4.3872908e+11
       52.817437   4.8377768e+11
       52.835522   3.9795208e+11
       52.853593   4.3266789e+11
       52.871288   4.5532961e+11
       52.888752   5.0554324e+11
       52.906823   4.1627282e+11
       52.924911   4.2515777e+11
       52.942960   3.6688337e+11
       52.961043   4.9630929e+11
       52.979128   4.2942465e+11
       52.997209   4.2969846e+11
       53.015283   4.6613456e+11
       53.032408   3.9924934e+11
       53.050442   3.7024818e+11
       53.068424   3.6191110e+11
       53.085446   3.4151993e+11
       53.102659   3.7451102e+11
       53.120464   3.9200371e+11
       53.137831   3.0789711e+11
       53.155496   3.0816919e+11
       53.172973   2.3611611e+11
       53.190528   4.2753262e+11
       53.208132   3.4170297e+11
       53.225544   2.3693088e+11
       53.243291   3.5429983e+11
       53.260551   3.2013030e+11
       53.278428   3.6345162e+11
       53.295608   3.6716648e+11
       53.313592   2.3484106e+11
       53.330663   3.0227013e+11
       53.348751   2.7843205e+11
       53.366819   3.0108814e+11
       53.384652   2.9102561e+11
       53.401981   2.7924111e+11
       53.420046   2.4334785e+11
       53.438113   3.5038232e+11
       53.456211   1.5606281e+11
       53.473727   2.4071060e+11
       53.491346   2.5819929e+11
       53.509441   1.6892263e+11
       53.527512   2.8973233e+11
       53.544784   2.5383775e+11
       53.562671   2.4032953e+11
       53.580742   1.8893637e+11
       53.598813   2.8563700e+11
       53.615901   1.8602706e+11
       53.633972   1.4324345e+11
       53.652043   3.5015299e+11
       53.670127   1.8510561e+11
       53.688185   2.1464641e+11
       53.706262   2.7173938e+11
       53.724361   3.0472409e+11
       53.741936   2.7399352e+11
       53.759503   2.8975738e+11
       53.777591   2.1081004e+11
       53.795662   2.5929196e+11
       53.813733   2.7161122e+11
       53.831821   2.4949007e+11
       53.849892   2.2909052e+11
       53.867963   2.4485326e+11
       53.886051   1.9001312e+11
       53.904026   2.6088023e+11
       53.921193   2.0603947e+11
       53.939281   9.6094038e+10
       53.957348   1.8073677e+11
       53.975093   1.9133234e+11
       53.992128   1.5371131e+11
       54.009582   2.5385170e+11
       54.027653   1.8695567e+11
       54.045741   1.3727994e+11
       54.063812   2.5980607e+11
       54.081184   9.6476201e+10
       54.098971   2.2589031e+11
       54.117042   1.7621359e+11
       54.134224   1.7647535e+11
       54.153154   1.1818839e+11
       54.170255   3.0742471e+09
       54.188343  -2.9382977e+10
       54.206288   1.5857881e+11
       54.223502   8.6514690e+10
       54.241573   1.4360211e+11
       54.259323   1.9207949e+11
       54.276722   1.5273325e+11
       54.294803   1.5299337e+11
       54.312368   1.9630413e+11
       54.329952   1.5006926e+11
       54.347378   1.1933241e+11
       54.365121   2.0569319e+11
       54.382416   1.2329529e+11
       54.399424   1.2699836e+11
       54.417351   9.9705081e+10
       54.435422   9.1353627e+10
       54.452493   1.3982875e+11
       54.470579   6.2596257e+10
       54.488638   1.4551148e+11
       54.506504  -3.3320978e+10
       54.523811   1.6324765e+11
       54.541876   1.1967195e+10
       54.559535   1.7390659e+10
       54.577041   1.5885401e+11
       54.595112   1.4016879e+11
       54.613183   7.4988766e+10
       54.630608   1.1657424e+11
       54.648342   1.3577298e+11
       54.666413   5.5094217e+10
       54.684501   9.1513078e+10
       54.702572   7.6270827e+10
       54.720626   1.0235695e+11
       54.737731   9.2280652e+10
       54.755802   1.0803428e+11
       54.773873   4.6296690e+10
       54.791961   5.5162108e+10
       54.810032  -2.3796068e+10
       54.828103   1.2799667e+11
       54.845761   1.0069906e+11
       54.863253   7.8567113e+10
       54.881333   6.6767123e+10
       54.899421   1.1696002e+11
       54.917492   2.9390665e+10
       54.935563   2.6200258e+10
       54.953651   1.2677773e+10
       54.971722   1.8341134e+11
       54.990722   1.8350233e+10
       55.008881   4.4433747e+10
       55.026881   1.3423170e+11
       55.044140   1.3942662e+10
       55.063097  -1.8523139e+10
       55.081178   7.6440352e+10
       55.099241   7.4970377e+10
       55.117341   2.7005840e+10
       55.135405   7.8918226e+10
       55.153474   3.9563216e+10
       55.171008   9.1475488e+10
       55.188642   4.5232034e+10
       55.206024   8.1645511e+10
       55.223801   9.3950726e+10
       55.241056   5.2872815e+10
       55.258064   4.2791145e+10
       55.276031   1.0331248e+11
       55.293096  -3.7643292e+10
       55.310104   1.1242266e+11
       55.327261   1.1611671e+11
       55.345136   6.1261564e+10
       55.362144   5.6344915e+10
       55.379168   1.0825509e+11
       55.396176   2.7381837e+11
       55.413184   2.7817977e+10
       55.430712   9.6947858e+10
       55.448209   2.4701241e+11
       55.465224   1.1343637e+10
       55.482248   1.0458132e+11
       55.500022   2.2172247e+10
       55.517264   5.1694498e+10
       55.535181   3.3000165e+10
       55.553252  -6.1463588e+10
       55.571306  -7.8335317e+09
       55.589411   3.0298377e+10
       55.607480   2.7101329e+10
       55.625331   3.4236246e+10
       55.642641  -2.0621606e+10
       55.660712   1.1049863e+11
       55.678384  -4.0793090e+10
       55.695871   1.0238119e+11
       55.713933   1.1640334e+11
       55.732006   6.6710472e+10
       55.749448   3.7681936e+10
       55.767172   3.7927390e+10
       55.784464   7.0891111e+10
       55.802331  -2.1852790e+10
       55.820402  -4.9160216e+10
       55.838473  -7.5868914e+09
       55.856528   5.6372793e+10
       55.873632  -8.2866642e+10
       55.891544  -7.9178334e+10
       55.908791   4.6773669e+10
       55.926576   1.0728840e+11
       55.943584  -7.8433939e+09
       55.961021  -1.2765651e+10
       55.978616   1.0457533e+11
       55.996163   5.3157883e+10
       56.013638   2.9292865e+10
       56.031316  -1.2200226e+11
       56.048664  -8.9041079e+10
       56.066481   1.6433911e+11
       56.083696  -1.1064843e+10
       56.101623   1.3038328e+11
       56.118728  -2.2634479e+10
       56.136736   2.5824063e+10
       56.153853   6.2228276e+10
       56.171765   8.1412318e+10
       56.188999   4.2047182e+10
       56.207083   6.2952685e+10
       56.224808  -4.5293480e+10
       56.242242   1.0131937e+11
       56.259824   1.2911246e+11
       56.277401  -1.5205032e+09
       56.295462   7.7932948e+10
       56.312859   2.3068435e+10
       56.329888   1.4698604e+10
       56.347702  -1.4335895e+10
       56.364904   7.7171051e+10
       56.382861   2.4028122e+10
       56.399936   1.7379424e+10
       56.417944   9.8553735e+10
       56.435087   2.3597322e+09
       56.452950  -8.8668592e+10
       56.470233  -2.1270962e+10
       56.488008   1.3541287e+09
       56.505392   7.3917498e+10
       56.523024   1.5681284e+11
       56.540551   1.5845247e+10
       56.558056   1.0917085e+10
       56.575693   1.4598873e+10
       56.593769   5.2721182e+10
       56.611848  -5.2084809e+10
       56.629923  -5.0125536e+10
       56.648011  -8.2606665e+10
       56.666082   6.0558169e+10
       56.683153  -1.4974086e+10
       56.701241  -7.1564029e+10
       56.719176   8.3654477e+10
       56.736383   2.0175893e+10
       56.754467   1.0080082e+10
       56.772531   1.7218619e+11
       56.790224   4.1548218e+10
       56.807701  -8.2201602e+10
       56.825772   4.1350043e+09
       56.843843  -1.7127605e+11
       56.861931   8.5540730e+10
       56.879990   1.8616799e+10
       56.897300   1.6350154e+11
       56.915161  -8.2512890e+10
       56.933232   5.3761412e+10
       56.950344   1.1082249e+11
       56.968391   1.1179535e+10
       56.986462  -1.0051796e+11
       57.004533   1.0635864e+11
       57.022408   5.8375887e+10
       57.039692   5.6887379e+10
       57.057424  -4.9644696e+10
       57.074851  -2.5302960e+10
       57.092456   4.2044644e+09
       57.109993   4.9209936e+10
       57.128081   3.3944660e+10
       57.145475   8.9281950e+10
       57.163213  -5.1691547e+10
       57.180515  -3.5960888e+10
       57.198379   4.1762222e+10
       57.216453   4.5438182e+10
       57.233568   2.1561832e+10
       57.250612  -3.3311310e+10
       57.268584   7.5407577e+10
       57.285771  -4.4902541e+10
       57.303616  -2.0563100e+10
       57.320913   1.5830344e+10
       57.338648   4.1891708e+10
       57.356072   1.1125937e+10
       57.374143  -5.5802477e+10
       57.392231  -2.6297542e+10
       57.409696  -3.6399511e+10
       57.427373   5.1590527e+09
       57.444728   2.6053399e+10
       57.462518  -6.8428172e+10
       57.480601  -1.3093897e+10
       57.497768   4.5684484e+10
       57.515762   2.1805385e+10
       57.533784  -5.0290515e+10
       57.550921  -3.4563182e+10
       57.568992  -1.6159903e+09
       57.586824   6.7493528e+10
       57.604151   9.6996576e+10
       57.622222   1.4567755e+10
       57.640293  -1.9644578e+10
       57.657888  -5.6402064e+09
       57.675452   1.5251887e+10
       57.693523   1.7033633e+09
       57.711611  -1.8733194e+10
       57.729682   1.2270005e+11
       57.746944  -3.8942925e+10
       57.765698   8.5269987e+10
       57.782975   8.8940917e+10
       57.800983   5.6449209e+10
       57.819038   6.7008136e+10
       57.837127  -6.0195148e+10
       57.855024   5.3684639e+10
       57.872301  -2.9157962e+09
       57.890372  -9.5779294e+09
       57.908443   1.9922268e+10
       57.926531  -6.9397066e+10
       57.944559  -2.9565037e+10
       57.962636   6.7093600e+10
       57.980761   5.5264844e+10
       57.998136  -8.2271957e+10
       58.015903   1.5559211e+11
       58.033991   1.1167125e+10
       58.051162   9.0604771e+10
       58.069132  -7.6207029e+10
       58.086221  -1.5711729e+10
       58.104216  -3.4334352e+09
       58.121363  -3.2483845e+10
       58.139451   6.7617533e+10
       58.157256  -5.7866468e+10
       58.174593  -1.8036408e+10
       58.192288   7.3454404e+10
       58.209752  -8.9794701e+09
       58.227304  -9.3135517e+10
       58.244901   3.2795308e+10
       58.262976   5.4657229e+09
       58.280344  -2.1864010e+10
       58.298141  -5.9525821e+10
       58.316212   9.5774391e+09
       58.333384   1.0795494e+11
       58.351355   1.4261766e+11
       58.368442   2.4019961e+10
       58.386424   1.0465525e+10
       58.403601  -3.4085264e+10
       58.421449  -5.9694156e+10
       58.438718   7.6860504e+09
       58.456831  -4.3753271e+10
       58.474496   5.8067103e+10
       58.491973   7.2064156e+10
       58.510061  -1.8982134e+10
       58.528132  -3.7703809e+10
       58.545544   1.5899338e+10
       58.563291   3.8506132e+10
       58.581362  -1.4656439e+10
       58.599433   4.5058130e+09
       58.617521  -2.2826495e+10
       58.635575   7.3826505e+10
       58.653663   7.9212141e+10
       58.671751   5.1879401e+10
       58.689822  -1.2840341e+09
       58.707893  -2.1729175e+10
       58.725981   7.7644161e+09
       58.744052   8.8918349e+10
       58.762123  -2.9682533e+10
       58.780211  -6.7348269e+10
       58.798282  -2.5801292e+10
       58.816353  -1.1512821e+11
       58.834441  -5.8083103e+10
       58.852512  -7.6807358e+10
       58.871382   2.6235600e+09
       58.889671  -5.2263256e+10
       58.907742   1.3391196e+10
       58.925813   4.4605046e+10
       58.942885  -1.3943392e+11
       58.960972   5.3649817e+10
       58.979043  -9.5949172e+10
       58.997131  -9.5732092e+10
       59.015202   9.1793562e+08
       59.033273  -1.6085697e+10
       59.050928   8.2392884e+09
       59.068432  -6.0425313e+10
       59.086503  -3.3823702e+09
       59.103968  -1.5220284e+10
       59.120976  -6.1499000e+10
       59.138733  -1.9954679e+10
       59.156821   3.1921846e+10
       59.174016   1.4917109e+10
       59.191024  -2.1030018e+10
       59.208051  -5.1811010e+10
       59.226041  -6.1928065e+10
       59.243064  -1.1853988e+11
       59.260088  -4.6713444e+09
       59.277096  -5.6117360e+10
       59.294423  -4.2421297e+09
       59.312128  -2.1247754e+10
       59.329136   3.4071252e+10
       59.346653  -4.3205651e+10
       59.364168  -1.0273012e+10
       59.381176  -5.8275792e+10
       59.398184  -3.5675762e+10
       59.415971  -5.7848264e+10
       59.433216  -5.9741103e+09
       59.451113   3.7289795e+10
       59.468248   1.5116892e+10
       59.486256  -2.0832529e+10
       59.503261  -2.7507691e+10
       59.520402  -4.9680993e+10
       59.538296   2.8022708e+10
       59.555573  -2.3425450e+10
       59.573328  -7.1429495e+10
       59.590732   5.4490456e+10
       59.608344   1.5096064e+10
       59.625891  -2.0854214e+10
       59.643962   2.0686214e+10
       59.662033  -6.3481171e+10
       59.680121  -6.3269358e+10
       59.697416   5.0595646e+10
       59.715263  -3.5294152e+10
       59.733351  -4.0248799e+10
       59.750456  -1.0375256e+11
       59.768410  -7.2545179e+10
       59.786487   5.1568912e+09
       59.803638  -4.1127025e+10
       59.821504  -5.8136678e+10
       59.838811  -3.3817708e+10
       59.856882  -6.4603803e+10
       59.874544  -4.7173380e+10
       59.891568  -9.0786106e+09
       59.908576   3.7625948e+10
       59.926183  -3.1045163e+10
       59.944271  -2.3947192e+10
       59.961616  -7.3676304e+10
       59.979413   2.2966415e+10
       59.996648  -1.2491807e+11
       60.014572   2.1663067e+10
       60.031664  -3.8398689e+10
       60.049688   1.0818239e+11
       60.066802   1.4627570e+11
       60.084850   5.0051080e+10
       60.102629   3.6483640e+10
       60.120032   8.1464662e+10
       60.138103  -6.1502137e+09
       60.156191   4.0552779e+10
       60.174262  -5.2228415e+10
       60.191784  -3.3078235e+10
       60.209421   1.0180339e+10
       60.227492  -2.7496489e+10
       60.245563  -2.2122864e+10
       60.263651  -1.1662650e+11
       60.281722   1.9620628e+10
       60.298864  -9.3825706e+10
       60.316881  -1.1083868e+11
       60.333952   6.8458663e+10
       60.351904  -7.1035293e+09
       60.369108   4.3042033e+10
       60.387169  -1.0140132e+11
       60.405253  -7.0198453e+10
       60.423322   9.2211371e+09
       60.440949   1.1619278e+11
       60.457984   3.0297723e+10
       60.475439   3.7391984e+10
       60.493552  -1.0188603e+11
       60.511713   1.3695250e+10
       60.529048   8.7349893e+09
       60.546872   2.4438692e+10
       60.564064   3.1532161e+10
       60.582031  -5.7807587e+10
       60.599096   2.8498704e+10
       60.616173  -6.4285520e+10
       60.634128   9.9665660e+09
       60.651332  -8.7709033e+09
       60.669140  -7.0559066e+10
       60.686157  -1.7195368e+11
       60.703562  -4.7130180e+09
       60.721184  -3.8949164e+10
       60.738208   7.7498474e+09
       60.755792   5.6170574e+10
       60.773224  -7.4499213e+10
       60.790951  -1.4024366e+10
       60.809022  -7.9257509e+10
       60.826264  -4.1169386e+10
       60.844181   1.9305114e+10
       60.862252  -3.9040284e+10
       60.880323   2.4915403e+09
       60.898328   9.7286460e+08
       60.915482   1.1508045e+10
       60.933553   4.0985364e+10
       60.951636  -1.4018531e+08
       60.969701   2.5892860e+10
       60.987384  -5.1395591e+10
       61.004871   2.6298108e+10
       61.022942  -1.5947802e+11
       61.041013  -8.0062715e+10
       61.059101  -5.5752069e+10
       61.077172  -5.8994094e+10
       61.095243  -6.2236231e+10
       61.113331  -2.2427715e+10
       61.131402  -4.8056376e+10
       61.149473  -6.3353010e+10
       61.167561  -1.8378759e+10
       61.185630  -1.0772261e+11
       61.203683  -4.1999844e+09
       61.221765  -3.9986660e+09
       61.239576  -1.7573832e+10
       61.256927  -6.7311591e+10
       61.275011  -1.1360523e+11
       61.293092   5.5353721e+10
       61.311163  -3.3990898e+10
       61.329210  -5.7898562e+10
       61.347299   2.8402951e+10
       61.364664   1.8271065e+10
       61.382481  -6.4185709e+10
       61.400552  -1.2253446e+11
       61.418623   5.0951744e+09
       61.435728  -4.4643487e+10
       61.453782  -1.6842943e+11
       61.471853  -6.3186425e+10
       61.489768  -3.0268303e+10
       61.507012  -4.2385678e+09
       61.525083  -6.2588068e+10
       61.542802  -8.9941073e+10
       61.560232  -2.0861082e+10
       61.577824  -4.6492463e+10
       61.595401  -6.0069603e+10
       61.612856   1.5898163e+10
       61.630531  -1.3888526e+11
       61.647884  -8.0137751e+10
       61.664896  -1.0921371e+11
       61.682773  -5.9076706e+10
       61.699928  -1.5703360e+11
       61.717932  -1.3907569e+10
       61.735944  -4.6427988e+10
       61.753091  -3.5897748e+10
       61.770976  -4.2588028e+10
       61.788233  -9.6718813e+09
       61.806008  -9.3853219e+10
       61.823386  -1.2720633e+10
       61.841453  -1.2617675e+11
       61.858953  -2.0935865e+10
       61.875972  -5.8623177e+10
       61.893693   4.3173276e+10
       61.911781   4.6814499e+10
       61.929852  -4.4255832e+10
       61.947923  -5.9557251e+10
       61.966011  -1.8031825e+10
       61.983136  -3.1611422e+10
       62.001153  -5.3801235e+10
       62.019241  -1.3998135e+10
       62.037312  -4.4798263e+10
       62.055383  -1.0487288e+11
       62.073471  -3.9239738e+10
       62.091542   6.9443701e+10
       62.109613   3.6921151e+10
       62.127241  -2.4894066e+09
       62.144764  -5.5676431e+10
       62.162843  -3.1372517e+10
       62.180931   1.8761828e+10
       62.199002   2.4123292e+10
       62.216304   4.1538819e+10
       62.234161  -1.3046810e+11
       62.252232  -1.4060514e+11
       62.270303  -3.3644704e+10
       62.287391   3.3709286e+10
       62.305376  -8.6637516e+10
       62.322533   7.3705342e+10
       62.340621  -9.8302161e+10
       62.358416  -4.3002901e+10
       62.375763   3.4682562e+10
       62.393442   3.8321122e+10
       62.410905   1.7851082e+10
       62.428456  -1.4673215e+10
       62.446081  -7.5908946e+09
       62.464152   5.6317909e+10
       62.482223  -1.2774470e+11
       62.499528  -3.4561510e+10
       62.517382  -7.0530326e+10
       62.534544  -9.9611142e+10
       62.552541   4.8676502e+10
       62.570576   2.1317522e+10
       62.587681  -2.5975054e+09
       62.605595   7.1642869e+10
       62.622842  -6.9369910e+10
       62.640913  -5.1956663e+10
       62.659001   4.1225688e+10
       62.677072  -8.5201465e+09
       62.694664  -1.3493474e+10
       62.711653   9.0856570e+09
       62.729275   4.1121469e+09
       62.746704  -3.1857869e+10
       62.764461  -2.3055195e+10
       62.782532   4.6894599e+09
       62.800603   4.2766163e+10
       62.818691  -5.5196863e+10
       62.835776   6.9879830e+09
       62.853833  -6.3423035e+10
       62.871808  -9.4227431e+10
       62.888992  -2.6876784e+10
       62.907063   4.2195797e+10
       62.924848  -1.0742846e+11
       62.942222   1.1582615e+10
       62.960293   3.4160309e+10
       62.978381   4.2961910e+10
       62.996443  -6.1890277e+10
       63.013898   1.7513914e+10
       63.030928  -1.2371167e+09
       63.048682   2.3978857e+09
       63.065944   3.0141124e+10
       63.083841   6.1328501e+10
       63.100976  -5.5578369e+10
       63.117984  -5.4490910e+09
       63.135071   4.1236235e+10
       63.153142  -1.7122110e+10
       63.171024   9.1555695e+10
       63.188301  -5.6347840e+10
       63.206051  -7.9410121e+09
       63.223432   8.8682376e+10
       63.241531   9.6595086e+09
       63.259096  -3.4923161e+10
       63.276673   1.0475055e+11
       63.294750   4.1225637e+10
       63.312827   3.9693291e+10
       63.330903  -1.3499829e+10
       63.348168   8.6567197e+10
       63.366062   4.1984025e+10
       63.384133  -1.1209344e+10
       63.402208   4.0640788e+10
       63.419368   2.1887715e+10
       63.438224   3.2408952e+10
       63.455451   1.5377915e+10
       63.473522   3.5126890e+09
       63.491593   3.8142003e+10
       63.509681  -6.6712452e+10
       63.527752   7.5232299e+09
       63.545823   1.4891773e+11
       63.563911  -3.8594074e+10
       63.581971  -6.2513946e+10
       63.600048   4.4439852e+10
       63.618141   1.5353928e+10
       63.636212  -8.7779244e+10
       63.655182   4.1560616e+10
       63.673371  -3.0576122e+10
       63.691442   2.6438611e+10
       63.709513  -3.7088346e+10
       63.727601  -1.6236076e+10
       63.745672  -5.5013079e+08
       63.763743  -5.0301138e+10
       63.781831   3.5987773e+10
       63.799902   2.9287186e+10
       63.817965  -8.4178907e+10
       63.836053   1.2781745e+11
       63.854132   2.8127392e+10
       63.872203  -7.5006793e+10
       63.890279  -7.7250455e+08
       63.908358   4.5909163e+10
       63.925584  -1.4174674e+10
       63.943521   6.3503432e+10
       63.961592  -9.3013846e+10
       63.979663   1.1037162e+11
       63.997648   3.3067422e+10
       64.014822  -8.9009620e+10
       64.032664   4.2050650e+10
       64.049981  -4.5585905e+10
       64.067696   5.2755779e+10
       64.084704  -5.0379307e+10
       64.101728  -3.4694701e+10
       64.119282   2.7484278e+10
       64.136744   2.5948332e+10
       64.154441  -1.4606779e+11
       64.171764  -5.2892618e+10
       64.188781   2.6506300e+10
       64.205808   4.2190469e+10
       64.223742   7.9357225e+09
       64.240824  -1.4686071e+11
       64.257900   1.6917226e+10
       64.275842   5.6709256e+10
       64.293043   1.9010178e+10
       64.310888   6.3968310e+10
       64.327896  -8.3940384e+10
       64.345267  -1.0097540e+11
       64.362919  -1.4688925e+10
       64.379936   5.4377074e+10
       64.396944  -5.3925370e+10
       64.413968  -4.3408120e+10
       64.431662  -1.7392906e+10
       64.448984  -3.0984291e+10
       64.465995   1.2251189e+10
       64.483890   1.0370307e+11
       64.501024  -2.3542038e+10
       64.518051  -9.7103925e+08
       64.536056   5.6040179e+10
       64.553193  -1.0934329e+10
       64.571088  -6.4132547e+10
       64.588352   8.5867713e+10
       64.606104   2.4059072e+10
       64.623511  -5.1525646e+10
       64.641582   4.8535746e+10
       64.659653  -1.0109627e+11
       64.677741   6.2680016e+10
       64.695176  -6.0170481e+09
       64.712883   6.2209051e+09
       64.730971   3.7401219e+10
       64.749028  -5.4656953e+09
       64.767111   2.5714316e+10
       64.785201   8.2724781e+10
       64.803272  -1.4708805e+09
       64.821343   7.3226380e+09
       64.839431   5.7841268e+09
       64.857502   3.5241794e+10
       64.875573  -1.2791639e+10
       64.893328  -4.5326756e+10
       64.910732   4.2679505e+10
       64.928803  -2.7740417e+10
       64.946891  -4.3055491e+10
       64.964962   9.4889250e+10
       64.982384  -5.4743919e+10
       65.000121  -3.3896697e+10
       65.018179  -7.8486583e+10
       65.035408   3.8793634e+10
       65.052432   2.5200211e+10
       65.070421   2.7104763e+10
       65.086435   8.0669945e+10
       65.102381   8.7740616e+10
       65.118028   1.2153949e+10
       65.131847  -3.1619715e+09
       65.145396  -7.5304541e+10
       65.157806   7.9859700e+10
       65.169090   4.2727945e+09
       65.179257  -2.4819377e+10
       65.187752   1.1929585e+09
       65.195193  -5.5132024e+09
       65.201315   3.4275371e+10
       65.205904  -3.4273211e+09
       65.209367   1.9848148e+08
       65.211706  -1.1843924e+11
       65.212915   1.5382204e+11
       65.213000   2.3129876e+10
       65.211914   2.6755619e+10
       65.209682   4.2435296e+10
       65.206493  -2.4542189e+10
       65.202835   3.7632168e+10
       65.197520  -8.1006121e+10
       65.191846   1.8322290e+09
       65.185039   7.4338556e+10
       65.177112  -6.4153935e+09
       65.169157  -1.0682462e+09
       65.161096  -1.9829306e+10
       65.152592   2.5124261e+10
       65.143349   3.3915290e+10
       65.133773   1.3778816e+09
       65.125072  -7.7654373e+10
       65.115639   1.2071576e+10
       65.107064  -9.6235008e+10
       65.097621  -3.7505580e+10
       65.089055  -2.0104759e+10
       65.080719  -2.1646074e+10
       65.073278   2.3307010e+10
       65.065837   1.0614455e+11
       65.058762  -6.9321251e+10
       65.052384   1.4620221e+09
       65.046006  -1.7299955e+10
       65.040185   1.3786251e+11
       65.034870   9.1548065e+10
       65.030244   9.3450210e+10
       65.026741  -1.1412955e+10
       65.022736   5.4203942e+10
       65.019363   6.1672670e+09
       65.017114   2.3567587e+10
       65.013995   3.2357572e+10
       65.012931  -6.2173875e+10
       65.011734   6.5435770e+10
       65.010000  -7.2146352e+10
       65.009741   1.4134472e+10
       65.009000  -5.4566657e+10
       65.009000  -2.8556736e+10
       65.009000   8.6998334e+10
       65.009000  -1.0977332e+10
       65.009000   4.7003052e+09
       65.009638  -7.1744734e+09
       65.010703  -4.3157453e+10
       65.012532  -2.4035912e+10
       65.013829   2.5165120e+08
       65.015786  -8.5670138e+10
       65.016956   1.7830392e+10
       65.019019   5.4171977e+10
       65.020164  -1.2301717e+11
       65.022146   9.7576100e+09
       65.023418  -1.5193359e+11
       65.025546  -1.4486641e+11
       65.027336   9.4673662e+10
       65.028798  -7.2183745e+10
       65.030463   2.0421966e+09
       65.032052  -7.8714148e+10
       65.033589  -7.6813430e+10
       65.034653  -8.6966750e+10
       65.035716  -2.8239360e+10
       65.036000  -8.3165535e+10
       65.036843  -9.3318986e+10
       65.037000   7.5617748e+10
       65.037000  -5.1633523e+10
       65.037000   1.5703934e+10
       65.037095  -1.4426586e+11
       65.038000  -3.5600103e+10
       65.037777  -1.2324485e+11
       65.037000  -9.5514255e+10
       65.037000   7.9853081e+09
       65.036587  -7.1049445e+10
       65.036000  -9.3257646e+10
       65.035461   1.1011913e+11
       65.035000  -4.1240713e+10
       65.034334   7.2590784e+10
       65.033271   1.2497914e+10
       65.032207  -6.4815059e+10
       65.031144  -2.6752695e+10
       65.030081  -1.6242740e+10
       65.029017  -1.4342771e+10
       65.027954   4.4383751e+10
       65.026782   7.5557866e+10
       65.024828  -4.8249964e+10
       65.023764   7.0323965e+09
       65.022701  -2.0342387e+10
       65.021274  -7.3547387e+10
       65.019574  -8.7146061e+10
       65.018511  -7.3192405e+10
       65.017447   1.9974441e+10
       65.016389  -1.6010644e+10
       65.015324  -4.8551721e+10
       65.014257   1.3618600e+10
       65.013194   2.7572073e+10
       65.012131  -3.2470888e+09
       65.012000  -2.2011959e+10
       65.011004   2.6381868e+10
       65.009941  -1.1325494e+10
       65.009000  -1.6314285e+10
       65.009000  -2.9913394e+10
       65.008751   3.2256477e+10
       65.008000   1.4372352e+09
       65.008000   8.7715360e+10
       65.007561  -3.7815384e+10
       65.007000  -3.0750220e+10
       65.007000  -2.8851326e+10
       65.007000   2.3219266e+09
       65.007000  -1.8165379e+10
       65.007000   1.1285785e+10
       65.007000  -6.4306489e+10
       65.007000   4.0913789e+10
       65.007000  -3.9844619e+10
       65.007000  -1.7281676e+10
       65.007000  -4.1213221e+10
       65.007000   8.4671041e+10
       65.007000  -4.4304139e+10
       65.007262  -3.0351271e+10
       65.008000  -7.3225360e+10
       65.008000  -6.2716766e+10
       65.008000  -1.7767575e+10
       65.008000   1.6849282e+10
       65.008000   3.2523855e+10
       65.008000  -1.2916981e+11
       65.008000  -1.0144113e+11
       65.008000   3.7785506e+09
       65.008000  -1.0281046e+11
       65.008000   1.1606268e+11
       65.008000  -5.0797360e+10
       65.009000  -7.1285308e+10
       65.009000  -1.9448481e+10
       65.009000  -2.6160466e+10
       65.009000   3.4286586e+10
       65.009000  -7.2302790e+10
       65.009000  -3.4242257e+10
       65.009000   5.3757082e+10
       65.009000  -1.2687937e+11
       65.009000   5.2386976e+10
       65.009000  -5.9857221e+09
       65.009000  -6.0914566e+10
       65.009000  -8.8291067e+10
       65.009000   3.7592622e+10
       65.009000  -2.4224390e+10
       65.008091   2.2446024e+10
       65.008000  -3.9370873e+10
       65.008000   5.0350067e+10
       65.008000  -2.3521206e+10
       65.008000   2.4849990e+09
       65.007776   7.1541590e+10
       65.007000  -2.2994030e+10
       65.007000  -2.1539659e+09
       65.007000   3.5906141e+10
       65.007000   7.7410270e+10
       65.007000   3.5389984e+09
       65.007000   2.9544875e+10
       65.006331   1.2098761e+11
       65.006000  -5.2761070e+10
       65.005208  -7.8130056e+09
       65.005000  -3.3467908e+10
       65.005000   6.6585016e+10
       65.005000   9.9336562e+09
       65.005000  -3.2941540e+10
       65.005000   6.8405143e+09
       65.004824  -1.4107813e+11
       65.004000  -5.1357612e+10
       65.004000  -2.1907757e+10
       65.004000  -6.1339008e+10
       65.004000  -4.3369883e+09
       65.004000  -3.6880021e+10
       65.004000  -6.7701215e+10
       65.004000  -4.5139714e+10
       65.004000  -7.5960781e+10
       65.003254  -4.4789201e+10
       65.003000   3.1154959e+10
       65.003000   2.0558609e+09
       65.003000  -3.2209489e+10
       65.003000   1.2738203e+10
       65.003000   7.8350320e+10
       65.003000  -1.2741842e+10
       65.003000   8.0974766e+09
       65.003000   1.1716713e+10
       65.003000  -1.2216600e+10
       65.003000   8.9557752e+10
       65.003000  -3.0808718e+10
       65.003000  -1.6857572e+10
       65.003000  -1.1828199e+11
       65.003000  -6.8168222e+10
       65.003000   3.7050100e+10
       65.003000   2.6892863e+10
       65.003000   2.5345891e+10
       65.003000   1.4124409e+09
       65.003000   1.5363484e+10
       65.003000   7.4087276e+10
       65.002924   3.6377600e+10
       65.002000   7.2714902e+10
       65.002000  -9.7672355e+09
       65.002000   1.3850154e+11
       65.002000  -8.8630725e+10
       65.002000  -3.5073080e+10
       65.002000   8.7365310e+10
       65.002000   8.3269922e+09
       65.002000   6.3606624e+10
       65.002000   2.9340882e+10
       65.002000  -1.4808250e+09
       65.002000   4.1744612e+10
       65.002000  -4.2459832e+10
       65.002000   2.3151719e+10
       65.002000   1.8160478e+10
       65.002000  -4.0213651e+10
       65.002000   8.1776388e+09
       65.002000  -7.1457696e+09
       65.002000  -1.0415191e+10
       65.002000  -2.7460805e+10
       65.002000  -4.1062218e+10
       65.002000   1.2495094e+10
       65.002469  -3.7268985e+10
       65.003000  -7.4978746e+10
       65.002404   3.0239232e+10
       65.002659  -2.1246894e+10
       65.003000   5.9862911e+10
       65.003000   1.4886777e+09
       65.002151  -1.9001056e+10
       65.002000  -5.8432886e+10
       65.002000  -3.7594080e+10
       65.002000   1.4241134e+10
       65.002000  -1.1129187e+11
       65.001834   4.0420670e+10
       65.001229   1.3042806e+10
       65.002000   3.2159723e+10
       65.002000  -2.4492544e+10
       65.001581   5.4895004e+10
       65.001000   4.4737513e+10
       65.001000  -3.3046529e+09
       65.001000   9.1581089e+10
       65.001000   1.7708732e+10
       65.000264  -2.1723332e+10
       65.000000  -1.6382800e+10
       65.000000   5.2672744e+10
       65.000000  -2.2921814e+10
       65.000000  -5.5465799e+10
       65.000000   2.3921874e+10
       65.000000   1.3764183e+10
       65.000000   5.3285126e+09
       65.000000   3.9943580e+10
       65.000000  -2.0152786e+10
       64.999631  -4.5808693e+10
       64.999000  -4.2190045e+10
       64.999000   9.2302188e+10
       64.999000  -1.1933221e+11
       64.999000  -8.8161198e+10
       64.999000  -8.9708787e+10
       64.999000  -2.4097478e+10
       64.999000   6.9066363e+10
       64.999000  -7.8853185e+10
       64.999000   1.2588470e+10
       64.999003  -1.8233346e+10
       65.000000  -4.5611280e+10
       65.000000  -3.5104705e+10
       65.000000   1.1564518e+10
       65.000000   1.6905027e+10
       65.000000   4.8075882e+10
       65.000000  -4.8182801e+10
       65.000000   7.7699325e+10
       65.000509   1.2436897e+10
       65.001000   1.4333534e+10
       65.001000   1.2785964e+10
       65.001000   4.7400880e+10
       65.001000  -3.3359579e+10
       65.001000   1.1835291e+11
       65.001000   3.4148249e+10
       65.001000   3.7766930e+10
       65.001000   1.1198840e+11
       65.001000   4.3281953e+10
       65.001000   5.3788739e+10
       65.001206   4.7075136e+10
       65.002000   1.4196090e+11
       65.002000  -1.9734605e+10
       65.002000   7.5151168e+10
       65.002000  -4.3493911e+10
       65.002000   3.7615853e+10
       65.002000  -1.1202563e+11
       65.002000   1.3095415e+11
