1.300000000000000000e+03 0.000000000000000000e+00 4.174425741313029977e-05
1.335000000000000000e+03 0.000000000000000000e+00 4.041357592919860215e-04
1.370000000000000000e+03 0.000000000000000000e+00 2.716161065796484069e-03
1.405000000000000000e+03 0.000000000000000000e+00 1.222314470544833519e-02
1.440000000000000000e+03 0.000000000000000000e+00 3.714522224579223930e-02
1.475000000000000000e+03 1.550887699288157860e-02 7.781122618141247949e-02
1.510000000000000000e+03 2.736390064929995480e-01 1.176417299870016753e-01
1.545000000000000000e+03 5.552380299688562670e-02 1.382797331317255074e-01
1.580000000000000000e+03 2.453924411135415817e-01 1.374875062158965044e-01
1.615000000000000000e+03 4.236550312883530234e-02 1.232406057834699864e-01
1.650000000000000000e+03 1.779437417079823280e-01 1.029865218836517188e-01
1.685000000000000000e+03 1.780515455292330795e-02 8.119842663976613306e-02
1.720000000000000000e+03 1.036382552696610004e-01 6.048733302419456032e-02
1.755000000000000000e+03 7.692789820384578203e-03 4.222106830575692721e-02
1.790000000000000000e+03 4.088689243470176871e-02 2.739130632564983764e-02
1.825000000000000000e+03 0.000000000000000000e+00 1.679332814729153633e-02
1.860000000000000000e+03 1.185967584705531833e-02 1.045421241401412772e-02
1.895000000000000000e+03 4.822409795950310593e-03 7.797877209543987997e-03
1.930000000000000000e+03 0.000000000000000000e+00 7.901431276694357089e-03
1.965000000000000000e+03 1.613683150730774521e-02 8.992667101298356183e-03
