       20.001840  -6.3788466e+10
       20.018260   2.2347097e+10
       20.036360  -2.3248242e+10
       20.054712  -1.5250207e+10
       20.070925   5.0808745e+10
       20.091160  -9.3011928e+10
       20.105986  -4.7036158e+10
       20.126700   7.0397785e+10
       20.143816  -1.0883509e+10
       20.162128  -1.8475400e+10
       20.181450  -2.1593966e+10
       20.197522  -1.1308730e+10
       20.216827   4.3639100e+10
       20.233465   6.0636344e+10
       20.251132   3.9682093e+10
       20.268888  -1.2416764e+11
       20.285990  -1.3371929e+10
       20.304506  -3.6539902e+10
       20.321230   1.3980768e+10
       20.340155   1.0469893e+11
       20.356312   2.3494509e+10
       20.375568  -7.1102545e+10
       20.392960   5.5356238e+10
       20.408970   7.6876282e+10
       20.428868   1.8017524e+10
       20.444375   3.5079179e+10
       20.464008   4.0979518e+10
       20.481032   8.4839494e+10
       20.498985   3.9388572e+10
       20.517287  -1.1100450e+11
       20.534387   1.0255340e+11
       20.553080   7.7198487e+10
       20.570088  -3.7471095e+10
       20.589008  -1.3708165e+10
       20.605730   7.2571589e+10
       20.623644  -6.4435968e+10
       20.642796  -1.3446451e+11
       20.659275  -1.4707828e+10
       20.678064  -2.1343345e+09
       20.695192   1.2662816e+10
       20.712425   5.6478032e+10
       20.732070  -1.2076775e+11
       20.748636   9.2719306e+10
       20.766975   1.9901821e+11
       20.783904  -4.0786006e+10
       20.802657   7.2180850e+10
       20.819817   8.7382396e+09
       20.837842   2.7892591e+10
       20.856312  -1.5492204e+10
       20.873965   5.0512564e+10
       20.892036   2.6217757e+09
       20.908580   9.9841879e+10
       20.927030   9.2096707e+10
       20.945266  -1.1216168e+11
       20.962392   2.0711583e+10
       20.982350   1.0220515e+11
       20.997584   2.0675816e+10
       21.016584  -7.8744004e+10
       21.034440  -1.5193136e+10
       21.052282   1.9346443e+11
       21.070788  -2.4377460e+10
       21.087290  -1.3730250e+11
       21.105481   1.2709381e+11
       21.123036   3.1976194e+10
       21.141710   7.0803515e+10
       21.158870   1.3416655e+11
       21.176996   3.4507103e+10
       21.195345   5.0932931e+10
       21.212568  -1.0905681e+11
       21.231416   1.6734197e+10
       21.247625  -4.0584045e+10
       21.267608   4.7915551e+09
       21.284836   1.7072447e+11
       21.303805  -4.9632667e+10
       21.321192   5.3761813e+10
       21.337256   1.2812200e+11
       21.355325  -9.8951497e+10
       21.371688  -1.5660980e+10
       21.389667   9.5784186e+09
       21.406624  -7.6814627e+10
       21.424552   8.9113819e+10
       21.442752  -5.3074330e+10
       21.459760   8.1629797e+10
       21.477566   7.1223912e+10
       21.493930  -3.9632302e+10
       21.513575   5.9431938e+10
       21.530808  -4.6886841e+10
       21.547936   5.2255713e+10
       21.566725   1.8465301e+09
       21.583204   9.8855537e+10
       21.601872   6.4182310e+10
       21.619185   4.2967661e+10
       21.637256   1.2229534e+11
       21.654912   2.9763399e+10
       21.672901  -4.6404371e+09
       21.690912  -2.5569661e+10
       21.708568  -7.9910481e+10
       21.726645   1.5163714e+11
       21.742472   7.5142790e+10
       21.761428  -3.9218078e+10
       21.779000  -4.1841842e+10
       21.796946   8.0670703e+10
       21.816032  -1.3833994e+11
       21.833170   1.1169113e+10
       21.852048  -6.2500944e+10
       21.869072   1.1847742e+11
       21.886590   3.1622497e+10
       21.905088  -1.4443841e+11
       21.922876   4.5793129e+10
       21.941120   1.2002468e+11
       21.958636   1.2068002e+11
       21.977857   3.2129344e+10
       21.996789   1.0444721e+11
       22.014168   9.4254185e+10
       22.031192   1.2658805e+11
       22.048174  -7.7659334e+10
       22.066092   4.6416858e+10
       22.082280  -7.9488224e+10
       22.101255  -1.2268839e+11
       22.119326   3.8946261e+09
       22.137414  -7.7089804e+10
       22.155280   5.6356482e+10
       22.172556  -2.1444852e+09
       22.190644   6.0001137e+10
       22.208715   8.4254304e+10
       22.226786   1.0857020e+11
       22.244352   6.8193862e+10
       22.261945   4.1265653e+10
       22.280005   5.2343643e+10
       22.298099   4.7836935e+10
       22.316950  -5.7561139e+09
       22.333570   1.2600879e+11
       22.352236  -6.1491127e+10
       22.370405   7.2557474e+10
       22.388476  -1.4839611e+11
       22.406472   1.9178367e+10
       22.423790  -9.7300546e+09
       22.442488   2.8350341e+10
       22.459794  -7.6468838e+10
       22.477865   4.0299128e+09
       22.495528   9.5683843e+10
       22.513496  -2.4636219e+09
       22.532095   1.0702341e+11
       22.550156   2.2233941e+10
       22.568237   7.8091515e+10
       22.584871  -3.5774796e+10
       22.603184  -9.6082561e+10
       22.620632   6.4629984e+10
       22.638555   5.5610832e+10
       22.657604   2.1993924e+10
       22.673755   8.4352147e+10
       22.692666  -8.1080670e+10
       22.709856  -5.6764570e+10
       22.727944  -2.8024029e+10
       22.745425   1.8533219e+10
       22.762086  -2.4267744e+10
       22.779752   1.8296448e+11
       22.796275  -3.1856248e+10
       22.814402   6.1407379e+10
       22.832786  -2.1767639e+10
       22.851150  -9.1593739e+10
       22.870271  -1.1904234e+11
       22.887829  -4.1592413e+10
       22.906570  -3.7872920e+10
       22.923848  -1.6335745e+10
       22.941864  -6.6292186e+10
       22.959880  -5.1541391e+10
       22.977006  -1.2837938e+11
       22.994912  -2.2165800e+10
       23.012410   6.1677458e+10
       23.030928   8.7427335e+10
       23.047952   1.4980193e+09
       23.065830   3.7763060e+08
       23.083463  -7.2229792e+10
       23.099985   4.0453494e+10
       23.118250  -1.6842604e+11
       23.136008  -6.9207744e+10
       23.153771  -1.0175737e+11
       23.171037  -1.6783094e+11
       23.188926  -7.9868554e+10
       23.207014  -2.9891781e+10
       23.223090   1.1125699e+10
       23.242020   1.0570507e+11
       23.258112  -1.1680189e+11
       23.274925  -6.6928116e+10
       23.290612  -6.3966757e+10
       23.307440  -4.9862575e+10
       23.327545  -6.7039767e+10
       23.346512   7.3089658e+09
       23.366216   5.7077840e+10
       23.384200   4.1173541e+09
       23.401846  -7.5654828e+10
       23.419934  -4.8267532e+10
       23.438770   5.8968933e+09
       23.457062   7.1209855e+10
       23.474270  -1.7385525e+11
       23.493190   1.2001195e+10
       23.510306  -1.0805413e+11
       23.528394  -9.4152438e+10
       23.546175  -5.3470100e+10
       23.562536   7.8745930e+10
       23.580352   2.5625410e+10
       23.597695  -1.2128605e+11
       23.615368   1.3370094e+11
       23.632385  -1.3157227e+11
       23.649917   6.7572513e+10
       23.666232   5.4588054e+10
       23.682432  -6.3349086e+10
       23.698725  -1.0538006e+11
       23.717004   6.6931297e+10
       23.736982  -3.5404533e+10
       23.754478  -7.7463332e+10
       23.772456   1.6850425e+11
       23.791480   2.3717955e+10
       23.807710  -6.9722086e+10
       23.826686   3.3318657e+10
       23.844552  -2.8878072e+10
       23.861845  -5.5357916e+10
       23.879220   1.6398836e+10
       23.896416   3.9025703e+10
       23.914600  -1.6504578e+10
       23.930532   5.2996045e+10
       23.946030  -2.5491980e+09
       23.961310  -1.3625127e+11
       23.976920  -1.1812818e+11
       23.992088   7.1637577e+09
       24.009448  -5.5109595e+10
       24.029415  -5.2637965e+10
       24.046712   5.6476136e+09
       24.065765   7.5090151e+10
       24.083836  -2.7402238e+10
       24.101924   1.9698446e+10
       24.119760  -1.1356934e+10
       24.137066  -8.4842802e+10
       24.155148  -1.7666731e+10
       24.173215  -1.0009710e+11
       24.190808  -1.1778184e+11
       24.207280  -1.4899943e+10
       24.224455   1.2059177e+10
       24.241848  -6.5931059e+10
       24.258130  -1.5955719e+11
       24.274880  -3.1124760e+09
       24.289284  -1.3917476e+11
       24.305897   1.0559501e+10
       24.323915  -7.1926774e+10
       24.342044  -5.6174331e+10
       24.360830   8.2378153e+10
       24.377145  -2.4686662e+10
       24.394472  -3.1279719e+10
       24.409992   9.1625954e+10
       24.427750   5.8227812e+10
       24.446008  -2.8763729e+10
       24.464036   3.8304802e+10
       24.483170   3.3917342e+10
       24.501676  -9.5513911e+10
       24.520456   2.7985464e+09
       24.538835  -3.5096870e+10
       24.556906   9.6174612e+09
       24.574112   6.9956715e+10
       24.592065   1.8649471e+10
       24.611112   8.2989786e+08
       24.628296   8.5715876e+10
       24.647160  -1.1967093e+11
       24.664168   7.0148845e+10
       24.681192   2.0860900e+11
       24.698200   9.7581842e+08
       24.716372   2.5552733e+10
       24.736120   4.3426862e+10
       24.754738  -2.3550847e+10
       24.773404  -7.0437233e+10
       24.791272   1.2158526e+11
       24.809690   1.2827871e+11
       24.828824   8.3613099e+10
       24.847144   3.2245096e+10
       24.865215   1.6396547e+11
       24.882328   1.8850619e+11
       24.899336  -3.9266741e+10
       24.916445   1.0807242e+11
       24.934368   1.1027400e+11
       24.951392   1.5712871e+11
       24.968950   1.5262490e+11
       24.987070   1.6821324e+11
       25.003432   1.3914163e+11
       25.020905   2.5743372e+11
       25.038976   1.1671422e+11
       25.057064   1.5015242e+11
       25.074480   2.3494277e+11
       25.092206   9.8679849e+10
       25.111076   2.2365524e+11
       25.127675   2.3698628e+11
       25.145436   6.9455182e+10
       25.163524   1.4529992e+11
       25.180524   1.2959598e+11
       25.196651   2.8135178e+11
       25.214916   2.4777995e+11
       25.234050   3.4817558e+11
       25.253184   8.2384416e+10
       25.272336   2.6762274e+11
       25.290225   1.5589222e+11
       25.307604   1.8259498e+11
       25.326756   9.7653856e+10
       25.345285   1.2881788e+11
       25.363356   1.6444544e+11
       25.381444   1.8220818e+11
       25.400310   1.7540784e+11
       25.418586   2.2442632e+11
       25.436674   1.7073252e+11
       25.454745   9.4708624e+10
       25.470815   2.5313020e+11
       25.488889   3.0883963e+11
       25.506800   2.9756248e+11
       25.524046   1.6124506e+11
       25.541832   2.9956415e+11
       25.559193   2.7711786e+11
       25.577257   3.3058628e+11
       25.595364   4.8676329e+11
       25.613435   2.2539944e+11
       25.631506   3.2575283e+11
       25.649594   3.0776463e+11
       25.666920   3.6345860e+11
       25.683928   2.2042923e+11
       25.701824   3.6543370e+11
       25.718960   4.3452075e+11
       25.736966   3.1381590e+11
       25.754991   3.0698412e+11
       25.771986   2.3093354e+11
       25.788820   3.6476797e+11
       25.805788   2.9987918e+11
       25.825670   3.3769970e+11
       25.844426   2.5271345e+11
       25.862514   3.7984505e+11
       25.880585   3.1048663e+11
       25.898656   3.3490619e+11
       25.916744   4.3077530e+11
       25.934815   4.5072738e+11
       25.952886   3.2331172e+11
       25.970152   4.1247974e+11
       25.988045   5.0611274e+11
       26.006116   2.0899945e+11
       26.024204   3.2719190e+11
       26.042275   4.2752111e+11
       26.060206   3.6038724e+11
       26.077420   4.8304321e+11
       26.095505   5.2978237e+11
       26.113576   4.8050914e+11
       26.131272   5.1831556e+11
       26.148735   4.9136941e+11
       26.166806   6.7207599e+11
       26.184303   4.5980353e+11
       26.202592   5.7575688e+11
       26.220323   5.3541151e+11
       26.237352   4.4594318e+11
       26.254360   5.7529199e+11
       26.272266   5.0815116e+11
       26.291316   7.2234648e+11
       26.307425   7.9364029e+11
       26.325496   6.3271921e+11
       26.343430   7.0401203e+11
       26.360856   5.6988412e+11
       26.379448   6.8583294e+11
       26.396472   8.3080806e+11
       26.413480   6.3415976e+11
       26.430956   7.9476415e+11
       26.449044   8.5042499e+11
       26.466520   1.0087959e+12
       26.483528   7.3846288e+11
       26.501274   8.4771077e+11
       26.519345   7.7386634e+11
       26.537416   8.4738853e+11
       26.555489   8.0033741e+11
       26.574550   1.0212260e+12
       26.591684   9.7864019e+11
       26.610734   8.8469890e+11
       26.628805   1.0609302e+12
       26.646872   9.6698861e+11
       26.664952   1.0829329e+12
       26.683035   1.0716057e+12
       26.700270   1.1853169e+12
       26.716712   1.1739892e+12
       26.734810   1.0175275e+12
       26.753336   9.9280268e+11
       26.771424   1.2047577e+12
       26.789495   1.3006055e+12
       26.805172   1.1441432e+12
       26.821792   1.3136740e+12
       26.839725   1.1907039e+12
       26.857796   1.3981928e+12
       26.875832   1.5922844e+12
       26.892955   1.5206692e+12
       26.911026   1.6544743e+12
       26.929352   1.5449006e+12
       26.948477   1.5112432e+12
       26.966888   1.8281403e+12
       26.984344   1.6627455e+12
       27.002415   1.6469506e+12
       27.019928   1.8432746e+12
       27.037574   1.5952649e+12
       27.054949   1.8518752e+12
       27.072712   1.9454888e+12
       27.090804   2.0123082e+12
       27.107125   2.1907693e+12
       27.124008   2.2754514e+12
       27.142032   2.2149993e+12
       27.159105   2.1344519e+12
       27.177176   2.3999933e+12
       27.195264   2.2904188e+12
       27.213080   2.3505397e+12
       27.230083   2.1717476e+12
       27.247102   2.4283574e+12
       27.264120   2.3902337e+12
       27.281636   2.7138286e+12
       27.299724   2.6288152e+12
       27.318430   2.8965894e+12
       27.337564   3.0929130e+12
       27.356702   2.9342162e+12
       27.376672   3.1751964e+12
       27.394208   3.3045350e+12
       27.412184   3.3601900e+12
       27.431240   3.4314751e+12
       27.448326   3.1499728e+12
       27.466414   3.6990837e+12
       27.484485   3.4086501e+12
       27.502288   3.5871111e+12
       27.519638   3.7231482e+12
       27.538099   3.7118186e+12
       27.556328   3.7697069e+12
       27.573352   4.0508781e+12
       27.590945   4.4168971e+12
       27.609664   4.0036580e+12
       27.627392   4.6934375e+12
       27.644400   4.5615352e+12
       27.662246   4.7132026e+12
       27.681220   4.9541831e+12
       27.699404   4.9316897e+12
       27.717420   4.9225933e+12
       27.733564   5.2707498e+12
       27.751635   5.2326267e+12
       27.769706   5.5941805e+12
       27.787512   5.5180992e+12
       27.804520   5.5782208e+12
       27.821929   5.7209572e+12
       27.839544   6.0266903e+12
       27.857095   6.4306681e+12
       27.875166   5.9750058e+12
       27.891920   6.4705297e+12
       27.909320   6.7874272e+12
       27.927396   6.9748206e+12
       27.944632   7.0595036e+12
       27.962555   7.0481751e+12
       27.978670   7.2087747e+12
       27.995714   7.1371597e+12
       28.013785   7.7711196e+12
       28.031688   8.0991817e+12
       28.048944   8.0409639e+12
       28.067015   8.2685487e+12
       28.085086   8.5899125e+12
       28.102745   8.7460467e+12
       28.120236   8.7793753e+12
       28.138316   9.1230676e+12
       28.156404   9.5962640e+12
       28.173800   9.8707387e+12
       28.190808   9.7187426e+12
       28.208634   1.0247760e+13
       28.225840   1.0504372e+13
       28.243776   1.0720793e+13
       28.260872   1.1383781e+13
       28.277880   1.1526519e+13
       28.294888   1.1472768e+13
       28.312276   1.1510563e+13
       28.331165   1.1939103e+13
       28.349236   1.2519477e+13
       28.366952   1.2869868e+13
       28.384395   1.3240355e+13
       28.402458   1.3563953e+13
       28.420547   1.3559325e+13
       28.438000   1.3670804e+13
       28.456384   1.4077016e+13
       28.474032   1.4559145e+13
       28.491855   1.4864881e+13
       28.509048   1.5237601e+13
       28.527014   1.5311122e+13
       28.544085   1.5427068e+13
       28.562156   1.6221793e+13
       28.580244   1.6594514e+13
       28.598120   1.7362446e+13
       28.615128   1.7558774e+13
       28.632152   1.7860044e+13
       28.649545   1.7661160e+13
       28.667168   1.8781880e+13
       28.684695   1.9183628e+13
       28.702193   1.9042798e+13
       28.719846   2.0112163e+13
       28.737886   2.1119008e+13
       28.755989   2.1013904e+13
       28.774076   2.1103056e+13
       28.791272   2.1301617e+13
       28.808280   2.2496021e+13
       28.827272   2.3143381e+13
       28.844312   2.3442419e+13
       28.861465   2.4038424e+13
       28.879536   2.4429009e+13
       28.897624   2.5060740e+13
       28.915695   2.5750524e+13
       28.933766   2.6348762e+13
       28.951392   2.6779538e+13
       28.968925   2.7103139e+13
       28.986986   2.7900099e+13
       29.005078   2.8594349e+13
       29.022440   2.9020660e+13
       29.041004   2.9174566e+13
       29.059314   3.0290821e+13
       29.077385   3.0871198e+13
       29.093520   3.1138978e+13
       29.111512   3.2815674e+13
       29.128710   3.2498453e+13
       29.147686   3.3465109e+13
       29.165774   3.4306727e+13
       29.183560   3.4605767e+13
       29.201264   3.5148186e+13
       29.219592   3.6054556e+13
       29.236600   3.6650563e+13
       29.253608   3.7914187e+13
       29.271224   3.8181967e+13
       29.289299   3.9376373e+13
       29.307376   3.9472226e+13
       29.325464   3.9746706e+13
       29.343535   4.1313995e+13
       29.361606   4.1878743e+13
       29.380676   4.3008397e+13
       29.398765   4.3561981e+13
       29.416728   4.3765010e+13
       29.433752   4.4655752e+13
       29.450995   4.5430386e+13
       29.468768   4.5845535e+13
       29.485792   4.7345840e+13
       29.503225   4.7812344e+13
       29.521296   4.8332436e+13
       29.539384   4.8573424e+13
       29.556840   4.9586972e+13
       29.574514   4.9928438e+13
       29.592610   5.0816947e+13
       29.610685   5.1441983e+13
       29.627888   5.2582802e+13
       29.645844   5.1886002e+13
       29.663915   5.2156017e+13
       29.682928   5.2504182e+13
       29.700074   5.3167176e+13
       29.718145   5.3834636e+13
       29.736216   5.4741009e+13
       29.754304   5.3986155e+13
       29.772375   5.5097949e+13
       29.790884   5.4785196e+13
       29.809534   5.5184717e+13
       29.827605   5.5648989e+13
       29.845048   5.6334313e+13
       29.862752   5.6026026e+13
       29.880831   5.6481367e+13
       29.898906   5.6380734e+13
       29.915230   5.6163994e+13
       29.933065   5.6530022e+13
       29.951136   5.6739753e+13
       29.969224   5.7429542e+13
       29.987295   5.6563048e+13
       30.005168   5.6701329e+13
       30.022454   5.7165602e+13
       30.040200   5.5604698e+13
       30.057596   5.6627180e+13
       30.075232   5.7665292e+13
       30.093270   5.5907899e+13
       30.112404   5.6354310e+13
       30.130272   5.6396579e+13
       30.147280   5.6407589e+13
       30.165043   5.5471878e+13
       30.183141   5.5031856e+13
       30.201215   5.4848610e+13
       30.219286   5.3801258e+13
       30.237374   5.2086289e+13
       30.255360   5.2048177e+13
       30.272368   5.0373399e+13
       30.289604   4.9426525e+13
       30.307400   4.8258601e+13
       30.324746   4.6119395e+13
       30.342834   4.4132021e+13
       30.360905   4.2242892e+13
       30.378976   3.9288703e+13
       30.396472   3.6910584e+13
       30.413480   3.5043784e+13
       30.430488   3.3516375e+13
       30.448281   3.1408429e+13
       30.466362   3.0343215e+13
       30.484436   2.8858230e+13
       30.503496   2.7806414e+13
       30.520560   2.7093988e+13
       30.537764   2.5658125e+13
       30.556754   2.5590988e+13
       30.574825   2.4691005e+13
       30.592608   2.4132645e+13
       30.609632   2.3489437e+13
       30.627055   2.2522469e+13
       30.644648   2.2513386e+13
       30.662196   2.1294109e+13
       30.679667   2.1669073e+13
       30.696688   2.0807048e+13
       30.714444   2.0101322e+13
       30.731720   2.0170389e+13
       30.750429   1.9670084e+13
       30.768673   1.9745849e+13
       30.786745   1.9899763e+13
       30.804768   1.9671864e+13
       30.821904   1.8765183e+13
       30.839800   1.9187038e+13
       30.856808   1.9046219e+13
       30.874134   1.8456601e+13
       30.892205   1.8632844e+13
       30.910276   1.8295537e+13
       30.928364   1.7632236e+13
       30.945880   1.8219320e+13
       30.962888   1.8027147e+13
       30.980594   1.7852836e+13
       30.999410   1.7490968e+13
       31.016928   1.7551105e+13
       31.034809   1.7160210e+13
       31.051959   1.7550806e+13
       31.069966   1.7463576e+13
       31.086992   1.7362950e+13
       31.104125   1.7001082e+13
       31.122196   1.7076850e+13
       31.140032   1.7143686e+13
       31.157355   1.6985006e+13
       31.175048   1.6571784e+13
       31.192514   1.6978010e+13
       31.210585   1.6980095e+13
       31.228088   1.6872771e+13
       31.245744   1.6207239e+13
       31.264510   1.6146804e+13
       31.282128   1.6561963e+13
       31.299974   1.5947787e+13
       31.317160   1.6389740e+13
       31.335100   1.6378428e+13
       31.352204   1.6063451e+13
       31.370350   1.6052140e+13
       31.389346   1.6121210e+13
       31.407232   1.5757111e+13
       31.424240   1.6096355e+13
       31.441576   1.5660806e+13
       31.459664   1.6017912e+13
       31.477735   1.5776619e+13
       31.495806   1.6031016e+13
       31.513312   1.6091156e+13
       31.530320   1.5631046e+13
       31.548036   1.5829622e+13
       31.566124   1.5641918e+13
       31.584195   1.5972231e+13
       31.601368   1.5641626e+13
       31.618377   1.5833503e+13
       31.637400   1.5697155e+13
       31.654584   1.6081057e+13
       31.673584   1.5931311e+13
       31.691440   1.5815059e+13
       31.708448   1.5609493e+13
       31.725814   1.5890685e+13
       31.744290   1.6093727e+13
       31.762488   1.5789918e+13
       31.779512   1.5762979e+13
       31.797115   1.6028541e+13
       31.814528   1.5418834e+13
       31.832274   1.6113100e+13
       31.849560   1.5608336e+13
       31.867416   1.6052525e+13
       31.885504   1.6175187e+13
       31.903575   1.5721778e+13
       31.921630   1.6114612e+13
       31.939632   1.6190385e+13
       31.956805   1.6118791e+13
       31.974876   1.6328534e+13
       31.992672   1.6207817e+13
       32.009680   1.6270193e+13
       32.027106   1.6439745e+13
       32.045194   1.6124773e+13
       32.063265   1.6711865e+13
       32.081336   1.6108858e+13
       32.098752   1.6394518e+13
       32.116495   1.6523879e+13
       32.132970   1.6595188e+13
       32.149792   1.6463308e+13
       32.166800   1.6447536e+13
       32.185784   1.6492051e+13
       32.203868   1.6741986e+13
       32.221955   1.6786501e+13
       32.240026   1.6906932e+13
       32.258114   1.6540606e+13
       32.275880   1.6560560e+13
       32.293256   1.6960096e+13
       32.310912   1.6839382e+13
       32.328415   1.7116112e+13
       32.346486   1.7229846e+13
       32.364574   1.7240869e+13
       32.382645   1.7265289e+13
       32.399968   1.7053030e+13
       32.416180   1.7403444e+13
       32.434750   1.7057215e+13
       32.453884   1.7492477e+13
       32.472032   1.7970163e+13
       32.489104   1.8195539e+13
       32.507161   1.7404977e+13
       32.525072   1.8179629e+13
       32.542080   1.7835634e+13
       32.559088   1.7299615e+13
       32.576494   1.7893409e+13
       32.594565   1.8107621e+13
       32.612128   1.8326300e+13
       32.629724   1.7627285e+13
       32.647160   1.8658714e+13
       32.664168   1.8792545e+13
       32.681954   1.8439619e+13
       32.700025   1.8461809e+13
       32.718096   1.8312071e+13
       32.736184   1.8751801e+13
       32.752255   1.8224715e+13
       32.770247   1.8894426e+13
       32.787395   1.8999232e+13
       32.805458   1.8414092e+13
       32.823556   1.9356210e+13
       32.841312   1.9293553e+13
       32.858320   1.9101392e+13
       32.875786   1.9168240e+13
       32.893352   1.9393619e+13
       32.910945   1.9848980e+13
       32.929016   1.9837679e+13
       32.947104   1.9790653e+13
       32.965175   1.9794982e+13
       32.982408   1.9906487e+13
       33.001236   2.0158661e+13
       33.018440   2.0183086e+13
       33.036504   2.0337016e+13
       33.055472   2.0495411e+13
       33.072632   2.0807872e+13
       33.090693   2.0725121e+13
       33.108512   2.0742849e+13
       33.125865   2.0171109e+13
       33.143528   2.1068572e+13
       33.161024   2.0990288e+13
       33.179095   2.0994618e+13
       33.197166   2.1249027e+13
       33.215254   2.2166586e+13
       33.232600   2.0998680e+13
       33.250396   2.1342402e+13
       33.268484   2.1578948e+13
       33.285640   2.1775303e+13
       33.302648   2.2190476e+13
       33.321714   2.1583012e+13
       33.339785   2.2290686e+13
       33.357853   2.2297251e+13
       33.375931   2.2339541e+13
       33.393720   2.2515802e+13
       33.411086   2.2828265e+13
       33.429174   2.2223035e+13
       33.446760   2.3087008e+13
       33.464864   2.2524202e+13
       33.482792   2.3265369e+13
       33.500475   2.2885655e+13
       33.518546   2.3387910e+13
       33.535832   2.3702607e+13
       33.554570   2.3648887e+13
       33.571848   2.3941256e+13
       33.589864   2.4296145e+13
       33.608880   2.3360457e+13
       33.626006   2.4050270e+13
       33.643912   2.3545519e+13
       33.661161   2.4226402e+13
       33.679224   2.4259763e+13
       33.696952   2.4808909e+13
       33.713946   2.4956145e+13
       33.731449   2.4462559e+13
       33.749554   2.4790654e+13
       33.767000   2.4498023e+13
       33.784696   2.4647493e+13
       33.802784   2.4995684e+13
       33.820855   2.4850420e+13
       33.838926   2.5756820e+13
       33.856072   2.5343617e+13
       33.874080   2.5421636e+13
       33.891156   2.5258510e+13
       33.909112   2.5870177e+13
       33.926315   2.5700353e+13
       33.944382   2.5668964e+13
       33.962457   2.6861167e+13
       33.980919   2.6220216e+13
       33.999168   2.6269210e+13
       34.016192   2.6300341e+13
       34.033200   2.6447580e+13
       34.050846   2.6534533e+13
       34.068232   2.6581294e+13
       34.086005   2.6791053e+13
       34.104076   2.7284381e+13
       34.121272   2.7319979e+13
       34.140190   2.7241702e+13
       34.158306   2.6799475e+13
       34.176394   2.7306200e+13
       34.194320   2.8022812e+13
       34.211536   2.7861922e+13
       34.229624   2.8449030e+13
       34.247689   2.7935352e+13
       34.265358   2.8397422e+13
       34.282392   2.8712125e+13
       34.299925   2.8676274e+13
       34.317996   2.8881569e+13
       34.336084   2.9238696e+13
       34.354870   2.9039848e+13
       34.372448   2.8832070e+13
       34.390314   2.9669256e+13
       34.408385   2.8822888e+13
       34.426456   3.0530879e+13
       34.444512   3.0021669e+13
       34.461517   3.0017079e+13
       34.478657   2.9887450e+13
       34.496552   3.0050322e+13
       34.513560   2.9719739e+13
       34.530562   3.0668568e+13
       34.547994   3.0190619e+13
       34.566075   3.0728607e+13
       34.584146   3.1583658e+13
       34.601632   3.0616719e+13
       34.619305   3.1418182e+13
       34.637376   3.0886645e+13
       34.655464   3.1232611e+13
       34.673535   3.2179209e+13
       34.691606   3.1250228e+13
       34.709694   3.1971310e+13
       34.727720   3.2328441e+13
       34.744836   3.2531506e+13
       34.762924   3.3091825e+13
       34.780752   3.2361567e+13
       34.797745   3.2473087e+13
       34.815148   3.2888272e+13
       34.833215   3.2573321e+13
       34.850808   3.2626788e+13
       34.868384   3.3396994e+13
       34.885840   3.3309792e+13
       34.903526   3.3983987e+13
       34.920872   3.3794075e+13
       34.938685   3.4028402e+13
       34.956756   3.4026049e+13
       34.974844   3.4349689e+13
       34.992915   3.4043671e+13
       35.009986   3.4311491e+13
       35.027952   3.4065760e+13
       35.045145   3.4621616e+13
       35.062968   3.4780027e+13
       35.080304   3.5342582e+13
       35.098375   3.5668456e+13
       35.116439   3.5590188e+13
       35.134526   3.5887036e+13
       35.152040   3.5911478e+13
       35.169676   3.5690310e+13
       35.187072   3.6172483e+13
       35.204056   3.6268376e+13
       35.221900   3.6114193e+13
       35.239994   3.6569573e+13
       35.257120   3.6937872e+13
       35.276128   3.6366150e+13
       35.293224   3.7279261e+13
       35.311295   3.7207693e+13
       35.329168   3.7328149e+13
       35.346454   3.7515590e+13
       35.364525   3.7821371e+13
       35.382596   3.7832419e+13
       35.400676   3.9002306e+13
       35.418747   3.8053237e+13
       35.436826   3.8566672e+13
       35.454272   3.8899248e+13
       35.471280   3.9122415e+13
       35.488288   3.9048616e+13
       35.506144   3.8818519e+13
       35.524215   3.9423501e+13
       35.542286   3.9586383e+13
       35.559374   3.8597124e+13
       35.577445   3.9579455e+13
       35.595368   4.0197835e+13
       35.612816   4.0318293e+13
       35.631396   4.0157415e+13
       35.648397   4.0527951e+13
       35.665834   4.0407264e+13
       35.683905   4.0914003e+13
       35.701440   4.1425208e+13
       35.719057   4.1465286e+13
       35.737135   4.0873472e+13
       35.755206   4.1750862e+13
       35.773294   4.1145651e+13
       35.791365   4.1652391e+13
       35.808528   4.1900123e+13
       35.826524   4.2123294e+13
       35.845595   4.2020471e+13
       35.863568   4.2230246e+13
       35.880592   4.2743685e+13
       35.897825   4.2178667e+13
       35.915896   4.2100406e+13
       35.933984   4.2457548e+13
       35.952055   4.2807991e+13
       35.969648   4.2345684e+13
       35.986663   4.2863590e+13
       36.003674   4.3473042e+13
       36.020688   4.3102282e+13
       36.038444   4.3329920e+13
       36.056515   4.3800937e+13
       36.074586   4.3423479e+13
       36.092674   4.3954783e+13
       36.109760   4.4394541e+13
       36.127816   4.4336378e+13
       36.145904   4.3912030e+13
       36.163800   4.4121807e+13
       36.181046   4.4813876e+13
       36.199134   4.4804836e+13
       36.217205   4.4851617e+13
       36.234848   4.4820248e+13
       36.252856   4.5233214e+13
       36.271426   4.5672974e+13
       36.289489   4.6072542e+13
       36.306907   4.5855850e+13
       36.324665   4.5759731e+13
       36.342736   4.6371419e+13
       36.359952   4.5685832e+13
       36.377895   4.6384601e+13
       36.395966   4.6319742e+13
       36.413054   4.7103359e+13
       36.431125   4.6906764e+13
       36.449196   4.7560877e+13
       36.467284   4.7330789e+13
       36.485355   4.7163221e+13
       36.503426   4.7964701e+13
       36.521072   4.7149612e+13
       36.538080   4.7508992e+13
       36.555656   4.7305699e+13
       36.573102   4.8080387e+13
       36.590786   4.8180759e+13
       36.608878   4.8211914e+13
       36.626152   4.8352478e+13
       36.644045   4.8760981e+13
       36.661168   4.9243169e+13
       36.678204   4.8977357e+13
       36.696275   4.8544084e+13
       36.714346   4.8885604e+13
       36.732434   4.9296341e+13
       36.750505   4.8438830e+13
       36.768576   4.9867739e+13
       36.786272   4.9651052e+13
       36.803735   4.9231176e+13
       36.821806   5.0244779e+13
       36.839894   5.1090920e+13
       36.857965   5.0184288e+13
       36.875317   5.0340484e+13
       36.892348   5.0552501e+13
       36.909360   5.1394177e+13
       36.927266   5.0329014e+13
       36.944392   5.0909449e+13
       36.962425   5.0942840e+13
       36.980408   5.1710833e+13
       36.997736   5.1447258e+13
       37.016440   5.0652270e+13
       37.033448   5.2266506e+13
       37.050814   5.2442800e+13
       37.068480   5.1516074e+13
       37.085956   5.2313095e+13
       37.104044   5.2837711e+13
       37.122115   5.2337457e+13
       37.140186   5.2067185e+13
       37.157540   5.2719072e+13
       37.175341   5.2906531e+13
       37.192568   5.4154585e+13
       37.209592   5.4094200e+13
       37.227575   5.2937495e+13
       37.245608   5.3759079e+13
       37.262734   5.3915279e+13
       37.280805   5.3452985e+13
       37.298876   5.3700731e+13
       37.316672   5.3573362e+13
       37.334029   5.4249813e+13
       37.352096   5.4593572e+13
       37.369712   5.4658227e+13
       37.387265   5.4006143e+13
       37.404120   5.4604445e+13
       37.421424   5.4101962e+13
       37.439495   5.5573301e+13
       37.457552   5.5689312e+13
       37.475652   5.5756201e+13
       37.492800   5.5416715e+13
       37.510796   5.6698265e+13
       37.527884   5.5126256e+13
       37.545955   5.5912118e+13
       37.564026   5.5431964e+13
       37.582114   5.6222292e+13
       37.600185   5.6240060e+13
       37.618256   5.7445695e+13
       37.636344   5.7012431e+13
       37.653920   5.7286975e+13
       37.670928   5.7208732e+13
       37.688574   5.6753141e+13
       37.705275   5.7206313e+13
       37.722716   5.8068092e+13
       37.740790   5.7228455e+13
       37.758873   5.7306511e+13
       37.776946   5.8650583e+13
       37.795032   5.8757666e+13
       37.812105   5.8369061e+13
       37.830176   5.8467214e+13
       37.848264   5.8869031e+13
       37.866335   5.9308808e+13
       37.884083   5.9538698e+13
       37.901865   5.9339884e+13
       37.920565   5.8779353e+13
       37.938636   5.8808288e+13
       37.956152   5.9098466e+13
       37.973795   5.8729958e+13
       37.991168   6.0015979e+13
       38.008954   5.9946671e+13
       38.026200   5.9604958e+13
       38.044081   5.9645059e+13
       38.062183   5.9676229e+13
       38.079255   6.0872937e+13
       38.097248   6.0372694e+13
       38.114272   6.1140699e+13
       38.131485   6.0709673e+13
       38.149556   6.0722982e+13
       38.167644   6.1819214e+13
       38.185715   6.0896966e+13
       38.203786   6.1446155e+13
       38.221352   6.1207154e+13
       38.238945   6.1843423e+13
       38.257016   6.2432803e+13
       38.274392   6.2381361e+13
       38.292175   6.2332152e+13
       38.310246   6.1782788e+13
       38.328319   6.2244898e+13
       38.346404   6.2762828e+13
       38.363448   6.2443447e+13
       38.380549   6.2220078e+13
       38.398480   6.2666559e+13
       38.415706   6.3231379e+13
       38.433512   6.2666387e+13
       38.450865   6.1985289e+13
       38.468936   6.2998909e+13
       38.486552   6.2748747e+13
       38.503996   6.3431909e+13
       38.521496   6.2793235e+13
       38.539254   6.2735097e+13
       38.556600   6.3585722e+13
       38.574396   6.3960754e+13
       38.592484   6.4094640e+13
       38.610555   6.3723906e+13
       38.627632   6.3746152e+13
       38.645672   6.3804122e+13
       38.662785   6.3837532e+13
       38.680856   6.3888804e+13
       38.698712   6.5275310e+13
       38.716310   6.4464710e+13
       38.735086   6.4591900e+13
       38.753596   6.5056247e+13
       38.772245   6.4792691e+13
       38.789768   6.4475548e+13
       38.807404   6.4249951e+13
       38.825475   6.4205213e+13
       38.842808   6.4705287e+13
       38.860634   6.4533278e+13
       38.878705   6.4211670e+13
       38.897704   6.5687491e+13
       38.915847   6.5305597e+13
       38.933990   6.5372502e+13
       38.952888   6.5685019e+13
       38.970276   6.4749384e+13
       38.989165   6.5526330e+13
       39.007236   6.5738370e+13
       39.025324   6.6122338e+13
       39.042960   6.5948099e+13
       39.060466   6.4753456e+13
       39.078554   6.6048420e+13
       39.096000   6.4992213e+13
       39.113696   6.5992444e+13
       39.131032   6.6197787e+13
       39.148040   6.6032480e+13
       39.165048   6.6579447e+13
       39.183014   6.5791180e+13
       39.201085   6.5677229e+13
       39.219073   6.5949558e+13
       39.236244   6.6032097e+13
       39.254120   6.5692630e+13
       39.271128   6.5047266e+13
       39.288474   6.5692479e+13
       39.306545   6.5875496e+13
       39.324616   6.5649905e+13
       39.342704   6.5544887e+13
       39.360775   6.5504621e+13
       39.378846   6.6035961e+13
       39.396232   6.5551362e+13
       39.414005   6.5511097e+13
       39.430420   6.6221063e+13
       39.447272   6.6176333e+13
       39.465235   6.5408166e+13
       39.482306   6.5667101e+13
       39.500297   6.5416951e+13
       39.517465   6.4505883e+13
       39.535328   6.5459229e+13
       39.552619   6.6316564e+13
       39.570684   6.6401339e+13
       39.588766   6.5619776e+13
       39.606854   6.5858618e+13
       39.624925   6.5572744e+13
       39.642408   6.5516852e+13
       39.660084   6.6354092e+13
       39.678155   6.5958810e+13
       39.696226   6.6720135e+13
       39.713472   6.5721989e+13
       39.730480   6.5755411e+13
       39.748456   6.6121526e+13
       39.765512   6.5190365e+13
       39.782613   6.6101291e+13
       39.800672   6.5549712e+13
       39.818552   6.5096378e+13
       39.835560   6.6782097e+13
       39.852916   6.5457959e+13
       39.870990   6.4162848e+13
       39.889057   6.5305990e+13
       39.907146   6.5535904e+13
       39.925234   6.5109365e+13
       39.942640   6.5035614e+13
       39.960376   6.4845756e+13
       39.978464   6.6567202e+13
       39.996535   6.6241141e+13
       40.013688   6.4780803e+13
       40.031694   6.4849954e+13
       40.049720   6.5419260e+13
       40.066834   6.4555088e+13
       40.084910   6.5704930e+13
       40.102995   6.4901045e+13
       40.120768   6.5541803e+13
       40.138154   6.5251469e+13
       40.156225   6.5059381e+13
       40.173808   6.4619448e+13
       40.191384   6.3775373e+13
       40.208840   6.5394112e+13
       40.226526   6.4558969e+13
       40.243872   6.4067682e+13
       40.261685   6.5105885e+13
       40.278888   6.4464999e+13
       40.296844   6.4299706e+13
       40.314915   6.4652431e+13
       40.331986   6.3919999e+13
       40.350074   6.4107494e+13
       40.368142   6.3783672e+13
       40.386203   6.4270367e+13
       40.404616   6.4364084e+13
       40.423375   6.3493218e+13
       40.441446   6.4555984e+13
       40.459534   6.4562622e+13
       40.478170   6.4629546e+13
       40.496676   6.4582596e+13
       40.514072   6.4191790e+13
       40.531835   6.3428101e+13
       40.549088   6.3754034e+13
       40.566994   6.4006284e+13
       40.584120   6.4062046e+13
       40.602136   6.3240304e+13
       40.620137   6.3412173e+13
       40.637295   6.2853906e+13
       40.655165   6.2021002e+13
       40.672441   6.2239761e+13
       40.690200   6.3005564e+13
       40.707208   6.1717162e+13
       40.724684   6.2824588e+13
       40.742755   6.2009547e+13
       40.760826   6.1714756e+13
       40.778272   6.1967009e+13
       40.795985   6.2342068e+13
       40.813288   6.1247924e+13
       40.831144   6.1681037e+13
       40.848320   6.1643023e+13
       40.866286   6.1091457e+13
       40.883352   6.1060142e+13
       40.900445   6.1665184e+13
       40.918368   6.1497666e+13
       40.935392   6.1276561e+13
       40.952670   6.1187193e+13
       40.970735   6.0398949e+13
       40.988432   6.0244829e+13
       41.005905   6.0680177e+13
       41.023976   6.0327336e+13
       41.042054   6.0575127e+13
       41.060129   6.0023564e+13
       41.078206   6.1160022e+13
       41.096294   6.0208783e+13
       41.114365   6.0356097e+13
       41.132436   5.9931807e+13
       41.150524   6.0536852e+13
       41.168595   5.9808897e+13
       41.186666   6.0233083e+13
       41.204754   6.0208470e+13
       41.222825   5.9574295e+13
       41.240891   5.9024967e+13
       41.258616   5.8962397e+13
       41.276045   5.8647517e+13
       41.293648   5.8685425e+13
       41.311756   5.8526844e+13
       41.329680   5.9009086e+13
       41.347356   5.8080178e+13
       41.364712   5.8653967e+13
       41.381720   5.8455195e+13
       41.399586   5.8477475e+13
       41.416752   5.7463721e+13
       41.433760   5.8131289e+13
       41.450768   5.7724865e+13
       41.467904   5.7394358e+13
       41.485800   5.7043756e+13
       41.503030   5.6813727e+13
       41.521086   5.6791351e+13
       41.539199   5.5518590e+13
       41.557266   5.5947247e+13
       41.575364   5.6900620e+13
       41.593435   5.5520684e+13
       41.612124   5.5871192e+13
       41.629912   5.6288686e+13
       41.648410   5.6078754e+13
       41.665928   5.5516035e+13
       41.682938   5.5518223e+13
       41.699959   5.5339552e+13
       41.716968   5.5573954e+13
       41.734992   5.4580300e+13
       41.752000   5.4714226e+13
       41.769196   5.4537788e+13
       41.787284   5.4100109e+13
       41.805040   5.4383636e+13
       41.822420   5.4463974e+13
       41.840063   5.4497424e+13
       41.857585   5.3628810e+13
       41.875088   5.3503729e+13
       41.892744   5.3753764e+13
       41.910815   5.3316087e+13
       41.928128   5.3436618e+13
       41.945974   5.3117282e+13
       41.964045   5.2308956e+13
       41.981168   5.3208746e+13
       41.998192   5.2366927e+13
       42.015275   5.1922554e+13
       42.033208   5.1598753e+13
       42.050434   5.1967130e+13
       42.068505   5.1806326e+13
       42.086248   5.1953654e+13
       42.103664   5.1245807e+13
       42.121265   5.0714354e+13
       42.138790   5.1113992e+13
       42.156312   5.1649833e+13
       42.173320   5.0709773e+13
       42.191036   5.1381817e+13
       42.208352   5.0602521e+13
       42.226195   4.9796431e+13
       42.244266   5.0781073e+13
       42.261392   5.0015175e+13
       42.279425   4.9425670e+13
       42.297496   4.8804907e+13
       42.315584   4.9776152e+13
       42.333655   4.9514875e+13
       42.351726   4.9476881e+13
       42.369814   4.8378292e+13
       42.387885   4.8565815e+13
       42.405948   4.9286984e+13
       42.423505   4.8958723e+13
       42.440520   4.8045461e+13
       42.458186   4.8547814e+13
       42.476274   4.9130548e+13
       42.494345   4.7623353e+13
       42.513264   4.7846603e+13
       42.531504   4.7143228e+13
       42.550550   4.6781476e+13
       42.569646   4.8036295e+13
       42.587836   4.7536108e+13
       42.606805   4.6609451e+13
       42.624876   4.7098409e+13
       42.642672   4.6464253e+13
       42.660390   4.6461988e+13
       42.679106   4.6979974e+13
       42.696712   4.6513281e+13
       42.714800   4.5680404e+13
       42.732722   4.5361079e+13
       42.750424   4.5365514e+13
       42.768495   4.5168995e+13
       42.786566   4.6082194e+13
       42.803792   4.4965748e+13
       42.821725   4.4787093e+13
       42.838808   4.5133152e+13
       42.856884   4.4449877e+13
       42.874838   4.5137561e+13
       42.892012   4.4655241e+13
       42.910114   4.4652980e+13
       42.927880   4.3270830e+13
       42.945256   4.3424868e+13
       42.962912   4.3400280e+13
       42.979920   4.4016514e+13
       42.997477   4.3013946e+13
       43.014946   4.2763843e+13
       43.031960   4.2850897e+13
       43.049716   4.3301903e+13
       43.067804   4.2464566e+13
       43.085000   4.1803622e+13
       43.102946   4.1997853e+13
       43.121034   4.1917446e+13
       43.139040   4.1365912e+13
       43.156176   4.1892836e+13
       43.174072   4.1254222e+13
       43.191335   4.1180515e+13
       43.209088   4.0479383e+13
       43.226112   4.0834379e+13
       43.243565   4.1068804e+13
       43.261636   4.0293988e+13
       43.279724   4.1129045e+13
       43.297784   4.0081825e+13
       43.315861   3.9507965e+13
       43.333954   3.9787047e+13
       43.352025   3.9684315e+13
       43.370096   3.9248892e+13
       43.387232   3.9081409e+13
       43.405255   3.8768792e+13
       43.423326   3.9635110e+13
       43.441414   3.8208310e+13
       43.459280   3.7949282e+13
       43.476547   3.8377966e+13
       43.494291   3.8619092e+13
       43.511320   3.7962621e+13
       43.528786   3.8130064e+13
       43.546352   3.7560674e+13
       43.563945   3.7145349e+13
       43.582005   3.7576267e+13
       43.600099   3.7685658e+13
       43.618175   3.6727756e+13
       43.635408   3.6991213e+13
       43.653334   3.6399495e+13
       43.670440   3.7156409e+13
       43.688476   3.6039976e+13
       43.706472   3.6479828e+13
       43.723635   3.5555420e+13
       43.741488   3.5905959e+13
       43.758512   3.5910409e+13
       43.775865   3.5311995e+13
       43.793528   3.5052972e+13
       43.810552   3.5615631e+13
       43.828095   3.5093134e+13
       43.845568   3.4233480e+13
       43.863243   3.4834097e+13
       43.880596   3.4494693e+13
       43.898396   3.4159755e+13
       43.916470   3.4539324e+13
       43.934554   3.3838202e+13
       43.952626   3.4280290e+13
       43.970672   3.3474226e+13
       43.987785   3.3125892e+13
       44.005856   3.3969891e+13
       44.023712   3.3742131e+13
       44.041015   3.2846754e+13
       44.059086   3.2603365e+13
       44.076752   3.2846733e+13
       44.094245   3.2681493e+13
       44.111768   3.2460433e+13
       44.129404   3.1987063e+13
       44.146800   3.1734743e+13
       44.164533   3.1799486e+13
       44.181829   3.1855298e+13
       44.199705   3.1924507e+13
       44.217776   3.1239019e+13
       44.234872   3.1134068e+13
       44.252880   3.2091945e+13
       44.270006   3.0738842e+13
       44.287912   3.1073759e+13
       44.305165   3.1145203e+13
       44.322928   3.0142655e+13
       44.340324   3.0428451e+13
       44.358395   2.9988577e+13
       44.376466   2.9401336e+13
       44.394554   2.9571025e+13
       44.412000   2.9894781e+13
       44.429696   2.9814394e+13
       44.447008   2.8883298e+13
       44.464849   2.9068618e+13
       44.482926   2.9405772e+13
       44.500072   2.8785041e+13
       44.517068   2.9057442e+13
       44.535088   2.8561750e+13
       44.552112   2.8021402e+13
       44.569315   2.8396515e+13
       44.587128   2.8300500e+13
       44.604152   2.8021394e+13
       44.621545   2.7755685e+13
       44.639616   2.7992363e+13
       44.657192   2.8141962e+13
       44.674775   2.7748982e+13
       44.692846   2.7742283e+13
       44.710934   2.7358235e+13
       44.729005   2.6552182e+13
       44.746235   2.6786630e+13
       44.763270   2.6965256e+13
       44.781235   2.6462870e+13
       44.799306   2.6436076e+13
       44.817394   2.6161439e+13
       44.835465   2.5926993e+13
       44.853536   2.5775162e+13
       44.871352   2.6395891e+13
       44.888695   2.5915834e+13
       44.906766   2.5163373e+13
       44.924854   2.5801965e+13
       44.942925   2.6087771e+13
       44.960408   2.5335310e+13
       44.978073   2.5502776e+13
       44.996150   2.5232607e+13
       45.014226   2.5333088e+13
       45.031459   2.4761488e+13
       45.048478   2.5257181e+13
       45.066456   2.4493558e+13
       45.083544   2.4134077e+13
       45.101615   2.4607443e+13
       45.119528   2.3455308e+13
       45.136774   2.3913044e+13
       45.154845   2.3939844e+13
       45.172557   2.3696472e+13
       45.189984   2.2745293e+13
       45.208075   2.3334768e+13
       45.226146   2.3205271e+13
       45.244234   2.3819308e+13
       45.262305   2.2796679e+13
       45.280364   2.3171803e+13
       45.298460   2.3220934e+13
       45.315680   2.2441685e+13
       45.333590   2.2461789e+13
       45.350712   2.2073286e+13
       45.368720   2.2309976e+13
       45.385836   2.2450655e+13
       45.403752   2.1754022e+13
       45.420995   2.1838880e+13
       45.438768   2.1807631e+13
       45.456154   2.1354378e+13
       45.473800   2.1200324e+13
       45.491296   2.1450413e+13
       45.509384   2.1396837e+13
       45.527455   2.1186963e+13
       45.545526   2.0910105e+13
       45.562872   2.1501818e+13
       45.580685   2.0680149e+13
       45.597888   2.0934706e+13
       45.615828   2.0890063e+13
       45.633915   2.0050532e+13
       45.650986   2.0338582e+13
       45.669074   1.9802717e+13
       45.687145   2.0061741e+13
       45.704968   1.9838473e+13
       45.722304   1.9997019e+13
       45.740000   2.0099745e+13
       45.757446   1.9028002e+13
       45.775032   1.9438860e+13
       45.792605   1.9586244e+13
       45.810665   1.8903014e+13
       45.828067   1.9137479e+13
       45.845835   1.8539098e+13
       45.863906   1.8909766e+13
       45.881112   1.9253640e+13
       45.899065   1.8396251e+13
       45.917119   1.8534705e+13
       45.935224   1.8749076e+13
       45.953295   1.8583866e+13
       45.971366   1.8175278e+13
       45.989454   1.8159668e+13
       46.007525   1.8128429e+13
       46.025208   1.7963220e+13
       46.042684   1.7690835e+13
       46.060755   1.7773471e+13
       46.078826   1.7552442e+13
       46.096272   1.7043378e+13
       46.113985   1.7523459e+13
       46.131288   1.7126037e+13
       46.148312   1.7181881e+13
       46.166215   1.6869307e+13
       46.183328   1.6838071e+13
       46.201336   1.6786739e+13
       46.218445   1.7088195e+13
       46.236220   1.7021235e+13
       46.252604   1.6668472e+13
       46.270675   1.6684126e+13
       46.288408   1.6521155e+13
       46.305834   1.6083545e+13
       46.323440   1.5920574e+13
       46.340976   1.6094761e+13
       46.359064   1.5445033e+13
       46.377135   1.6003267e+13
       46.395206   1.5925145e+13
       46.412512   1.5686259e+13
       46.430365   1.5485332e+13
       46.448436   1.5326828e+13
       46.467496   1.4933878e+13
       46.484594   1.4813334e+13
       46.502651   1.5128191e+13
       46.520754   1.4960758e+13
       46.538600   1.5065730e+13
       46.555896   1.4375815e+13
       46.573632   1.4907259e+13
       46.591055   1.4407135e+13
       46.608648   1.5012262e+13
       46.625672   1.4239733e+13
       46.643285   1.4340242e+13
       46.660688   1.4371533e+13
       46.677712   1.4094693e+13
       46.694720   1.4034439e+13
       46.711728   1.3786627e+13
       46.729674   1.3670552e+13
       46.746760   1.3619230e+13
       46.764815   1.3766630e+13
       46.782778   1.3661720e+13
       46.799975   1.3300035e+13
       46.817808   1.2929419e+13
       46.835134   1.3353692e+13
       46.853205   1.2829011e+13
       46.871276   1.2677214e+13
       46.889364   1.2806753e+13
       46.906880   1.3197534e+13
       46.924506   1.2735374e+13
       46.942594   1.2396020e+13
       46.959920   1.2346934e+13
       46.977736   1.2045539e+13
       46.995824   1.2233134e+13
       47.012960   1.2273362e+13
       47.030966   1.1846929e+13
       47.049054   1.1889391e+13
       47.066998   1.1713036e+13
       47.084182   1.1800155e+13
       47.102032   1.1943095e+13
       47.119355   1.1931970e+13
       47.137426   1.1523402e+13
       47.155072   1.1355979e+13
       47.172585   1.1679780e+13
       47.190656   1.1900871e+13
       47.208744   1.1691026e+13
       47.226120   1.1309253e+13
       47.243886   1.1083778e+13
       47.261974   1.1161969e+13
       47.280045   1.1264721e+13
       47.298116   1.0585983e+13
       47.315204   1.0668640e+13
       47.333275   1.0898665e+13
       47.351206   1.0583879e+13
       47.368420   1.0626347e+13
       47.386240   1.0751429e+13
       47.403576   1.0376358e+13
       47.421272   1.0188845e+13
       47.438280   1.0302764e+13
       47.455806   1.0291645e+13
       47.473312   1.0253732e+13
       47.490965   1.0048358e+13
       47.509036   9.9188996e+12
       47.527124   9.9122476e+12
       47.544360   1.0135578e+13
       47.562266   9.8185625e+12
       47.580338   9.6712431e+12
       47.597425   9.6310999e+12
       47.615408   9.1131310e+12
       47.632584   9.1265764e+12
       47.650437   9.5977525e+12
       47.667714   9.3142319e+12
       47.685814   9.3433080e+12
       47.703480   9.2540444e+12
       47.720956   9.2206018e+12
       47.739044   9.1737627e+12
       47.757115   8.6580292e+12
       47.775186   8.8143783e+12
       47.793274   8.8791816e+12
       47.811345   8.8792331e+12
       47.829416   8.8591895e+12
       47.847504   8.7989552e+12
       47.865575   8.4640830e+12
       47.883608   8.4373418e+12
       47.900734   8.3480817e+12
       47.918805   8.5513228e+12
       47.936872   8.1918907e+12
       47.954661   8.3303803e+12
       47.972035   8.7903980e+12
       47.990106   8.4041728e+12
       48.008194   8.2546282e+12
       48.025720   7.9085947e+12
       48.043336   7.7255582e+12
       48.060752   8.0449091e+12
       48.078495   7.5023874e+12
       48.095768   7.4823485e+12
       48.113654   7.6320052e+12
       48.131725   7.6186655e+12
       48.149762   7.2637029e+12
       48.167884   7.2905548e+12
       48.185955   7.3196399e+12
       48.204026   7.5586114e+12
       48.221872   7.2215128e+12
       48.239180   7.2327362e+12
       48.257245   7.1300854e+12
       48.274912   7.4360433e+12
       48.292415   6.9024567e+12
       48.310486   7.3401522e+12
       48.327952   6.8244290e+12
       48.345645   6.7865320e+12
       48.363716   7.0969570e+12
       48.380992   6.6415213e+12
       48.398000   6.6683774e+12
       48.415946   6.3513778e+12
       48.433034   6.5278343e+12
       48.451105   6.1282205e+12
       48.469176   6.3270060e+12
       48.487264   6.4163830e+12
       48.505335   6.6218676e+12
       48.523718   6.2914730e+12
       48.542102   6.3406600e+12
       48.559565   6.0258959e+12
       48.577636   5.9098540e+12
       48.595724   6.0930119e+12
       48.613795   5.8697948e+12
       48.631168   5.7336585e+12
       48.648954   5.8475996e+12
       48.667025   5.8275712e+12
       48.684208   5.5329048e+12
       48.702184   5.5954918e+12
       48.720240   5.6335179e+12
       48.737248   5.8032815e+12
       48.754414   5.7676249e+12
       48.772485   5.0755161e+12
       48.790288   5.2832388e+12
       48.807644   5.4597022e+12
       48.825314   5.4374439e+12
       48.842777   5.2410250e+12
       48.860874   5.2343972e+12
       48.878360   5.0536089e+12
       48.896016   5.1563904e+12
       48.914104   5.3507185e+12
       48.931400   5.2525459e+12
       48.948408   4.9199263e+12
       48.966334   4.9445601e+12
       48.984405   4.7905677e+12
       49.002448   4.9982944e+12
       49.019472   4.8108102e+12
       49.036635   4.5116848e+12
       49.054488   4.8913404e+12
       49.071512   4.7462811e+12
       49.088865   4.5096759e+12
       49.106521   4.5544078e+12
       49.123072   4.3691585e+12
       49.139560   4.5724222e+12
       49.156568   4.2911617e+12
       49.173592   4.2264863e+12
       49.190600   4.2220976e+12
       49.207608   4.3427478e+12
       49.224632   4.3785508e+12
       49.242555   4.2067008e+12
       49.259648   4.0125228e+12
       49.276714   4.0617238e+12
       49.294680   4.1399519e+12
       49.311688   3.7984080e+12
       49.328944   4.2472868e+12
       49.347015   3.8566213e+12
       49.365086   3.9370836e+12
       49.382752   3.8567824e+12
       49.400237   3.4661179e+12
       49.418308   3.8547119e+12
       49.436404   3.7721789e+12
       49.454475   3.7923565e+12
       49.472546   3.7634120e+12
       49.490634   3.6697159e+12
       49.508676   3.5380618e+12
       49.526774   3.6743479e+12
       49.544864   3.5493932e+12
       49.562935   3.5092863e+12
       49.581006   3.6098481e+12
       49.599094   3.4514019e+12
       49.617165   3.5899225e+12
       49.635236   3.1099492e+12
       49.653324   3.0944052e+12
       49.671395   3.4160190e+12
       49.689458   3.2240819e+12
       49.707547   3.1795122e+12
       49.725000   3.1304770e+12
       49.742696   2.9206783e+12
       49.760784   3.0145451e+12
       49.778040   2.8694992e+12
       49.795926   3.0236531e+12
       49.813072   3.0371390e+12
       49.831080   3.1511026e+12
       49.848156   2.8497599e+12
       49.866112   2.9681899e+12
       49.883315   2.7316000e+12
       49.901386   2.9527408e+12
       49.919474   2.9684616e+12
       49.937545   2.6715863e+12
       49.955616   2.9038923e+12
       49.973704   2.7610832e+12
       49.991191   2.4887700e+12
       50.008840   2.9108678e+12
       50.026934   2.4777915e+12
       50.044240   2.6542785e+12
       50.062076   2.4936083e+12
       50.079272   2.4177861e+12
       50.097235   2.6366980e+12
       50.114306   2.3934140e+12
       50.132312   2.4984522e+12
       50.149320   2.4851506e+12
       50.166536   2.3043870e+12
       50.184624   2.1303223e+12
       50.202695   2.5189315e+12
       50.220368   2.2644854e+12
       50.237854   2.0256697e+12
       50.255925   2.2334205e+12
       50.273399   2.2781750e+12
       50.291078   2.3742850e+12
       50.308440   2.1086766e+12
       50.326226   2.2628408e+12
       50.344314   2.1066419e+12
       50.362385   2.1067415e+12
       50.379488   2.1381010e+12
       50.398544   2.0645180e+12
       50.416615   2.0311261e+12
       50.434686   1.7945470e+12
       50.452766   1.9107556e+12
       50.471104   1.9599796e+12
       50.489568   1.9690129e+12
       50.507004   1.6096295e+12
       50.525075   1.8464124e+12
       50.543146   1.8219543e+12
       50.561224   1.6970193e+12
       50.578624   1.7306156e+12
       50.596371   1.9495372e+12
       50.614464   1.7151945e+12
       50.632535   1.6527800e+12
       50.650606   1.6260913e+12
       50.668694   1.7623996e+12
       50.686749   1.7089176e+12
       50.704728   1.6130121e+12
       50.721924   1.6019546e+12
       50.739995   1.5908974e+12
       50.757768   1.5262526e+12
       50.775154   1.5799484e+12
       50.792800   1.2897883e+12
       50.810296   1.6114244e+12
       50.828384   1.5624110e+12
       50.845840   1.2097327e+12
       50.863514   1.4576864e+12
       50.881610   1.3908114e+12
       50.898880   1.4668378e+12
       50.916756   1.3620053e+12
       50.933912   1.3598834e+12
       50.950920   1.4001856e+12
       50.968928   1.2105066e+12
       50.985952   1.1793590e+12
       51.003145   1.3781933e+12
       51.020968   1.1259960e+12
       51.037992   1.1863956e+12
       51.055000   1.1909746e+12
       51.072008   9.0528592e+11
       51.089534   1.3095426e+12
       51.107040   1.3364511e+12
       51.124676   1.1400767e+12
       51.142072   1.1535890e+12
       51.159822   1.2184566e+12
       51.177903   9.1044178e+11
       51.195994   1.2633455e+12
       51.214065   1.0089193e+12
       51.232136   9.4874987e+11
       51.250224   1.0716731e+12
       51.268295   9.0432839e+11
       51.286366   9.2230910e+11
       51.304716   9.1126348e+11
       51.323525   1.0877759e+12
       51.341984   1.0052803e+12
       51.360684   1.0455909e+12
       51.378746   9.4523336e+11
       51.396819   1.0480638e+12
       51.414914   7.8694327e+11
       51.432985   8.5628200e+11
       51.451043   1.0305642e+12
       51.469141   8.3642964e+11
       51.487215   9.6159024e+11
       51.504328   6.6474607e+11
       51.522352   8.2340000e+11
       51.539445   7.9226350e+11
       51.557516   7.9015417e+11
       51.575392   8.0590798e+11
       51.592675   5.7158491e+11
       51.610408   5.9850348e+11
       51.627834   7.7502225e+11
       51.645905   7.4165511e+11
       51.663448   8.0653292e+11
       51.681064   6.4812807e+11
       51.698480   5.7903672e+11
       51.716206   7.9798100e+11
       51.734294   6.6860405e+11
       51.752351   6.5980026e+11
       51.770434   6.3536701e+11
       51.787552   4.9929267e+11
       51.805595   5.4184510e+11
       51.823666   5.6653525e+11
       51.841592   6.0462287e+11
       51.858825   6.0921827e+11
       51.876896   7.8574206e+11
       51.894984   4.5764643e+11
       51.913055   6.8999175e+11
       51.931126   5.0033228e+11
       51.948663   6.2550255e+11
       51.966278   5.4748540e+11
       51.983688   4.8063278e+11
       52.001444   5.6338036e+11
       52.018720   4.1614654e+11
       52.036571   5.7704384e+11
       52.053751   3.9185275e+11
       52.071745   5.5498362e+11
       52.088816   5.2832419e+11
       52.106792   4.4361164e+11
       52.123975   5.3529302e+11
       52.142046   5.3542868e+11
       52.159832   4.6411423e+11
       52.177205   2.9902110e+11
       52.194848   3.3934885e+11
       52.212364   3.8637559e+11
       52.230990   3.4408931e+11
       52.249506   5.4294921e+11
       52.267594   4.2698037e+11
       52.285665   4.2488618e+11
       52.302928   3.7367007e+11
       52.320809   4.9884816e+11
       52.338894   4.6326262e+11
       52.356966   4.0981480e+11
       52.374992   3.2510786e+11
       52.392125   5.5746322e+11
       52.410196   4.4819574e+11
       52.428032   3.2776461e+11
       52.445355   3.9042591e+11
       52.463048   2.7669390e+11
       52.480514   2.7460397e+11
       52.498080   2.5688446e+11
       52.515088   5.5622740e+11
       52.532112   4.0230606e+11
       52.549815   4.1361449e+11
       52.567128   3.1551456e+11
       52.584126   2.5983894e+11
       52.602041   9.2521989e+10
       52.619153   4.3205816e+11
       52.636204   2.0445565e+11
       52.654200   2.7381996e+11
       52.671208   4.8162021e+11
       52.688434   2.3838902e+11
       52.706505   3.6580809e+11
       52.724248   3.2576518e+11
       52.741664   2.5223032e+11
       52.759735   2.7470745e+11
       52.777288   2.8155514e+11
       52.794894   2.1695274e+11
       52.812965   4.1135904e+11
       52.831036   2.2395153e+11
       52.849124   1.9060992e+11
       52.866360   2.4211614e+11
       52.884266   2.4896612e+11
       52.902338   3.0270608e+11
       52.920400   1.0357401e+10
       52.937496   1.3554859e+11
       52.955584   8.6579448e+10
       52.973655   1.8944308e+11
       52.991726   2.5434897e+11
       53.009472   1.6072435e+11
       53.027290   9.6126775e+10
       53.045488   2.0569044e+11
       53.062512   2.1924288e+11
       53.080115   2.2609706e+11
       53.097528   2.7760826e+11
       53.115274   2.1524558e+11
       53.132560   2.4889489e+11
       53.150416   2.1779248e+11
       53.168504   2.3581289e+11
       53.185600   1.7345161e+11
       53.203630   5.0804256e+10
       53.221734   2.5191800e+11
       53.239805   1.9179071e+11
       53.257648   1.5622494e+11
       53.274964   4.2510612e+10
       53.293035   8.2861888e+10
       53.310688   1.4554187e+11
       53.328194   5.0347203e+09
       53.346265   1.3246758e+11
       53.363728   1.6835475e+11
       53.381424   2.5783040e+11
       53.398760   4.5874048e+10
       53.416566   5.9434058e+10
       53.433792  -2.9216591e+09
       53.451725   5.9761420e+10
       53.468808   2.8097592e+11
       53.486817   1.7173191e+11
       53.503955   6.4720964e+10
       53.521848   1.3410409e+11
       53.539114   7.1750711e+10
       53.557185   1.9695541e+11
       53.574888   1.9265627e+11
       53.592344   7.0017606e+10
       53.609920   1.4833401e+11
       53.626928  -2.1193487e+10
       53.644574   1.8439525e+11
       53.661960   1.2204445e+11
       53.679716   7.7556684e+10
       53.697804   2.4295563e+11
       53.715000   2.1633130e+11
       53.732946   2.2245008e+10
       53.751032   1.6978248e+11
       53.768104   1.4539216e+11
       53.786161  -7.1021272e+10
       53.804072   1.4573515e+11
       53.821335   1.4144150e+11
       53.839088   1.0588859e+11
       53.856112   1.4515455e+10
       53.873565   1.7768534e+11
       53.891636   2.6026378e+10
       53.909152   2.6200516e+10
       53.926795   1.0452399e+11
       53.944168   8.0137602e+10
       53.961954   1.8079034e+11
       53.980025   2.1445837e+11
       53.997208   9.2138191e+09
       54.015184   1.3855992e+10
       54.032255   5.1014051e+09
       54.050325   1.1468728e+11
       54.068399   4.1181542e+10
       54.086485   1.1504291e+11
       54.104288  -9.6897756e+10
       54.121644  -6.0993563e+10
       54.139715   1.7334656e+10
       54.157786  -7.8497581e+10
       54.175874   1.1817167e+11
       54.193360  -2.2209182e+09
       54.211016   4.2616420e+10
       54.229104   4.2797697e+10
       54.246400   9.8799989e+10
       54.264246   1.8599960e+10
       54.281403   8.1301715e+10
       54.299404   1.2167538e+11
       54.317448   1.8884343e+11
       54.334564   2.6030405e+10
       54.352478   9.7664913e+10
       54.369693  -2.2723686e+10
       54.387794  -4.4867126e+10
       54.405520   6.0261053e+10
       54.422929   1.1324263e+10
       54.440544   4.2769980e+10
       54.458095   3.8490621e+10
       54.476166   1.5925022e+11
       54.493592  -1.0257684e+10
       54.511325   7.9243082e+10
       54.528608   3.5147226e+09
       54.546484  -3.2022091e+10
       54.564555  -3.8531871e+10
       54.582626   9.5627133e+10
       54.600714   4.6694540e+10
       54.618680   7.1445609e+10
       54.635853   1.0289558e+11
       54.653931  -1.8565938e+09
       54.672015   2.2895686e+10
       54.690086  -5.9395855e+09
       54.707752   6.7935975e+10
       54.725245   3.2403018e+10
       54.743316   2.1431611e+10
       54.761404   7.0747241e+10
       54.778800   9.1036285e+10
       54.796546   6.6669105e+10
       54.814634  -5.3709240e+10
       54.832705   1.7936144e+10
       54.850776  -8.9044583e+10
       54.868864   2.9491258e+10
       54.885935   5.8714063e+10
       54.904006  -1.0408623e+11
       54.921912   7.6970111e+10
       54.939161   3.9209193e+10
       54.956917   5.9143449e+09
       54.973952  -8.7666359e+10
       54.991395  -5.6208279e+10
       55.009466   1.2038425e+11
       55.027554   4.2434594e+10
       55.045625  -2.6583517e+10
       55.063008  -6.8807243e+10
       55.080784   1.1448561e+11
       55.098855   3.2071732e+10
       55.116926   9.7025144e+10
       55.134072   8.8295717e+10
       55.152085   2.1512892e+10
       55.170088  -7.3113884e+09
       55.187244   1.0230048e+11
       55.205120   4.4450214e+10
       55.222124  -1.7865307e+10
       55.239141  -3.7756427e+10
       55.256160  -9.1139800e+10
       55.273168   1.6241103e+10
       55.290704  -5.9469569e+10
       55.308200   2.7816675e+10
       55.325846   6.3748206e+10
       55.343934   1.2647432e+11
       55.361240   1.6463951e+11
       55.379076  -6.2901833e+10
       55.396272   7.3508960e+10
       55.414235   4.6923274e+10
       55.431306  -9.3536403e+10
       55.449394   3.1711474e+10
       55.467320   3.1921006e+10
       55.484536  -5.7182306e+10
       55.502624  -2.1246444e+10
       55.520355  -2.9966995e+10
       55.537756  -8.7809424e+10
       55.555854   1.5112627e+10
       55.573925  -1.8167825e+10
       55.591996   1.9416360e+11
       55.609432   4.0311278e+10
       55.627155  -1.4703330e+11
       55.645226  -8.6533167e+10
       55.662472   1.9725073e+11
       55.680385  -6.6008870e+10
       55.698456  -1.8904478e+10
       55.716512   8.1788488e+10
       55.733615  -9.4389431e+10
       55.751686   5.0960796e+10
       55.769774   3.7780611e+10
       55.787560   4.6928955e+10
       55.804910  -2.2071385e+10
       55.822994   7.8624090e+10
       55.841075  -6.6291682e+10
       55.858608   9.9156537e+10
       55.876234   5.4719224e+10
       55.893640  -3.8840168e+10
       55.911376  -1.0783799e+11
       55.928672   2.6352468e+10
       55.946535   2.4340424e+10
       55.963688  -8.2614278e+10
       55.981677   1.2749372e+11
       55.999720  -4.8677921e+10
       56.016728   8.5514436e+10
       56.033924  -1.3977844e+11
       56.051760   1.0044577e+10
       56.069066   7.7253253e+10
       56.086792   6.1847798e+10
       56.104218  -6.7431851e+10
       56.122287   8.2392854e+10
       56.139832   1.2504228e+11
       56.157455   6.0516014e+10
       56.175526  -1.2234990e+11
       56.192872  -1.2658866e+11
       56.210685  -6.8307933e+10
       56.227888   1.8646239e+11
       56.245844   1.4762537e+10
       56.263915  -4.7528362e+10
       56.281986  -4.9532388e+10
       56.300074  -9.1119759e+09
       56.318145  -1.0042841e+11
       56.335968   6.9775776e+09
       56.353616   5.6330590e+10
       56.372000   5.2095857e+10
       56.389439   7.6705817e+09
       56.407526  -3.2615777e+09
       56.425040  -2.3124855e+10
       56.442048   5.3024046e+10
       56.459764   1.5299188e+10
       56.477835  -2.9123957e+10
       56.495088   2.0232244e+10
       56.512994  -4.2052485e+10
       56.530120  -3.7352070e+10
       56.548136  -8.0900904e+09
       56.566152  -3.9113922e+10
       56.583295   1.3751576e+11
       56.601168   3.7274761e+10
       56.618454   5.0908796e+10
       56.636525   1.9886387e+10
       56.654596  -2.2042910e+09
       56.672684  -4.4389824e+10
       56.690746   4.5161877e+10
       56.708819  -1.2429447e+11
       56.726914  -7.9477716e+09
       56.744985  -2.1105125e+10
       56.763056   5.9288802e+09
       56.781144   5.3058986e+10
       56.799215  -1.2532672e+11
       56.817286  -3.8005099e+10
       56.835374   1.2969907e+11
       56.853445  -7.1013800e+10
       56.871516  -4.1744647e+10
       56.889604   1.7731579e+11
       56.907675   6.1451650e+10
       56.925746   4.6065304e+10
       56.943834  -9.6591834e+10
       56.961905  -7.0343597e+09
       56.979967   2.2237034e+10
       56.998057  -8.0228033e+10
       57.016135   1.5223175e+11
       57.034206   3.4137363e+10
       57.052294  -1.0851758e+11
       57.070365   5.4725507e+10
       57.088436  -3.6573833e+10
       57.106524   1.5028626e+10
       57.123595  -4.2777537e+10
       57.141568  -1.5863697e+11
       57.158754  -7.3540990e+10
       57.176600  -1.7471707e+10
       57.193608   7.3382779e+09
       57.210984   1.6611873e+11
       57.228640  -1.0380436e+11
       57.246126  -3.4336731e+10
       57.263672   1.6463569e+11
       57.281275  -8.0725243e+10
       57.298683   1.2717894e+11
       57.316444   2.9185770e+10
       57.333720  -9.5601283e+10
       57.351586   2.2990616e+10
       57.368752  -3.9276273e+10
       57.386745   7.8656617e+09
       57.403815  -1.8675524e+10
       57.421889  -2.0655009e+10
       57.439800  -9.1852194e+10
       57.457046   4.0138596e+10
       57.475134   3.1461552e+10
       57.492840   8.5303857e+10
       57.510276  -2.1617397e+10
       57.527872   7.2416723e+10
       57.545435  -1.3498134e+11
       57.562878  -7.4543905e+09
       57.580589   5.9786650e+10
       57.597920   7.5672621e+10
       57.615736  -1.6521673e+11
       57.632952  -5.1085352e+10
       57.650895   1.0993554e+11
       57.667968  -1.2612885e+10
       57.685992   7.7404347e+09
       57.703000   1.1517422e+11
       57.720008   1.3329503e+11
       57.737032   8.2198583e+10
       57.754344  -2.0252953e+10
       57.772028   3.5826818e+10
       57.789072   3.3853486e+10
       57.806585   4.0811507e+10
       57.824088   7.5788288e+09
       57.841744  -5.5578560e+09
       57.859803  -8.3187027e+08
       57.877124   7.3112152e+10
       57.894974  -3.1569838e+10
       57.912160   4.2374701e+10
       57.930116   8.9525517e+10
       57.947204  -1.4912559e+11
       57.965200   1.8606098e+11
       57.982346  -1.0171217e+11
       58.000434   1.1960075e+11
       58.018240  -1.4137793e+11
       58.035248   1.2682469e+11
       58.052664   4.4473253e+10
       58.070735  -8.7000482e+10
       58.088806  -8.5878241e+09
       58.106312  -3.0652099e+10
       58.123965  -1.0630435e+11
       58.142024   4.8025278e+10
       58.159348  -1.6462104e+10
       58.177195   5.7486041e+10
       58.195266   1.3590007e+11
       58.212377  -1.8089659e+11
       58.230400   5.1583250e+10
       58.247496   4.5150345e+10
       58.265584   2.9786579e+10
       58.283440   3.2285428e+10
       58.300726  -3.8898950e+10
       58.318814  -1.1838284e+10
       58.336480   1.2239825e+11
       58.353956   3.3351839e+10
       58.372044  -2.1061612e+09
       58.390115   2.2722238e+10
       58.408186   7.3598686e+09
       58.426274   5.0051566e+10
       58.443547   4.8086576e+10
       58.461413   4.1656116e+10
       58.479504   1.1337520e+11
       58.497575  -1.6992598e+11
       58.514646   7.5954076e+10
       58.532734   6.2826122e+10
       58.550805  -5.3012149e+10
       58.568648   4.7734410e+10
       58.585964  -3.6843611e+10
       58.604035   1.3840212e+09
       58.622106  -2.0674623e+10
       58.640194   3.5416259e+10
       58.658265  -8.9352292e+10
       58.676336  -6.4673500e+09
       58.694424  -2.8525067e+10
       58.712495   6.7757191e+10
       58.729755   6.1329364e+10
       58.747652  -3.8876971e+10
       58.765694  -1.2791925e+11
       58.783796   6.6608226e+10
       58.801832   6.0181276e+10
       58.818955  -9.3612655e+10
       58.836848   1.0538093e+11
       58.854114   6.0996293e+10
       58.872185  -9.2797199e+10
       58.890256  -8.8059516e+10
       58.908344   1.3549605e+11
       58.926415   1.3353551e+11
       58.944486   2.0708896e+09
       58.962574   9.1656971e+10
       58.979960  -1.6707878e+11
       58.997716   1.7035160e+11
       59.015804   1.1480403e+11
       59.033860   9.4981623e+10
       59.051007  -2.9897576e+09
       59.069032  -3.3975816e+10
       59.086105   1.0919884e+11
       59.104176  -6.6348340e+09
       59.122264   2.7131571e+10
       59.140331   1.8474033e+10
       59.158712  -2.3675866e+10
       59.177494   1.5969058e+11
       59.195120   7.9582760e+10
       59.212636   1.0639203e+10
       59.230724   6.4501736e+10
       59.248795   1.2506261e+11
       59.267564   3.6023865e+10
       59.285954   5.0390973e+09
       59.304025  -1.6884705e+11
       59.322081   1.2287099e+10
       59.340183  -6.1121191e+10
       59.359240   1.6730670e+09
       59.376326  -1.0746061e+11
       59.394414  -3.5734601e+10
       59.412485  -5.3322026e+10
       59.430556   3.6266539e+10
       59.448644  -8.6263549e+10
       59.466320  -3.2400136e+10
       59.483786  -3.2124605e+10
       59.501874  -4.3012901e+10
       59.519945  -3.6038736e+10
       59.537368  -1.1167927e+11
       59.555104  -2.8788443e+10
       59.573175  -9.9963186e+10
       59.590408   8.1172087e+10
       59.608334  -2.7960413e+10
       59.625409   1.3531232e+11
       59.642476   2.8412505e+10
       59.660564  -3.3789897e+08
       59.678480   8.8696215e+09
       59.695488   1.8553955e+11
       59.712794  -3.3001386e+10
       59.730865  -5.5053369e+10
       59.748528  -1.7758273e+11
       59.765544   9.0633721e+10
       59.783087  -1.3014014e+11
       59.800568   7.7789667e+10
       59.818254  -1.7945307e+10
       59.835600   1.2523245e+11
       59.853396  -1.2010243e+11
       59.870632   3.8705471e+10
       59.888555  -9.2754956e+10
       59.905632   2.5861764e+10
       59.923714  -1.1899535e+11
       59.941785  -2.6114215e+09
       59.959688   3.7856252e+10
       59.976944   3.5900403e+10
       59.995015   8.5299428e+10
       60.012728  -7.9653356e+10
       60.029752  -3.4719714e+10
       60.047245  -7.4633923e+10
       60.064768  -6.5425836e+10
       60.082404  -1.5669490e+11
       60.100475  -6.8184317e+09
       60.118546  -1.7705829e+10
       60.135832  -1.9158967e+11
       60.153705   4.0901554e+10
       60.170848  -6.1531953e+10
       60.188864   1.2630288e+11
       60.205919  -1.6815416e+11
       60.223888  -1.0089251e+11
       60.240912  -2.2466467e+10
       60.258165  -1.0257173e+11
       60.275928   8.5262751e+10
       60.293324   3.8650171e+10
       60.310960  -1.1513861e+11
       60.328466  -7.2438241e+10
       60.345992   3.2781635e+10
       60.363625   1.5809670e+11
       60.381008   1.1371654e+11
       60.398032  -6.4633278e+10
       60.415855   5.6216018e+10
       60.433926  -4.8450703e+10
       60.452014   3.4440635e+10
       60.470085   9.0537692e+10
       60.488140  -1.1896332e+10
       60.506112  -1.2102864e+11
       60.523510  -1.4084800e+11
       60.542128  -7.8052644e+10
       60.559458  -1.5257087e+10
       60.577514   6.9866469e+10
       60.595616   2.3252909e+10
       60.613704  -1.2196295e+10
       60.631775   6.6228582e+10
       60.649846   4.4175979e+10
       60.667934   2.0075008e+11
       60.686005  -1.1093330e+10
       60.704062   1.5441170e+11
       60.722162  -3.0637623e+10
       60.740235   7.4580809e+10
       60.758306   1.6802466e+10
       60.776393  -7.4832256e+09
       60.794450  -7.4193056e+10
       60.812536   1.3162400e+10
       60.830352  -1.7822040e+10
       60.847695   6.5067579e+10
       60.865766  -1.0573927e+10
       60.883854  -1.2531829e+10
       60.901400   2.3468051e+10
       60.918996   2.5975362e+10
       60.937084  -1.6173796e+10
       60.954440   3.0989945e+10
       60.971448   7.5920751e+10
       60.989314  -3.3213661e+10
       61.007385   1.1716933e+10
