8.000000000000000000e+02 4.566632449746623699e-05 4.214631317158359512e-05
8.300000000000000000e+02 0.000000000000000000e+00 4.548890854142905642e-05
8.600000000000000000e+02 1.395065597920565022e-04 4.409296936554143369e-05
8.900000000000000000e+02 0.000000000000000000e+00 3.464034364771480414e-05
9.200000000000000000e+02 0.000000000000000000e+00 4.074473043800403549e-05
9.500000000000000000e+02 0.000000000000000000e+00 1.495563401995526269e-04
9.800000000000000000e+02 0.000000000000000000e+00 5.901761544907640220e-04
1.010000000000000000e+03 0.000000000000000000e+00 1.762458469998661684e-03
1.040000000000000000e+03 2.340607454292249409e-03 4.024961835029310098e-03
1.070000000000000000e+03 5.831020494058944056e-03 7.380458577438723036e-03
1.100000000000000000e+03 1.478404563359498811e-02 1.168753201387128654e-02
1.130000000000000000e+03 8.223525306377023336e-03 1.726002774195908515e-02
1.160000000000000000e+03 2.833300349455189493e-02 2.473017541780681353e-02
1.190000000000000000e+03 2.823998953372397133e-02 3.486124425915862468e-02
1.220000000000000000e+03 4.275453908895861938e-02 4.909806351725465312e-02
1.250000000000000000e+03 5.729543062159642847e-02 6.862327689803518482e-02
1.280000000000000000e+03 9.234753881323927438e-02 9.135975507722007838e-02
1.310000000000000000e+03 1.294540446242307130e-01 1.106105428781234690e-01
1.340000000000000000e+03 1.462042958946341842e-01 1.188376623931939879e-01
1.370000000000000000e+03 1.174452486304298354e-01 1.135582462601144593e-01
1.400000000000000000e+03 1.075568957229240535e-01 9.830314157285641175e-02
1.430000000000000000e+03 7.296853890480176075e-02 7.870452933198567036e-02
1.460000000000000000e+03 5.603428524692142393e-02 5.924944465193820314e-02
1.490000000000000000e+03 3.905292189951712484e-02 4.226614472202355755e-02
1.520000000000000000e+03 2.470349962157849730e-02 2.843955503297556503e-02
1.550000000000000000e+03 1.352904383857523631e-02 1.786557236979415680e-02
1.580000000000000000e+03 7.571900057052432555e-03 1.040078450037111579e-02
1.610000000000000000e+03 3.802278168587348156e-03 5.619271299831642488e-03
1.640000000000000000e+03 0.000000000000000000e+00 2.975412220086549007e-03
1.670000000000000000e+03 1.799656700895089102e-03 1.892375833908764484e-03
