       20.004065   1.5334552e+11
       20.022152  -9.8357340e+09
       20.040065  -7.8764240e+10
       20.057478  -1.1041102e+11
       20.076364   2.0900636e+10
       20.092915   7.3666541e+10
       20.113480   1.4999628e+11
       20.128832   8.8829744e+10
       20.148884   1.3768771e+11
       20.167710   1.6693357e+11
       20.184560   8.8174008e+10
       20.204133  -9.8528198e+10
       20.219472  -9.6631221e+10
       20.238256  -1.0254535e+11
       20.255034  -1.5941480e+11
       20.272386  -7.8714789e+10
       20.289804   1.3757640e+11
       20.307171  -1.3698006e+11
       20.325628  -1.6655256e+10
       20.342220  -2.9766556e+10
       20.361409   7.1206183e+10
       20.377236  -4.1731157e+10
       20.395884   8.4874138e+09
       20.414015   1.9602060e+09
       20.430216  -2.0083036e+10
       20.449792   7.9821923e+10
       20.465438  -5.3740500e+10
       20.484318   3.4310018e+09
       20.501770   1.9577969e+10
       20.519239   2.4025338e+11
       20.537660   2.1373564e+11
       20.555144  -1.8567953e+11
       20.573707  -2.5056892e+10
       20.590500   1.3193716e+11
       20.609256  -1.6838129e+11
       20.626415   1.2279437e+11
       20.643952   1.2363780e+11
       20.662088   5.4101968e+10
       20.678265   1.3420274e+11
       20.698210   8.3084273e+10
       20.714404   1.4230370e+11
       20.733395  -4.9455944e+10
       20.751251   1.4495599e+10
       20.769092  -4.6857268e+10
       20.787965   2.1847263e+10
       20.804304  -8.3812972e+10
       20.822244   4.8584441e+10
       20.839294  -1.2296705e+11
       20.857680   1.2622276e+11
       20.875710  -9.3524645e+10
       20.893082  -1.9690962e+11
       20.911158  -2.9784991e+11
       20.927570  -2.0781286e+11
       20.947102  -2.1030657e+10
       20.963459  -1.6761736e+11
       20.981476  -1.7033888e+11
       20.999456   2.3865041e+10
       21.017080   3.5943130e+10
       21.037052  -2.4802069e+11
       21.053058  -2.1917181e+11
       21.071848  -1.3676065e+11
       21.089528   1.3079052e+11
       21.107478   1.2590415e+11
       21.125544  -3.1627872e+10
       21.143166  -1.9725270e+10
       21.161898  -3.0837590e+10
       21.178849  -1.0621860e+11
       21.197180  -1.3786066e+11
       21.212914  -4.5230229e+10
       21.232366  -1.8774377e+11
       21.251604   4.7340029e+10
       21.268820   1.2582991e+11
       21.289560  -2.1028430e+10
       21.305688  -2.2238667e+11
       21.322696   1.4825281e+11
       21.339410   8.1397937e+10
       21.356444   1.4990530e+10
       21.374315   1.1399068e+11
       21.390744  -7.3335313e+10
       21.408864   1.5411933e+11
       21.426165   2.3660730e+11
       21.444132  -1.2049368e+11
       21.461796   1.9242046e+11
       21.478813  -8.1609008e+10
       21.496688  -6.2764568e+10
       21.513848   1.8018083e+11
       21.532838   1.2674493e+11
       21.549918   1.3236597e+11
       21.568124   1.9700611e+11
       21.586534  -2.1100708e+10
       21.602392   1.0647194e+11
       21.621236  -3.5032149e+10
       21.638936   2.3780521e+11
       21.656812   3.7239860e+10
       21.674968   2.0970025e+11
       21.693098   1.3061652e+11
       21.710341   2.6737898e+11
       21.727685   1.6628620e+11
       21.745767   1.6315284e+11
       21.763011  -9.5552178e+10
       21.781802   1.7180966e+11
       21.799056   1.9732790e+11
       21.817072   2.3434978e+11
       21.836020  -1.0009268e+11
       21.852356   1.5439163e+11
       21.871091   1.6706850e+11
       21.888373   4.7378630e+09
       21.906741   1.8003473e+11
       21.924754   1.0774318e+11
       21.942054   1.6302870e+11
       21.960678   8.4754353e+10
       21.979324   1.0866133e+11
       21.997846   6.0032397e+10
       22.013814  -7.8716427e+10
       22.031752   1.9331139e+11
       22.048408   1.8686325e+11
       22.065254  -1.6276421e+11
       22.084172   8.6722970e+09
       22.099324   1.2387894e+11
       22.118377   1.1030111e+11
       22.136304  -1.9495982e+11
       22.153744  -7.4948762e+10
       22.172065   3.4081598e+11
       22.189012   1.1366853e+11
       22.207368   4.3041415e+10
       22.224837   3.0815795e+10
       22.242908  -7.3718018e+09
       22.260408  -3.0195775e+10
       22.278718  -2.7795279e+10
       22.296424  -1.6704846e+11
       22.314226   9.8075126e+10
       22.333138  -4.9437158e+10
       22.349546  -8.9116552e+10
       22.368423   1.4205758e+11
       22.384558  -4.3361821e+10
       22.403598  -1.3869498e+11
       22.421528  -7.5233030e+10
       22.438978   8.4058140e+10
       22.457544  -1.2830375e+11
       22.474910  -8.7851189e+10
       22.493387  -2.1111279e+11
       22.511584  -1.0539476e+11
       22.529146  -6.9322054e+10
       22.546597  -4.4186795e+10
       22.564277  -2.6184672e+10
       22.582376  -1.2935311e+11
       22.599656  -2.0466798e+11
       22.618372  -6.3727957e+10
       22.635673  -1.3481487e+11
       22.654658  -1.0197701e+11
       22.672704  -1.6960531e+11
       22.690052  -2.3605536e+10
       22.709736  -3.1472825e+10
       22.726744  -9.7101686e+10
       22.744066  -6.5464038e+10
       22.761415   1.6094935e+10
       22.777784  -2.1430168e+10
       22.795296   6.4730210e+09
       22.813367  -6.3374839e+10
       22.832052  -2.5461474e+11
       22.849848  -1.5881034e+11
       22.867597  -1.0013608e+11
       22.884864  -1.2379874e+11
       22.901020   1.8653219e+11
       22.918827   5.1099836e+10
       22.934895   5.9094819e+10
       22.952928   1.6928658e+11
       22.970055   1.1849433e+11
       22.988297   7.9589963e+10
       23.006720   1.3314681e+11
       23.023598  -7.5302721e+09
       23.041984   6.8104632e+10
       23.059446  -1.4263530e+11
       23.077517   1.8716260e+11
       23.094460   2.5042160e+11
       23.112304   1.1795627e+11
       23.130056  -1.7642590e+10
       23.147818  -6.9864548e+09
       23.165088   1.5201815e+11
       23.182096   1.0600485e+11
       23.199104   1.4773980e+11
       23.216126   1.4184613e+11
       23.235207   3.1825920e+11
       23.253010   6.6324135e+10
       23.269168   2.9155494e+11
       23.285643   2.1637155e+11
       23.302117   1.7280421e+11
       23.321984   2.3952753e+11
       23.341118   6.3155618e+10
       23.360766   2.5457883e+11
       23.379248   1.1079544e+11
       23.397538   2.7804257e+11
       23.416672   2.7326128e+11
       23.434288   1.1222964e+11
       23.452127   5.6214705e+10
       23.469304   1.2490081e+11
       23.487286   3.1636217e+11
       23.506315   1.7498645e+11
       23.522328   2.2123907e+11
       23.539207   2.3516963e+11
       23.555165   3.8050273e+10
       23.571932   2.1709848e+11
       23.590408   2.0865173e+11
       23.608218   1.2265656e+11
       23.625960   1.6138011e+11
       23.642976   2.1482014e+11
       23.660456   7.9694709e+09
       23.676810   3.2834577e+11
       23.692770   3.0785503e+11
       23.711058   3.6868319e+11
       23.731036   1.2783070e+11
       23.751252   2.0980960e+11
       23.769507   3.0228354e+11
       23.787577   1.8330197e+11
       23.805651   2.8295126e+11
       23.823898   2.9675234e+11
       23.842584   2.6986034e+11
       23.859896   1.6494878e+11
       23.877967   3.1779154e+11
       23.895624   4.8485130e+11
       23.913126   4.3045063e+11
       23.929559   2.9593612e+11
       23.945651   4.5053176e+11
       23.961352   1.2240754e+11
       23.977696   4.5060128e+11
       23.993116   4.1779079e+11
       24.010586   4.1481100e+11
       24.030499   3.0020198e+11
       24.049712   3.6856517e+11
       24.067816   2.1926336e+11
       24.085774   4.7284848e+11
       24.103117   3.0053995e+11
       24.121808   3.5241470e+11
       24.139117   4.3005161e+11
       24.157188   3.2724112e+11
       24.174848   5.2712111e+11
       24.191856   3.6580808e+11
       24.208864   2.8126595e+11
       24.226506   6.4075553e+11
       24.244577   4.3866017e+11
       24.261160   3.8985775e+11
       24.277928   4.4328332e+11
       24.294065   5.5172563e+11
       24.312812   6.0127118e+11
       24.332962   5.2906866e+11
       24.351154   5.0197550e+11
       24.370926   4.9838255e+11
       24.388182   5.8309423e+11
       24.406518   6.0284346e+11
       24.425024   5.0656184e+11
       24.442804   5.3384602e+11
       24.461497   5.8053012e+11
       24.479064   7.1731249e+11
       24.497224   5.6318223e+11
       24.514456   6.5226298e+11
       24.531793   7.9797814e+11
       24.549128   8.1571534e+11
       24.566136   5.1883346e+11
       24.584912   7.6951127e+11
       24.601220   7.2717991e+11
       24.620176   7.5118503e+11
       24.637184   5.9407606e+11
       24.654346   5.4849013e+11
       24.672012   8.2648473e+11
       24.687949   7.9567908e+11
       24.704904   7.9192201e+11
       24.724429   7.8964113e+11
       24.744164   7.5350227e+11
       24.762280   6.6781094e+11
       24.781039   9.7246008e+11
       24.799304   8.1511480e+11
       24.817036   6.7696483e+11
       24.835878   8.8203740e+11
       24.853344   8.8044987e+11
       24.871266   8.5683805e+11
       24.889337   8.2689497e+11
       24.907384   9.1830455e+11
       24.924408   8.0311283e+11
       24.941567   8.8784506e+11
       24.959421   7.8170277e+11
       24.976436   9.0303579e+11
       24.993797   9.8473720e+11
       25.011868   1.0071963e+12
       25.029956   1.0745308e+12
       25.047496   8.3911411e+11
       25.065098   1.0197820e+12
       25.083186   8.7025951e+11
       25.099815   9.7187183e+11
       25.117328   1.0320172e+12
       25.134568   1.1449915e+12
       25.152487   8.7086442e+11
       25.169584   1.1700349e+12
       25.186570   1.0625141e+12
       25.202818   1.0432131e+12
       25.221952   9.7271426e+11
       25.241104   1.0120838e+12
       25.259651   1.0906126e+12
       25.277360   9.8639437e+11
       25.296106   1.0961670e+12
       25.313696   1.0251672e+12
       25.331792   1.0483662e+12
       25.349728   9.9295241e+11
       25.367407   9.5907677e+11
       25.384744   1.0979785e+12
       25.403364   1.0797272e+12
       25.421637   1.0437504e+12
       25.438784   1.0273753e+12
       25.456796   1.1091713e+12
       25.473867   1.1595021e+12
       25.491938   1.0703598e+12
       25.509848   1.1854453e+12
       25.527097   1.0530318e+12
       25.544859   1.0855571e+12
       25.562245   1.0061106e+12
       25.579896   1.2722744e+12
       25.597398   9.7277982e+11
       25.616044   1.1504914e+12
       25.633936   1.1121133e+12
       25.650933   1.0874324e+12
       25.668712   1.2905236e+12
       25.686787   1.0987925e+12
       25.703984   1.3528148e+12
       25.721008   1.2473723e+12
       25.738000   1.1752347e+12
       25.757024   1.3092326e+12
       25.774176   1.3056765e+12
       25.791865   1.4080757e+12
       25.808318   1.4003978e+12
       25.827042   1.3337076e+12
       25.846471   1.3002907e+12
       25.864982   1.3983474e+12
       25.883636   1.4236285e+12
       25.901136   1.3368357e+12
       25.918778   1.3598986e+12
       25.936866   1.3455228e+12
       25.954937   1.5057977e+12
       25.973008   1.5166738e+12
       25.990208   1.5490178e+12
       26.008167   1.6970834e+12
       26.025238   1.4738135e+12
       26.043248   1.5999823e+12
       26.060392   1.4942452e+12
       26.078441   1.6691979e+12
       26.096279   1.6515315e+12
       26.113604   1.6749437e+12
       26.131691   1.6039265e+12
       26.149319   1.7389688e+12
       26.166857   1.7402960e+12
       26.183760   1.6354084e+12
       26.201016   1.6482016e+12
       26.219087   1.7727747e+12
       26.236384   1.6300902e+12
       26.254246   1.7464927e+12
       26.271387   1.6663378e+12
       26.289387   1.8570523e+12
       26.306476   1.9022834e+12
       26.324547   2.0200244e+12
       26.342464   1.8312382e+12
       26.359706   1.9997469e+12
       26.377496   2.0640172e+12
       26.394848   2.0829738e+12
       26.412936   1.9859200e+12
       26.430528   2.2481300e+12
       26.448070   2.3020271e+12
       26.466146   2.2084996e+12
       26.483565   2.2385714e+12
       26.501308   2.1605019e+12
       26.520184   2.2335387e+12
       26.539318   2.0766739e+12
       26.556624   2.3753331e+12
       26.574626   2.3910752e+12
       26.593656   2.4106373e+12
       26.610768   2.4320609e+12
       26.628856   2.5437292e+12
       26.646696   2.6042379e+12
       26.663998   2.4545120e+12
       26.681711   2.7014181e+12
       26.698701   2.6320417e+12
       26.715728   2.6627459e+12
       26.732761   2.8720934e+12
       26.750387   2.9497805e+12
       26.768458   2.9468746e+12
       26.786546   2.8457040e+12
       26.804617   3.0979796e+12
       26.822688   3.0438168e+12
       26.840776   3.2606218e+12
       26.858847   3.0531563e+12
       26.876864   3.2168252e+12
       26.893888   3.2959945e+12
       26.911077   3.5479436e+12
       26.928660   3.2420848e+12
       26.945544   3.7944318e+12
       26.964307   3.8577136e+12
       26.982371   3.8522190e+12
       27.000457   3.9429228e+12
       27.018527   3.9373588e+12
       27.037225   4.0554923e+12
       27.055008   3.9850566e+12
       27.072016   4.2032939e+12
       27.089838   4.6375399e+12
       27.107048   4.4020533e+12
       27.124997   4.5161272e+12
       27.142068   4.4003970e+12
       27.160088   4.7049329e+12
       27.177227   4.7678836e+12
       27.195298   5.0743471e+12
       27.213124   5.1706513e+12
       27.230445   5.0194820e+12
       27.248528   5.2984045e+12
       27.266616   5.5144673e+12
       27.284687   5.1511515e+12
       27.302175   5.9269177e+12
       27.319840   5.9347674e+12
       27.338618   6.1134715e+12
       27.356224   6.3078782e+12
       27.374076   6.2037555e+12
       27.392147   6.6122173e+12
       27.410218   6.4648730e+12
       27.428288   6.2114686e+12
       27.445377   6.8968283e+12
       27.463448   7.0440591e+12
       27.481536   7.1716452e+12
       27.499878   7.3424338e+12
       27.518678   7.4916145e+12
       27.536766   7.6348995e+12
       27.554829   7.8999460e+12
       27.572376   8.2474754e+12
       27.589408   8.6794517e+12
       27.606406   8.6911392e+12
       27.624133   8.7342475e+12
       27.642226   8.9600011e+12
       27.660297   9.2368156e+12
       27.677464   9.7964375e+12
       27.694488   9.4899540e+12
       27.712496   9.8983482e+12
       27.729504   1.0179084e+13
       27.746686   1.0357693e+13
       27.764757   1.0495058e+13
       27.782828   1.0540115e+13
       27.800916   1.0875837e+13
       27.818987   1.1299937e+13
       27.837058   1.1714215e+13
       27.854608   1.1767126e+13
       27.872217   1.1857351e+13
       27.890277   1.2295195e+13
       27.908371   1.2640733e+13
       27.925656   1.2968594e+13
       27.943518   1.3198258e+13
       27.960688   1.3799109e+13
       27.978677   1.3706683e+13
       27.995704   1.4160237e+13
       28.012836   1.4937843e+13
       28.030736   1.5316765e+13
       28.047978   1.5403059e+13
       28.065768   1.5956773e+13
       28.083125   1.6559586e+13
       28.101188   1.6172567e+13
       28.119296   1.7060153e+13
       28.137367   1.7623686e+13
       28.154824   1.7841564e+13
       28.171848   1.8442413e+13
       28.189584   1.8613155e+13
       28.207665   1.9518417e+13
       28.226624   2.0349048e+13
       28.244827   2.0802600e+13
       28.261904   2.1366133e+13
       28.278986   2.1399399e+13
       28.297057   2.1941329e+13
       28.315312   2.2669834e+13
       28.334216   2.3017332e+13
       28.351976   2.3675136e+13
       28.369358   2.3955860e+13
       28.387439   2.4927895e+13
       28.405509   2.5518924e+13
       28.423588   2.6094241e+13
       28.441048   2.6791323e+13
       28.459438   2.7517865e+13
       28.477805   2.7767166e+13
       28.495085   2.8214826e+13
       28.512977   2.9125980e+13
       28.531048   2.9640414e+13
       28.549128   3.0812774e+13
       28.566207   3.0944237e+13
       28.584278   3.1617753e+13
       28.602366   3.3122020e+13
       28.620437   3.3634491e+13
       28.638184   3.4017341e+13
       28.655596   3.4537668e+13
       28.673667   3.5735559e+13
       28.691738   3.6546551e+13
       28.709826   3.7275057e+13
       28.727256   3.7801276e+13
       28.744968   3.9219130e+13
       28.763043   4.0389526e+13
       28.780293   4.1420481e+13
       28.798122   4.2310032e+13
       28.815325   4.2141011e+13
       28.832357   4.3933981e+13
       28.850344   4.4273624e+13
       28.867516   4.5701298e+13
       28.885376   4.7345008e+13
       28.902932   4.8118685e+13
       28.921746   4.9483513e+13
       28.939817   4.9994021e+13
       28.957888   5.1633802e+13
       28.975448   5.3187170e+13
       28.993047   5.4302575e+13
       29.011118   5.5127316e+13
       29.028488   5.7432878e+13
       29.045496   5.8387240e+13
       29.063334   5.9245368e+13
       29.080527   6.0875330e+13
       29.098392   6.2552427e+13
       29.116544   6.3659977e+13
       29.133764   6.4810734e+13
       29.152576   6.7212530e+13
       29.169808   6.8485053e+13
       29.187896   6.9578856e+13
       29.205616   7.1173467e+13
       29.222624   7.3445642e+13
       29.239648   7.4944019e+13
       29.257197   7.5921949e+13
       29.274664   7.7895604e+13
       29.292356   7.9989059e+13
       29.310427   8.0972881e+13
       29.328498   8.2924932e+13
       29.347429   8.4939830e+13
       29.365656   8.7818867e+13
       29.382681   8.9063895e+13
       29.400816   9.1230017e+13
       29.418776   9.4089416e+13
       29.435958   9.5699739e+13
       29.453808   9.7626259e+13
       29.471117   9.9676508e+13
       29.488824   1.0153625e+14
       29.506276   1.0383985e+14
       29.523365   1.0614934e+14
       29.540418   1.0651452e+14
       29.558506   1.0984920e+14
       29.575896   1.1255541e+14
       29.592904   1.1447800e+14
       29.611544   1.1711351e+14
       29.630678   1.1926392e+14
       29.648862   1.2168536e+14
       29.666966   1.2296770e+14
       29.684037   1.2509258e+14
       29.701984   1.2817980e+14
       29.719196   1.3056196e+14
       29.737016   1.3247080e+14
       29.754338   1.3396722e+14
       29.772394   1.3644561e+14
       29.790449   1.3804022e+14
       29.808568   1.3973892e+14
       29.826656   1.4278097e+14
       29.844096   1.4390816e+14
       29.861798   1.4591717e+14
       29.879886   1.4836807e+14
       29.897136   1.5027691e+14
       29.915028   1.5138446e+14
       29.933100   1.5408871e+14
       29.950187   1.5630001e+14
       29.968242   1.5796139e+14
       29.986208   1.5905127e+14
       30.003216   1.6162983e+14
       30.020488   1.6345422e+14
       30.038576   1.6440466e+14
       30.056256   1.6796126e+14
       30.073718   1.6923575e+14
       30.091806   1.6834007e+14
       30.109296   1.7149014e+14
       30.126948   1.7175712e+14
       30.145744   1.7379362e+14
       30.164107   1.7600688e+14
       30.180510   1.7690625e+14
       30.198266   1.7828287e+14
       30.216337   1.7900942e+14
       30.233391   1.7976149e+14
       30.251496   1.8210634e+14
       30.269567   1.8080608e+14
       30.287638   1.8207272e+14
       30.306004   1.8447845e+14
       30.324456   1.8533854e+14
       30.341464   1.8548769e+14
       30.358488   1.8445649e+14
       30.376027   1.8469205e+14
       30.393504   1.8389064e+14
       30.410517   1.8502373e+14
       30.428252   1.8364099e+14
       30.445531   1.8283762e+14
       30.463413   1.8404337e+14
       30.481487   1.8208715e+14
       30.499558   1.8012898e+14
       30.518630   1.7909779e+14
       30.536717   1.7814319e+14
       30.554788   1.7715128e+14
       30.572648   1.7499867e+14
       30.589947   1.7300710e+14
       30.608018   1.7004142e+14
       30.625688   1.6810681e+14
       30.643177   1.6616041e+14
       30.660704   1.6368375e+14
       30.677728   1.6081626e+14
       30.695407   1.5891504e+14
       30.712744   1.5562923e+14
       30.730566   1.5476498e+14
       30.747776   1.5319174e+14
       30.765708   1.5380830e+14
       30.782808   1.5065408e+14
       30.800815   1.5139830e+14
       30.817810   1.5123125e+14
       30.835204   1.5122917e+14
       30.853856   1.5209909e+14
       30.871168   1.5226198e+14
       30.889256   1.5215189e+14
       30.907327   1.5173149e+14
       30.924904   1.5278209e+14
       30.943044   1.5197479e+14
       30.961557   1.5249512e+14
       30.978944   1.5355358e+14
       30.997464   1.5159147e+14
       31.015787   1.5206074e+14
       31.032984   1.5221382e+14
       31.051884   1.5220585e+14
       31.069016   1.5033409e+14
       31.086023   1.4872353e+14
       31.103159   1.4777286e+14
       31.121043   1.4636460e+14
       31.138064   1.4541589e+14
       31.155724   1.4340469e+14
       31.174096   1.3874411e+14
       31.191104   1.3412282e+14
       31.208636   1.2738830e+14
       31.226707   1.2226620e+14
       31.244778   1.1569273e+14
       31.262866   1.0735956e+14
       31.280176   9.8005136e+13
       31.298008   9.0716790e+13
       31.316096   8.4316151e+13
       31.333216   7.9394369e+13
       31.351238   7.7345853e+13
       31.369326   7.3928460e+13
       31.387395   7.2284517e+13
       31.405454   7.0379369e+13
       31.423556   6.7751486e+13
       31.441291   6.6331435e+13
       31.458688   6.5298282e+13
       31.477244   6.4345652e+13
       31.495857   6.2935421e+13
       31.513344   6.1397532e+13
       31.531016   6.0297606e+13
       31.549087   5.9195715e+13
       31.566384   5.8716398e+13
       31.583408   5.7396509e+13
       31.601317   5.7033065e+13
       31.617446   5.6811026e+13
       31.635448   5.5648253e+13
       31.652547   5.5121802e+13
       31.670615   5.3827444e+13
       31.688475   5.3418830e+13
       31.705777   5.2501552e+13
       31.723848   5.2611421e+13
       31.741936   5.2670228e+13
       31.760478   5.1802049e+13
       31.778544   5.1112590e+13
       31.796156   5.0800209e+13
       31.814231   5.0633162e+13
       31.832308   5.0454331e+13
       31.850396   4.9833610e+13
       31.868467   5.0067209e+13
       31.886538   4.9310975e+13
       31.903648   4.8788452e+13
       31.921655   4.8648901e+13
       31.938650   4.8144054e+13
       31.955856   4.8193041e+13
       31.973692   4.7982787e+13
       31.990986   4.7640948e+13
       32.009086   4.7460154e+13
       32.027157   4.7212585e+13
       32.045228   4.7137844e+13
       32.062768   4.6915807e+13
       32.080387   4.6695733e+13
       32.099132   4.6986288e+13
       32.117546   4.6314505e+13
       32.134816   4.6355638e+13
       32.151824   4.5890070e+13
       32.169776   4.6339705e+13
       32.187847   4.5773977e+13
       32.204918   4.5685488e+13
       32.223124   4.5624496e+13
       32.242077   4.5587071e+13
       32.259900   4.5482871e+13
       32.277224   4.5632022e+13
       32.294936   4.4795267e+13
       32.312378   4.5333281e+13
       32.329968   4.4622220e+13
       32.347537   4.5087567e+13
       32.364984   4.6191200e+13
       32.382696   4.5256248e+13
       32.400767   4.5049924e+13
       32.418024   4.5100877e+13
       32.435048   4.5114515e+13
       32.453938   4.5077091e+13
       32.472064   4.5385322e+13
       32.489156   4.5139719e+13
       32.507227   4.4558279e+13
       32.525104   4.4876331e+13
       32.542644   4.5147248e+13
       32.561441   4.5325858e+13
       32.579496   4.4622654e+13
       32.597616   4.4779662e+13
       32.615176   4.4893462e+13
       32.632758   4.4995479e+13
       32.650846   4.5582593e+13
       32.668917   4.5417512e+13
       32.686224   4.5631474e+13
       32.704076   4.5287674e+13
       32.721256   4.5593942e+13
       32.739218   4.5597762e+13
       32.756324   4.5554447e+13
       32.775377   4.6084606e+13
       32.793448   4.5605293e+13
       32.811325   4.6017615e+13
       32.828865   4.5577582e+13
       32.847339   4.6486785e+13
       32.864756   4.5952481e+13
       32.882837   4.6669217e+13
       32.900384   4.6441290e+13
       32.917996   4.6588479e+13
       32.936067   4.7157918e+13
       32.954138   4.6963379e+13
       32.972226   4.6326950e+13
       32.989456   4.6340591e+13
       33.007368   4.6360123e+13
       33.024488   4.6687996e+13
       33.041496   4.6845005e+13
       33.058598   4.7166986e+13
       33.076683   4.6544306e+13
       33.094744   4.7158916e+13
       33.112828   4.7449474e+13
       33.130568   4.6979982e+13
       33.147569   4.7893114e+13
       33.165523   4.7433442e+13
       33.184146   4.8209097e+13
       33.202818   4.8179531e+13
       33.221288   4.8479909e+13
       33.239364   4.8772432e+13
       33.256653   4.8662344e+13
       33.274518   4.8393176e+13
       33.290770   4.8100440e+13
       33.308677   4.8809321e+13
       33.325748   4.8394821e+13
       33.343944   4.9105666e+13
       33.362736   4.8915056e+13
       33.379978   4.9407903e+13
       33.398066   4.9176050e+13
       33.416137   4.9710140e+13
       33.434201   5.0271725e+13
       33.451800   5.0039872e+13
       33.469367   4.9450581e+13
       33.487438   5.0245876e+13
       33.505526   5.0090618e+13
       33.523597   4.9605416e+13
       33.541668   5.0345721e+13
       33.559756   5.0269022e+13
       33.577827   5.0865958e+13
       33.594904   5.0382720e+13
       33.612928   5.0893243e+13
       33.630057   5.0675139e+13
       33.648128   5.0794835e+13
       33.666216   5.1533177e+13
       33.684287   5.1083327e+13
       33.702732   5.2406927e+13
       33.721001   5.1045802e+13
       33.738500   5.0741284e+13
       33.755453   5.2096308e+13
       33.772676   5.1668061e+13
       33.790056   5.3021121e+13
       33.807818   5.2423974e+13
       33.825088   5.2033043e+13
       33.842096   5.2669260e+13
       33.860992   5.2502219e+13
       33.879128   5.2928293e+13
       33.896207   5.2849631e+13
       33.914278   5.3464244e+13
       33.932168   5.3758733e+13
       33.949176   5.3426721e+13
       33.966508   5.3177195e+13
       33.984596   5.3711287e+13
       34.002209   5.4131469e+13
       34.019721   5.3850520e+13
       34.037819   5.4054668e+13
       34.055256   5.4706597e+13
       34.072968   5.5181770e+13
       34.090288   5.4256644e+13
       34.108127   5.4857511e+13
       34.125304   5.4415518e+13
       34.142328   5.4996745e+13
       34.160357   5.5664386e+13
       34.178428   5.5304880e+13
       34.196368   5.5943062e+13
       34.213376   5.5713176e+13
       34.230658   5.5542209e+13
       34.248746   5.6327688e+13
       34.266817   5.6787150e+13
       34.284888   5.6498346e+13
       34.302976   5.5932625e+13
       34.321037   5.6386196e+13
       34.338458   5.7010631e+13
       34.356206   5.7189248e+13
       34.374277   5.7108624e+13
       34.392348   5.8049255e+13
       34.409528   5.6531017e+13
       34.426536   5.7615017e+13
       34.444578   5.8712765e+13
       34.462666   5.8539835e+13
       34.480737   5.8486706e+13
       34.498808   5.8804765e+13
       34.516608   5.9171923e+13
       34.533967   5.9295550e+13
       34.551210   5.9507555e+13
       34.568126   5.9666534e+13
       34.586197   5.9976737e+13
       34.604258   5.9583845e+13
       34.621683   5.9719256e+13
       34.639402   5.9813425e+13
       34.657491   5.9948836e+13
       34.675586   6.0473111e+13
       34.693657   6.1219312e+13
       34.711728   6.0686980e+13
       34.728768   6.1063958e+13
       34.745883   6.1081532e+13
       34.763930   6.1517429e+13
       34.782046   6.2069200e+13
       34.800117   6.1821641e+13
       34.817824   6.2404834e+13
       34.834848   6.2314392e+13
       34.851365   6.1986311e+13
       34.868418   6.2879810e+13
       34.887124   6.2543873e+13
       34.905565   6.2317918e+13
       34.923644   6.2956103e+13
       34.941736   6.4458428e+13
       34.958936   6.4153915e+13
       34.977812   6.4381633e+13
       34.994968   6.4031949e+13
       35.013037   6.4326443e+13
       35.031108   6.5096213e+13
       35.049008   6.4783844e+13
       35.066016   6.5249202e+13
       35.083024   6.5304093e+13
       35.100426   6.5376660e+13
       35.118056   6.5457082e+13
       35.135568   6.5398064e+13
       35.153656   6.5918413e+13
       35.171727   6.6538923e+13
       35.189093   6.6206915e+13
       35.206882   6.7251640e+13
       35.224136   6.7013902e+13
       35.242028   6.7746358e+13
       35.260116   6.6721075e+13
       35.278187   6.6909516e+13
       35.296258   6.7706783e+13
       35.314346   6.7545640e+13
       35.332417   6.7620171e+13
       35.350224   6.8641329e+13
       35.367576   6.8969211e+13
       35.385647   6.8700051e+13
       35.403264   6.8915987e+13
       35.420806   6.9829127e+13
       35.438296   6.8713503e+13
       35.455948   7.0647900e+13
       35.474036   7.0054688e+13
       35.491324   7.1115125e+13
       35.509175   6.9887556e+13
       35.527266   7.0148664e+13
       35.544376   7.0716149e+13
       35.562384   7.1309165e+13
       35.579496   7.1163735e+13
       35.597567   7.1010449e+13
       35.615424   7.1208711e+13
       35.632726   7.1695674e+13
       35.650791   7.2294583e+13
       35.668858   7.2080414e+13
       35.686956   7.2361162e+13
       35.705558   7.2718505e+13
       35.724098   7.3134766e+13
       35.742186   7.3340884e+13
       35.759536   7.2535566e+13
       35.777315   7.3350510e+13
       35.794566   7.4397201e+13
       35.812487   7.4512978e+13
       35.829584   7.3346292e+13
       35.846646   7.4298713e+13
       35.864717   7.4520544e+13
       35.882788   7.3618993e+13
       35.900876   7.4208082e+13
       35.918656   7.3681646e+13
       35.936018   7.4669419e+13
       35.953688   7.4553450e+13
       35.970696   7.5236810e+13
       35.988248   7.4851779e+13
       36.005718   7.4930241e+13
       36.023401   7.4816236e+13
       36.042212   7.5289453e+13
       36.060566   7.5652689e+13
       36.078622   7.6326229e+13
       36.095783   7.6398800e+13
       36.113796   7.5728996e+13
       36.130867   7.6168827e+13
       36.148705   7.6045002e+13
       36.164808   7.6636057e+13
       36.181856   7.6429747e+13
       36.199168   7.6767452e+13
       36.217256   7.7533299e+13
       36.234896   7.6148616e+13
       36.252381   7.6747528e+13
       36.269914   7.6462659e+13
       36.287557   7.7428830e+13
       36.305628   7.7403204e+13
       36.323716   7.7462028e+13
       36.341759   7.7998093e+13
       36.359839   7.8445780e+13
       36.378883   7.7950769e+13
       36.398017   7.8292403e+13
       36.416088   7.8372831e+13
       36.434176   7.7948523e+13
       36.452056   7.8215526e+13
       36.469064   7.8492350e+13
       36.486088   7.8804525e+13
       36.503096   7.8951727e+13
       36.520548   7.9281578e+13
       36.538128   7.9468060e+13
       36.555707   7.9281391e+13
       36.573778   7.9913690e+13
       36.591168   7.9401005e+13
       36.608937   7.9907612e+13
       36.627008   8.0763802e+13
       36.645096   8.0785313e+13
       36.663151   7.9870017e+13
       36.680238   8.0305922e+13
       36.698248   8.1859316e+13
       36.715256   8.1627477e+13
       36.732468   8.0794667e+13
       36.750556   8.1927776e+13
       36.768627   8.1151921e+13
       36.786304   8.1703700e+13
       36.803786   8.1185123e+13
       36.821857   8.0914005e+13
       36.839344   8.2314212e+13
       36.857016   8.0994343e+13
       36.875087   8.2510423e+13
       36.893158   8.2946329e+13
       36.910408   8.2608436e+13
       36.928317   8.2720290e+13
       36.946372   8.2276344e+13
       36.963448   8.2394090e+13
       36.980547   8.2403818e+13
       36.998464   8.2248574e+13
       37.015706   8.2965325e+13
       37.033777   8.2205183e+13
       37.051504   8.3450239e+13
       37.069344   8.4082540e+13
       37.087536   8.3035662e+13
       37.105078   8.3775981e+13
       37.122568   8.2823372e+13
       37.140237   8.3504773e+13
       37.158308   8.3587168e+13
       37.176396   8.2842739e+13
       37.194467   8.3734283e+13
       37.212538   8.3258915e+13
       37.230626   8.3967812e+13
       37.247681   8.4116982e+13
       37.265659   8.3885145e+13
       37.282813   8.4713843e+13
       37.300696   8.4057792e+13
       37.317998   8.3780784e+13
       37.336086   8.4629122e+13
       37.354157   8.5153407e+13
       37.372228   8.5846593e+13
       37.390316   8.5948629e+13
       37.407776   8.4921391e+13
       37.425458   8.5575298e+13
       37.443546   8.4936923e+13
       37.461617   8.5645820e+13
       37.478824   8.5712505e+13
       37.495848   8.4767754e+13
       37.513847   8.5142780e+13
       37.530849   8.5464779e+13
       37.548006   8.5425410e+13
       37.566077   8.5649212e+13
       37.584148   8.6652703e+13
       37.602236   8.5346585e+13
       37.619936   8.5370063e+13
       37.637378   8.6200727e+13
       37.655955   8.7007823e+13
       37.674530   8.5986478e+13
       37.692608   8.6277055e+13
       37.710696   8.5104485e+13
       37.728767   8.5891942e+13
       37.746024   8.6127529e+13
       37.763048   8.5159211e+13
       37.780056   8.5968272e+13
       37.798068   8.6374722e+13
       37.816073   8.6052545e+13
       37.833227   8.6476671e+13
       37.851104   8.5516210e+13
       37.868128   8.6547198e+13
       37.885778   8.6452840e+13
       37.904144   8.5117264e+13
       37.921616   8.5661191e+13
       37.939687   8.6038183e+13
       37.957758   8.6093086e+13
       37.975846   8.5735559e+13
       37.993216   8.6415000e+13
       38.010988   8.6141923e+13
       38.029076   8.6681923e+13
       38.046256   8.5837336e+13
       38.063264   8.6045428e+13
       38.080306   8.6318331e+13
       38.098376   8.5287168e+13
       38.116290   8.5548287e+13
       38.133536   8.5717100e+13
       38.151336   8.5434204e+13
       38.168678   8.5795485e+13
       38.186766   8.6253000e+13
       38.204376   8.5569458e+13
       38.221908   8.5431895e+13
       38.239408   8.5292368e+13
       38.257045   8.6183917e+13
       38.275128   8.5834247e+13
       38.292448   8.4860040e+13
       38.311138   8.6435045e+13
       38.328464   8.5973430e+13
       38.346456   8.5423437e+13
       38.364527   8.6527094e+13
       38.382502   8.5674652e+13
       38.399672   8.6179303e+13
       38.417757   8.5627346e+13
       38.435544   8.5635117e+13
       38.452568   8.6290992e+13
       38.469987   8.5120390e+13
       38.488058   8.6383128e+13
       38.505608   8.4631196e+13
       38.523217   8.4585940e+13
       38.541288   8.6337702e+13
       38.558636   8.5546144e+13
       38.576443   8.4935269e+13
       38.594518   8.5561686e+13
       38.612606   8.5025442e+13
       38.630677   8.5406365e+13
       38.648748   8.4911364e+13
       38.666728   8.5455295e+13
       38.683904   8.4972078e+13
       38.701965   8.4657762e+13
       38.720066   8.4484850e+13
       38.738137   8.4791142e+13
       38.756208   8.3612686e+13
       38.774296   8.3714728e+13
       38.792367   8.4608243e+13
       38.809824   8.4507998e+13
       38.827526   8.3307939e+13
       38.844856   8.4138608e+13
       38.862668   8.4395803e+13
       38.879888   8.3496228e+13
       38.898758   8.4020521e+13
       38.915904   8.2663346e+13
       38.934928   8.3812176e+13
       38.952057   8.3464473e+13
       38.969941   8.3540984e+13
       38.987203   8.1557308e+13
       39.005287   8.2173907e+13
       39.022984   8.3191152e+13
       39.040008   8.2411380e+13
       39.057517   8.2046002e+13
       39.075588   8.2462278e+13
       39.093048   8.2528970e+13
       39.110747   8.1953450e+13
       39.128818   8.2198862e+13
       39.146906   8.2293049e+13
       39.164096   8.1468107e+13
       39.182048   8.0867055e+13
       39.199128   8.1953040e+13
       39.216136   8.0112733e+13
       39.233278   7.9943752e+13
       39.251168   8.1224168e+13
       39.268433   8.0218542e+13
       39.286496   8.0022066e+13
       39.304596   8.0324433e+13
       39.322216   7.9417005e+13
       39.339738   7.9287303e+13
       39.357826   8.0453811e+13
       39.375897   7.9742779e+13
       39.393968   7.9096557e+13
       39.412056   7.9457844e+13
       39.430127   7.9665942e+13
       39.448198   8.0569280e+13
       39.465328   7.8728975e+13
       39.483336   7.7870647e+13
       39.500344   7.8740598e+13
       39.517516   7.7192922e+13
       39.535376   7.8732582e+13
       39.552653   7.7825155e+13
       39.570735   7.7770084e+13
       39.588817   7.7885877e+13
       39.606888   7.7958464e+13
       39.624958   7.7828763e+13
       39.643033   7.7718702e+13
       39.660464   7.7431885e+13
       39.678194   7.7759786e+13
       39.695492   7.7160701e+13
       39.713348   7.6924947e+13
       39.730528   7.6789355e+13
       39.748507   7.5842650e+13
       39.766544   7.6549594e+13
       39.783666   7.6366868e+13
       39.801576   7.6739940e+13
       39.818808   7.5139239e+13
       39.836608   7.5944381e+13
       39.853961   7.5091947e+13
       39.871615   7.4693185e+13
       39.889126   7.4671503e+13
       39.906656   7.4058671e+13
       39.923664   7.4516194e+13
       39.941345   7.4814637e+13
       39.959422   7.4333390e+13
       39.976704   7.4523816e+13
       39.994586   7.3765652e+13
       40.011736   7.3580962e+13
       40.029728   7.3775316e+13
       40.046816   7.4270155e+13
       40.064885   7.3301848e+13
       40.083117   7.3382292e+13
       40.102046   7.3309549e+13
       40.119816   7.2647619e+13
       40.137182   7.2608262e+13
       40.154832   7.2354835e+13
       40.172330   7.3326915e+13
       40.190401   7.3187398e+13
       40.208479   7.2877016e+13
       40.226566   7.1580730e+13
       40.243904   7.2798304e+13
       40.261736   7.1716089e+13
       40.279792   7.1802426e+13
       40.297877   7.1144425e+13
       40.315966   7.1146313e+13
       40.333036   7.1328884e+13
       40.351093   7.1307205e+13
       40.369008   7.0541187e+13
       40.386267   7.0615741e+13
       40.404327   7.0122712e+13
       40.422022   7.0095141e+13
       40.439473   6.9382150e+13
       40.457024   7.0527060e+13
       40.474595   7.0603578e+13
       40.492670   7.0126262e+13
       40.510735   6.9209020e+13
       40.529613   6.9220729e+13
       40.547120   6.8177794e+13
       40.565011   6.9183263e+13
       40.582152   6.9285314e+13
       40.600160   6.8326829e+13
       40.617225   6.8191241e+13
       40.635329   6.8079221e+13
       40.653200   6.8945250e+13
       40.670471   6.8230296e+13
       40.688559   6.7904206e+13
       40.706630   6.7972869e+13
       40.724241   6.7640887e+13
       40.741763   6.6499755e+13
       40.759836   6.6868905e+13
       40.777925   6.7683871e+13
       40.795301   6.6536848e+13
       40.813073   6.6267713e+13
       40.830325   6.6670250e+13
       40.847352   6.6964769e+13
       40.865320   6.5387640e+13
       40.882337   6.5629133e+13
       40.899479   6.5432664e+13
       40.917550   6.5841093e+13
       40.935621   6.5387347e+13
       40.953709   6.4884501e+13
       40.971780   6.4996374e+13
       40.989851   6.4656537e+13
       41.007465   6.4621112e+13
       41.024993   6.4711381e+13
       41.043064   6.4958767e+13
       41.061152   6.3872628e+13
       41.079223   6.3603494e+13
       41.097294   6.4406678e+13
       41.114536   6.3784032e+13
       41.132453   6.3679871e+13
       41.150507   6.3349854e+13
       41.168612   6.3041441e+13
       41.186584   6.2925496e+13
       41.203751   6.3461584e+13
       41.221604   6.3355458e+13
       41.238913   6.2025790e+13
       41.256638   6.2650255e+13
       41.273659   6.1868530e+13
       41.291134   6.2062890e+13
       41.309214   6.2098170e+13
       41.326686   6.1642461e+13
       41.344356   6.1746480e+13
       41.362439   6.1135619e+13
       41.379736   6.1155187e+13
       41.396744   6.0398994e+13
       41.413737   6.0485337e+13
       41.431762   6.0349754e+13
       41.448833   5.9695687e+13
       41.466904   6.0143398e+13
       41.484816   5.9726969e+13
       41.502063   5.9705295e+13
       41.520134   5.9398848e+13
       41.537850   5.9062942e+13
       41.555283   5.9282834e+13
       41.572872   5.8620912e+13
       41.590452   5.8842769e+13
       41.608512   5.9369039e+13
       41.626577   5.7491429e+13
       41.645410   5.8636344e+13
       41.662928   5.7377380e+13
       41.680792   5.7559959e+13
       41.697959   5.7581493e+13
       41.715966   5.7178813e+13
       41.733976   5.7492976e+13
       41.751125   5.6738749e+13
       41.769196   5.6738680e+13
       41.787267   5.6279046e+13
       41.805035   5.6396814e+13
       41.822415   5.6280872e+13
       41.840505   5.6033346e+13
       41.858096   5.6107907e+13
       41.875663   5.6001785e+13
       41.893727   5.5628566e+13
       41.911120   5.5954514e+13
       41.928886   5.5367223e+13
       41.946929   5.5225751e+13
       41.964156   5.5206043e+13
       41.982116   5.5078318e+13
       41.999187   5.4689388e+13
       42.017185   5.4767878e+13
       42.034346   5.4883684e+13
       42.052417   5.4062684e+13
       42.070236   5.3844617e+13
       42.087565   5.3094320e+13
       42.105256   5.4034986e+13
       42.122735   5.2870294e+13
       42.140806   5.3253198e+13
       42.158296   5.2993890e+13
       42.175965   5.2599068e+13
       42.194024   5.2420281e+13
       42.211308   5.2155081e+13
       42.229175   5.1707233e+13
       42.247249   5.2078354e+13
       42.265320   5.1958486e+13
       42.283408   5.2198022e+13
       42.301392   5.1569491e+13
       42.318550   5.1437840e+13
       42.336421   5.0915362e+13
       42.353420   5.0500902e+13
       42.370780   5.0720799e+13
       42.388464   5.0422212e+13
       42.405472   5.0486957e+13
       42.423019   4.9701310e+13
       42.441115   5.0317926e+13
       42.458528   5.0145033e+13
       42.476233   4.9608808e+13
       42.494324   4.9430023e+13
       42.512399   4.9190356e+13
       42.530470   4.9380794e+13
       42.547553   4.8848498e+13
       42.566612   4.8563660e+13
       42.584681   4.9029052e+13
       42.602751   4.9015240e+13
       42.620588   4.8357251e+13
       42.637891   4.7740505e+13
       42.655985   4.7443884e+13
       42.673672   4.6876237e+13
       42.691160   4.7396621e+13
       42.708704   4.7308179e+13
       42.726319   4.7402385e+13
       42.743709   4.7031134e+13
       42.761473   4.7394401e+13
       42.779535   4.6522342e+13
       42.797603   4.6288568e+13
       42.815691   4.6261009e+13
       42.832776   4.6194172e+13
       42.850833   4.5587247e+13
       42.868919   4.5667706e+13
       42.886803   4.5449644e+13
       42.903824   4.5475112e+13
       42.920848   4.5669481e+13
       42.938222   4.5453383e+13
       42.956293   4.4691306e+13
       42.973888   4.4300417e+13
       42.991461   4.4563524e+13
       43.009519   4.4314040e+13
       43.027617   4.4339509e+13
       43.045699   4.3995755e+13
       43.062947   4.4251007e+13
       43.080826   4.4084009e+13
       43.098911   4.4152685e+13
       43.116983   4.3459348e+13
       43.135070   4.2681560e+13
       43.153127   4.3665440e+13
       43.171213   4.2759995e+13
       43.189048   4.2756006e+13
       43.206056   4.2818791e+13
       43.223443   4.1746411e+13
       43.241531   4.2439626e+13
       43.259602   4.1736469e+13
       43.277095   4.1591076e+13
       43.294755   4.1111810e+13
       43.312832   4.1064615e+13
       43.330144   4.1176499e+13
       43.347991   4.1088061e+13
       43.366047   4.0412400e+13
       43.383168   4.0341638e+13
       43.401204   4.0351397e+13
       43.419185   4.0239392e+13
       43.436348   3.9952594e+13
       43.454448   3.9799346e+13
       43.472240   3.9534153e+13
       43.489582   3.9141302e+13
       43.507681   3.9280683e+13
       43.525296   3.9791252e+13
       43.542814   3.8868134e+13
       43.560904   3.9386558e+13
       43.578982   3.8673584e+13
       43.597053   3.8767794e+13
       43.614356   3.8496710e+13
       43.632209   3.8302219e+13
       43.650268   3.8478916e+13
       43.667392   3.7801294e+13
       43.685384   3.7579308e+13
       43.702408   3.7048982e+13
       43.719584   3.6823069e+13
       43.737440   3.6860326e+13
       43.754726   3.7526048e+13
       43.772472   3.7221577e+13
       43.789885   3.6630369e+13
       43.807948   3.6975967e+13
       43.826036   3.6993584e+13
       43.844115   3.6492718e+13
       43.862186   3.6207887e+13
       43.880274   3.5412428e+13
       43.898345   3.5966206e+13
       43.915568   3.6115409e+13
       43.933504   3.5262996e+13
       43.951542   3.5005661e+13
       43.968645   3.4846523e+13
       43.986717   3.4671675e+13
       44.004624   3.4349529e+13
       44.021863   3.4532120e+13
       44.039672   3.4555631e+13
       44.057035   3.3811236e+13
       44.074675   3.4095953e+13
       44.092176   3.3968239e+13
       44.110265   3.3919084e+13
       44.127728   3.3559625e+13
       44.145413   3.3278723e+13
       44.162756   3.3492738e+13
       44.180566   3.3152918e+13
       44.198654   3.3608500e+13
       44.215785   3.2697170e+13
       44.233779   3.2331819e+13
       44.250867   3.2761869e+13
       44.268938   3.2785381e+13
       44.286832   3.2170608e+13
       44.304097   3.2064500e+13
       44.322168   3.2113544e+13
       44.340233   3.1516447e+13
       44.358317   3.1200195e+13
       44.375904   3.1893416e+13
       44.393469   3.1443616e+13
       44.410936   3.1801001e+13
       44.428628   3.0995726e+13
       44.446699   3.1441489e+13
       44.464787   3.0822789e+13
       44.482843   3.0180522e+13
       44.499991   3.0260990e+13
       44.518017   3.0496611e+13
       44.536071   3.0343368e+13
       44.554142   2.9960344e+13
       44.572233   3.0009389e+13
       44.590064   2.9818832e+13
       44.607384   2.9567392e+13
       44.625466   2.9233467e+13
       44.643104   2.9029162e+13
       44.660619   2.9221577e+13
       44.678118   2.8842481e+13
       44.695122   2.8734410e+13
       44.712820   2.8284612e+13
       44.730903   2.8237425e+13
       44.748960   2.8777459e+13
       44.766144   2.8382652e+13
       44.784116   2.8139069e+13
       44.801238   2.8146873e+13
       44.819149   2.7585130e+13
       44.835516   2.7785401e+13
       44.853587   2.7691079e+13
       44.871658   2.7050778e+13
       44.889746   2.7186240e+13
       44.907416   2.7412043e+13
       44.924888   2.7610350e+13
       44.943504   2.6600827e+13
       44.962047   2.6787351e+13
       44.980118   2.6718561e+13
       44.997488   2.6152891e+13
       45.015277   2.6469037e+13
       45.032504   2.6086015e+13
       45.050436   2.6038829e+13
       45.067536   2.5321935e+13
       45.085578   2.5168696e+13
       45.103566   2.5121511e+13
       45.120723   2.5201982e+13
       45.138808   2.5812722e+13
       45.156608   2.5237233e+13
       45.173967   2.4791365e+13
       45.191624   2.4581172e+13
       45.209126   2.4685212e+13
       45.227197   2.5174187e+13
       45.244664   2.4416051e+13
       45.262356   2.4355119e+13
       45.279696   2.4205809e+13
       45.297498   2.4614262e+13
       45.314728   2.3394597e+13
       45.332657   2.4331354e+13
       45.350728   2.3954226e+13
       45.369590   2.3223586e+13
       45.385885   2.3469031e+13
       45.403944   2.2944607e+13
       45.421808   2.3072215e+13
       45.439117   2.2714727e+13
       45.457188   2.3054442e+13
       45.474848   2.2748017e+13
       45.492347   2.2323755e+13
       45.510418   2.2728281e+13
       45.528506   2.1913192e+13
       45.545896   2.2712474e+13
       45.563648   2.2315707e+13
       45.581736   2.1700942e+13
       45.598936   2.2066190e+13
       45.616878   2.1476956e+13
       45.633968   2.1535827e+13
       45.651976   2.1535780e+13
       45.669108   2.1380581e+13
       45.687005   2.1178246e+13
       45.704254   2.1376559e+13
       45.722338   2.0958190e+13
       45.740048   2.0830486e+13
       45.757497   2.1001303e+13
       45.775568   2.1044464e+13
       45.793088   2.0879445e+13
       45.810727   2.0537671e+13
       45.828104   1.9879700e+13
       45.845886   2.0003383e+13
       45.863957   2.0197768e+13
       45.882028   1.9704770e+13
       45.899168   2.0081803e+13
       45.917187   1.9802876e+13
       45.935184   1.9659462e+13
       45.952346   1.9596570e+13
       45.970213   1.8895393e+13
       45.987475   1.9160482e+13
       46.005576   1.9227211e+13
       46.023647   1.9240913e+13
       46.041718   1.8687034e+13
       46.059806   1.8669313e+13
       46.078458   1.8844060e+13
       46.096948   1.8606377e+13
       46.115744   1.8176227e+13
       46.134107   1.8315623e+13
       46.153012   1.8158463e+13
       46.172164   1.8158418e+13
       46.191298   1.8337094e+13
       46.209432   1.8509878e+13
       46.228496   1.7938323e+13
       46.246718   1.7443363e+13
       46.265638   1.7400113e+13
       46.283721   1.7421673e+13
       46.302126   1.7655340e+13
       46.320868   1.7313568e+13
       46.338956   1.6869672e+13
       46.357027   1.7018889e+13
       46.374504   1.6936360e+13
       46.392186   1.6993272e+13
       46.410257   1.6757554e+13
       46.428328   1.6531657e+13
       46.445568   1.6651416e+13
       46.463487   1.6343032e+13
       46.481558   1.6384233e+13
       46.498608   1.5997292e+13
       46.515717   1.6073844e+13
       46.533624   1.6166108e+13
       46.550648   1.6038409e+13
       46.567942   1.5612189e+13
       46.586007   1.6171874e+13
       46.603688   1.5509980e+13
       46.620696   1.5798640e+13
       46.637704   1.5464726e+13
       46.655336   1.5221155e+13
       46.672736   1.4859746e+13
       46.690478   1.4624030e+13
       46.707755   1.4808601e+13
       46.725635   1.4948001e+13
       46.742784   1.4600341e+13
       46.759808   1.4720101e+13
       46.777816   1.4592404e+13
       46.794938   1.4337049e+13
       46.813026   1.4205424e+13
       46.830856   1.4509797e+13
       46.848163   1.4069831e+13
       46.865878   1.4138529e+13
       46.883327   1.4006905e+13
       46.901398   1.4091315e+13
       46.918928   1.3594395e+13
       46.935936   1.3639526e+13
       46.953628   1.3694478e+13
       46.970968   1.3230945e+13
       46.988787   1.3464616e+13
       47.005984   1.3169984e+13
       47.023946   1.2920523e+13
       47.041017   1.3077601e+13
       47.059024   1.3242534e+13
       47.077048   1.2765255e+13
       47.094247   1.2594352e+13
       47.112318   1.2820168e+13
       47.130406   1.2896724e+13
       47.148090   1.2879010e+13
       47.165081   1.2627586e+13
       47.182619   1.2517567e+13
       47.200136   1.2169909e+13
       47.217144   1.2421258e+13
       47.234866   1.2152158e+13
       47.252176   1.1857528e+13
       47.270008   1.1957652e+13
       47.287208   1.1621778e+13
       47.305167   1.1753326e+13
       47.322238   1.1611884e+13
       47.340233   1.1812171e+13
       47.357256   1.1189560e+13
       47.374468   1.1120785e+13
       47.392288   1.1635304e+13
       47.409627   1.1211054e+13
       47.427691   1.1063721e+13
       47.445319   1.1081360e+13
       47.462857   1.0987054e+13
       47.480344   1.1059684e+13
       47.497368   1.1069468e+13
       47.514376   1.0857325e+13
       47.531384   1.0827830e+13
       47.549246   1.0431076e+13
       47.566416   1.0819903e+13
       47.583424   1.0264069e+13
       47.601448   1.0472213e+13
       47.618547   1.0326845e+13
       47.636464   1.0120595e+13
       47.653488   1.0100920e+13
       47.670777   1.0036075e+13
       47.688848   9.9869414e+12
       47.706936   1.0008510e+13
       47.724528   1.0000620e+13
       47.742070   9.5194168e+12
       47.760166   9.5488418e+12
       47.778237   9.4663216e+12
       47.795584   9.2581084e+12
       47.813396   9.3857314e+12
       47.830616   9.1166359e+12
       47.848538   9.5624198e+12
       47.865648   9.4857919e+12
       47.883697   8.9279955e+12
       47.901664   9.1341773e+12
       47.918688   8.9554242e+12
       47.935927   8.8866527e+12
       47.953704   9.1144383e+12
       47.971086   8.8119564e+12
       47.989157   9.0024272e+12
       48.006736   8.7333328e+12
       48.024308   8.5015536e+12
       48.041776   8.6134665e+12
       48.059458   8.4641737e+12
       48.077546   8.8588962e+12
       48.095617   8.4680372e+12
       48.112824   8.2873214e+12
       48.129848   8.0319755e+12
       48.147847   8.0947902e+12
       48.164918   8.1536772e+12
       48.183006   8.1536456e+12
       48.200896   7.7922466e+12
       48.218148   7.7647200e+12
       48.235928   7.8884178e+12
       48.253307   7.6527123e+12
       48.271378   7.9492383e+12
       48.289466   7.9452795e+12
       48.307527   7.8136639e+12
       48.324978   7.4876169e+12
       48.342696   7.3363619e+12
       48.360767   7.3952501e+12
       48.378838   7.3500488e+12
       48.396926   7.2498570e+12
       48.414997   7.4462223e+12
       48.433068   7.4854715e+12
       48.451088   7.3676044e+12
       48.468227   7.0395943e+12
       48.486104   7.0808078e+12
       48.503386   6.8077886e+12
       48.521457   6.8431104e+12
       48.539132   6.7114963e+12
       48.556597   6.9451776e+12
       48.574687   6.6839427e+12
       48.592175   6.4934103e+12
       48.609840   6.7742269e+12
       48.627216   6.8016936e+12
       48.644988   6.5581347e+12
       48.663076   6.4893678e+12
       48.680256   6.4500604e+12
       48.698218   6.6287520e+12
       48.716306   6.1004203e+12
       48.734376   6.4224808e+12
       48.752424   5.9844912e+12
       48.770478   6.1631832e+12
       48.788595   6.0453183e+12
       48.806344   6.0472548e+12
       48.823766   5.9961645e+12
       48.841837   6.0668396e+12
       48.859384   5.7270484e+12
       48.876996   5.7702283e+12
       48.894406   5.9548130e+12
       48.912133   5.7191117e+12
       48.930226   5.5658966e+12
       48.947456   5.3616188e+12
       48.965368   5.3733760e+12
       48.982488   5.6070602e+12
       49.000496   5.5795386e+12
       49.017598   5.2908112e+12
       49.035370   5.4204062e+12
       49.051757   5.3045070e+12
       49.069544   5.0570231e+12
       49.086916   5.3083835e+12
       49.104576   4.7957660e+12
       49.121584   4.9391092e+12
       49.139146   5.0962002e+12
       49.156616   5.1806250e+12
       49.174277   4.8074487e+12
       49.192371   4.8604505e+12
       49.210447   4.7975791e+12
       49.227664   4.7150684e+12
       49.245606   4.7327193e+12
       49.263677   4.7542984e+12
       49.281748   4.8347961e+12
       49.299836   4.7581776e+12
       49.317907   4.7110186e+12
       49.335744   4.3024922e+12
       49.353066   4.6932951e+12
       49.371137   4.3770748e+12
       49.388784   4.4556093e+12
       49.406296   4.2945415e+12
       49.424367   4.1884646e+12
       49.441824   4.1668378e+12
       49.459526   3.9880948e+12
       49.477584   4.0587741e+12
       49.495665   4.2139035e+12
       49.512888   4.2079888e+12
       49.530827   3.9212288e+12
       49.548898   4.2059796e+12
       49.565986   4.0920478e+12
       49.584057   4.0664940e+12
       49.601944   3.8956078e+12
       49.619216   3.9054054e+12
       49.637287   3.7737985e+12
       49.654984   3.7698488e+12
       49.672424   3.7933944e+12
       49.689960   3.5773379e+12
       49.707558   3.6303431e+12
       49.725676   3.4142868e+12
       49.743056   3.8286598e+12
       49.760040   3.6361712e+12
       49.777886   3.3847640e+12
       49.795066   3.6007780e+12
       49.813046   3.5968293e+12
       49.831136   3.4534400e+12
       49.849175   3.5221578e+12
       49.867144   3.3885885e+12
       49.884366   3.3453612e+12
       49.902176   3.3296294e+12
       49.919508   3.1705290e+12
       49.937596   3.0133927e+12
       49.955216   3.1901288e+12
       49.972738   3.0192451e+12
       49.990248   3.0427929e+12
       50.007256   3.2214932e+12
       50.024968   2.7795842e+12
       50.042288   2.8836546e+12
       50.060113   2.8855994e+12
       50.077302   2.7972025e+12
       50.095286   2.9366243e+12
       50.112357   3.0760463e+12
       50.130428   2.6734171e+12
       50.148368   2.9110370e+12
       50.165587   2.7656860e+12
       50.183384   2.7578120e+12
       50.200746   2.6104973e+12
       50.218817   2.6831455e+12
       50.236888   2.6517044e+12
       50.254967   2.5868761e+12
       50.273040   2.6398852e+12
       50.290464   2.7302095e+12
       50.308206   2.4336350e+12
       50.326277   2.3746991e+12
       50.344334   2.6869506e+12
       50.361527   2.5278533e+12
       50.380478   2.4198189e+12
       50.397577   2.4296219e+12
       50.415651   2.3726505e+12
       50.433737   2.1880222e+12
       50.451808   2.4217163e+12
       50.469608   2.2292325e+12
       50.486967   2.3097384e+12
       50.505038   2.5257573e+12
       50.523110   2.1938331e+12
       50.541181   2.2134568e+12
       50.558664   2.2487922e+12
       50.576356   2.1800382e+12
       50.594427   2.2742926e+12
       50.612498   2.2507098e+12
       50.629728   1.8834352e+12
       50.647641   2.0366085e+12
       50.665728   1.9069725e+12
       50.683816   1.9894437e+12
       50.701776   2.0542395e+12
       50.718958   1.9383516e+12
       50.737046   1.9599406e+12
       50.755117   1.8597646e+12
       50.772818   1.6240758e+12
       50.790266   1.9068711e+12
       50.807856   1.8106233e+12
       50.825418   1.8911316e+12
       50.842888   1.6790108e+12
       50.860577   1.7693390e+12
       50.877904   1.7516500e+12
       50.895736   1.7752040e+12
       50.913807   1.4825616e+12
       50.930929   1.6062776e+12
       50.948966   1.6278681e+12
       50.966976   1.8379982e+12
       50.984108   1.4628703e+12
       51.002196   1.6101542e+12
       51.020016   1.5571149e+12
       51.037338   1.4294455e+12
       51.055426   1.5060274e+12
       51.073056   1.3763943e+12
       51.090568   1.4785079e+12
       51.108088   1.3233436e+12
       51.125727   1.2938726e+12
       51.143798   1.2329783e+12
       51.161886   1.3056331e+12
       51.179110   1.4784497e+12
       51.197024   1.3291779e+12
       51.214168   1.3743377e+12
       51.232160   1.3075522e+12
       51.249258   1.2741541e+12
       51.267346   1.2270084e+12
       51.285417   1.3605466e+12
       51.303224   1.1327174e+12
       51.320576   1.3074989e+12
       51.338647   1.1169851e+12
       51.356718   1.3074785e+12
       51.374288   1.0973254e+12
       51.391877   1.0364329e+12
       51.409948   1.0953418e+12
       51.428036   1.0305216e+12
       51.446107   1.1169261e+12
       51.464178   1.0010434e+12
       51.481368   8.8319687e+11
       51.499337   1.0913668e+12
       51.517391   1.0344031e+12
       51.535496   9.1066514e+11
       51.553567   1.0226017e+12
       51.571424   1.1502501e+12
       51.588721   8.9885546e+11
       51.606786   9.2045056e+11
       51.624464   8.5759576e+11
       51.641956   9.0865041e+11
       51.660027   9.1649821e+11
       51.677504   1.0029043e+12
       51.695186   9.5968953e+11
       51.713257   9.8128538e+11
       51.730544   8.1826968e+11
       51.748416   8.5557741e+11
       51.765576   8.0843526e+11
       51.783541   8.1039207e+11
       51.801645   7.6521412e+11
       51.819702   7.6127933e+11
       51.837788   8.0251560e+11
       51.855648   7.6322989e+11
       51.872947   1.0126455e+12
       51.891018   7.0233443e+11
       51.908688   6.8661654e+11
       51.926177   6.9250228e+11
       51.943704   6.6696488e+11
       51.961336   6.1982411e+11
       51.978736   7.4943933e+11
       51.996478   7.3961395e+11
       52.014566   6.4730262e+11
       52.031776   7.0425192e+11
       52.049708   6.2961644e+11
       52.067796   7.1995320e+11
       52.085866   4.9998538e+11
       52.103923   4.9212472e+11
       52.121848   5.4121883e+11
       52.139097   5.4907005e+11
       52.156864   4.4890393e+11
       52.174256   5.8834032e+11
       52.192320   7.1795706e+11
       52.209896   6.1975528e+11
       52.227486   5.7850828e+11
       52.244936   5.5690096e+11
       52.262605   5.3136585e+11
       52.279960   5.6474949e+11
       52.297787   5.8831349e+11
       52.315858   5.7849040e+11
       52.333946   5.4902790e+11
       52.351017   4.5279110e+11
       52.369088   4.6064398e+11
       52.387174   5.3723537e+11
       52.405233   5.0777339e+11
       52.423064   4.1742896e+11
       52.440406   5.2348005e+11
       52.458477   4.1938820e+11
       52.476104   5.5882676e+11
       52.493636   5.7060845e+11
       52.511136   4.1152628e+11
       52.528778   4.8615475e+11
       52.546866   4.2330657e+11
       52.564937   3.9188179e+11
       52.582184   4.9204205e+11
       52.600096   2.5833027e+11
       52.617216   5.2935478e+11
       52.635224   3.9973282e+11
       52.652326   3.7223659e+11
       52.670395   3.0742537e+11
       52.688251   4.4686548e+11
       52.705556   4.2526150e+11
       52.723296   3.4277508e+11
       52.740698   3.6830626e+11
       52.758328   3.4473872e+11
       52.775848   2.5243291e+11
       52.793328   4.2329707e+11
       52.811010   3.9187410e+11
       52.828376   2.8582101e+11
       52.846158   3.8205531e+11
       52.864246   3.1135365e+11
       52.882317   2.9760678e+11
       52.899424   4.0562519e+11
       52.917476   3.8991463e+11
       52.935547   2.4851115e+11
       52.953464   4.1152066e+11
       52.970702   2.0727092e+11
       52.988484   3.7028069e+11
       53.005848   3.7421032e+11
       53.023936   3.2904124e+11
       53.042007   2.8387228e+11
       53.059544   2.6227091e+11
       53.077166   2.3477780e+11
       53.095237   3.0941043e+11
       53.112584   2.6031409e+11
       53.130396   3.5262257e+11
       53.148467   3.8797651e+11
       53.166538   3.4280847e+11
       53.184626   3.5263127e+11
       53.202697   1.7587858e+11
       53.220768   2.4069236e+11
       53.238688   3.6835279e+11
       53.255923   3.6050053e+11
       53.273986   9.7334395e+10
       53.292086   1.2090567e+11
       53.309736   1.7590033e+11
       53.327220   2.7999397e+11
       53.345308   1.4841327e+11
       53.363387   1.6805716e+11
       53.380784   7.5755803e+10
       53.398546   2.4269650e+11
       53.415816   2.0538612e+11
       53.433688   3.5268754e+11
       53.451776   2.7806230e+11
       53.468856   2.7217557e+11
       53.486918   1.8969478e+11
       53.504888   2.5843857e+11
       53.522077   1.9363363e+11
       53.540148   1.4650440e+11
       53.558231   2.0346487e+11
       53.576296   1.2687659e+11
       53.593944   1.7598151e+11
       53.611466   1.6027608e+11
       53.629537   1.8188590e+11
       53.646984   1.9171213e+11
       53.664696   2.6045712e+11
       53.682767   1.2495102e+11
       53.700024   1.9958813e+11
       53.717926   2.3298235e+11
       53.735056   3.8558031e+10
       53.754064   1.8586184e+11
       53.771156   2.3496808e+11
       53.789227   7.9823244e+10
       53.807104   2.4873094e+11
       53.824386   8.7694515e+10
       53.842452   6.2171037e+10
       53.860134   2.3500704e+11
       53.877616   2.1733965e+11
       53.895176   1.2504214e+11
       53.912758   2.3699598e+11
       53.930846   1.0738361e+11
       53.948216   1.0739234e+11
       53.965988   1.1132910e+11
       53.984076   1.0151834e+11
       54.001256   1.4473445e+11
       54.019218   9.2308861e+09
       54.036306   1.6046474e+11
       54.054296   3.6745172e+10
       54.071448   1.2513276e+11
       54.089536   4.2656500e+10
       54.107336   1.0551296e+11
       54.124678   1.0748697e+11
       54.142362   8.1965782e+10
       54.159828   1.3303892e+11
       54.177384   8.0022628e+10
       54.194996   1.4287977e+11
       54.213056   1.3896259e+11
       54.230397   1.2326183e+11
       54.248218   1.6647984e+11
       54.265456   1.6452702e+11
       54.283353   1.8024993e+11
       54.301455   2.5685555e+11
       54.319527   1.1349846e+11
       54.337500   2.0385202e+11
       54.354643   1.7636849e+11
       54.372757   1.6459672e+11
       54.390828   2.8833790e+11
       54.408568   1.4301754e+11
       54.425980   1.7838107e+11
       54.443576   1.4697030e+11
       54.461146   1.0573990e+11
       54.479217   8.6113124e+10
       54.497288   3.8991126e+10
       54.514648   1.3327396e+11
       54.532447   3.1161523e+10
       54.550518   5.4742274e+10
       54.568606   1.2742202e+11
       54.586677   5.4769302e+10
       54.603748   1.9431842e+10
       54.621728   1.2157131e+11
       54.638907   8.8198074e+10
       54.656744   1.6677035e+11
       54.674066   4.3055521e+10
       54.691776   2.5394326e+10
       54.709208   6.8615841e+10
       54.727288   1.6290031e+11
       54.744809   1.3654608e+10
       54.762438   9.8119564e+10
       54.780492   1.2955791e+11
       54.797844   1.0796963e+11
       54.815668  -5.8951108e+10
       54.833756   8.2469073e+10
       54.850896   6.2845153e+10
       54.868898   1.6498651e+11
       54.885986   7.2696587e+10
       54.904057   6.4856801e+10
       54.921941   1.0611600e+11
       54.939203   1.6701489e+11
       54.956976   1.1793248e+11
       54.974358   1.3169674e+11
       54.992008   1.7688441e+11
       55.009508   1.1929132e+10
       55.027581   1.2192754e+11
       55.045048   4.3386528e+10
       55.062747   7.0899147e+10
       55.080064   9.0556089e+10
       55.097906   1.3378063e+11
       55.115096   8.8627367e+10
       55.133048   1.0239286e+11
       55.150136  -4.6849671e+10
       55.168207   2.9762623e+10
       55.186278   1.0637505e+11
       55.204366   9.8537622e+10
       55.222437   8.8736356e+10
       55.240508  -3.5508378e+09
       55.258596   3.5747039e+10
       55.276667   2.2018279e+10
       55.294216   6.5244322e+10
       55.311819   3.1876317e+10
       55.329897   6.5282867e+10
       55.347968   2.1456284e+11
       55.366056   1.7923129e+11
       55.383296   6.5341714e+10
       55.401198   2.2154613e+10
       55.419286   2.0210703e+10
       55.437357   1.6359951e+11
       55.455329   1.1059305e+11
       55.472516   4.9730939e+10
       55.490587   2.2256164e+10
       55.508384   2.5402345e+11
       55.525746   2.1280129e+11
       55.543416   4.7850159e+10
       55.560888   1.0089805e+11
       55.578976  -1.2989982e+10
       55.596447   9.3084946e+10
       55.614112   9.3106499e+10
       55.632206   1.4570055e+10
       55.649496   9.9041907e+10
       55.667348   4.9965030e+10
       55.684528   4.8162218e+09
       55.702507   9.1252446e+10
       55.720578   1.0698647e+11
       55.738659   5.2018309e+10
       55.756680   8.3464243e+10
       55.774580  -6.8548291e+09
       55.791884  -2.2543489e+10
       55.809616   3.0110014e+09
       55.827031  -2.0533216e+10
       55.845117   1.3660649e+11
       55.862656   4.8252073e+10
       55.880258   3.4528045e+10
       55.897683   8.9542568e+10
       55.915427  -3.4162600e+10
       55.933498  -2.8246667e+10
       55.951586   3.2660139e+10
       55.968736   6.4107754e+10
       55.986728   1.0144737e+11
       56.004816   8.5760395e+10
       56.022887   6.4181675e+10
       56.040958   5.2879706e+09
       56.059046  -5.9497431e+10
       56.076816   3.3742907e+09
       56.094188   3.4822890e+10
       56.112276   1.7428912e+11
       56.130838   3.0946102e+10
       56.149418   5.8467217e+10
       56.167506   8.4024543e+10
       56.185565  -7.1101776e+10
       56.204387  -9.0715133e+10
       56.222736   2.5184499e+10
       56.240807   2.3247011e+10
       56.259812   5.6660835e+10
       56.277966   1.4899344e+11
       56.296037   7.6354038e+10
       56.314108   5.6787282e+09
       56.332384  -2.7681290e+10
       56.351267  -4.0865273e+09
       56.369652   1.9508377e+10
       56.388426   1.9536002e+10
       56.406497   4.3131190e+10
       56.424568   4.1195118e+10
       56.442646  -4.5190804e+10
       56.460721   2.1611797e+10
       56.478739       36612283.
       56.496865   3.3452307e+10
       56.514136  -9.7260862e+09
       56.532028  -3.9156660e+10
       56.550116   1.0424088e+11
       56.568187  -5.8738273e+10
       56.586258  -2.9249801e+10
       56.604346  -2.1364652e+10
       56.622216   2.2322431e+09
       56.639488   3.1721143e+10
       56.657576  -1.5383990e+10
       56.675256   5.3384275e+10
       56.692710   1.0207307e+10
       56.710798  -7.4380880e+09
       56.728296   7.5078283e+10
       56.746592   2.4424351e+09
       56.764328   6.4009630e+09
       56.782094  -1.1243888e+10
       56.799341  -7.6023491e+10
       56.817266   5.5592474e+10
       56.834376   3.7948053e+10
       56.851408   1.0082589e+11
       56.869496   1.1067714e+11
       56.887416  -1.0139829e+11
       56.904638   6.6509109e+09
       56.922448  -7.0648548e+09
       56.939797   8.5273006e+10
       56.957060  -4.4315785e+10
       56.973956   2.4454947e+10
       56.991496   4.6090897e+10
       57.008495   2.4520005e+10
       57.025523   1.8660919e+10
       57.042536  -7.9503889e+10
       57.059531  -1.2696422e+10
       57.077413  -1.2663214e+10
       57.094576   5.8072450e+10
       57.111584   3.8466376e+10
       57.129608  -9.5048850e+10
       57.146616  -3.0204615e+10
       57.163624   3.8567672e+10
       57.180876  -4.3884318e+10
       57.198656   6.8095245e+10
       57.216018   5.0453992e+10
       57.233688   4.0668733e+10
       57.251177  -5.3967769e+08
       57.268704  -1.6216542e+10
       57.285728  -1.4217643e+10
       57.302736  -5.3461665e+10
       57.320478   2.1203787e+10
       57.336970  -5.9282944e+10
       57.354622  -6.9067222e+10
       57.371783   7.6301008e+10
       57.388808  -2.9716689e+10
       57.406816   4.2985535e+10
       57.423824   5.0877424e+10
       57.441026  -6.8887513e+10
       57.458856   3.1310502e+10
       57.476168  -9.6309994e+10
       57.494256  -2.5570962e+10
       57.511896  -3.3389976e+10
       57.529398  -5.8576743e+09
       57.546928   1.2576437e+11
       57.563936  -7.4521696e+10
       57.581628  -1.5565693e+10
       57.599716  -2.1419989e+10
       57.617787  -1.7427732e+09
       57.634970  -9.5607663e+09
       57.652945   5.5287718e+10
       57.670017  -1.6288310e+09
       57.688088   2.7868739e+10
       57.706048   6.3036898e+09
       57.723247  -1.9189157e+10
       57.741318  -1.4748715e+09
       57.759406   4.9626815e+10
       57.777477   6.9305348e+10
       57.795525  -7.2060196e+10
       57.813611   9.2951259e+10
       57.831707   5.7639522e+10
       57.849778   3.4111655e+10
       57.867866  -1.6911383e+10
       57.885937   1.4551754e+10
       57.904008   8.6999135e+09
       57.922096   3.6235474e+10
       57.939201   4.6095556e+10
       57.957238  -3.0458191e+10
       57.975248  -7.1660584e+10
       57.992397   3.2469720e+10
       58.010468  -6.1759182e+10
       58.028288   4.2371444e+10
       58.045627   6.5980062e+10
       58.063304   1.2994616e+10
       58.080321   1.2890939e+11
       58.097849   8.5743991e+10
       58.115344  -9.2934090e+10
       58.132368  -1.4334027e+10
       58.150087  -2.6075749e+10
       58.167384  -4.7637104e+10
       58.184408   1.5251736e+10
       58.201416  -2.7912841e+10
       58.219372   6.8363445e+10
       58.236448  -1.5941250e+11
       58.253456   8.2196648e+10
       58.270618   1.7429108e+10
       58.288488   1.3544313e+10
       58.305777   2.7335193e+10
       58.323848  -7.2783126e+10
       58.341528   9.7464423e+09
       58.359007  -1.1813461e+10
       58.376544  -7.0688362e+10
       58.394166  -2.3509582e+10
       58.412237  -7.7539793e+09
       58.430308  -4.3061054e+10
       58.447608   2.7685551e+10
       58.465467   1.9874080e+10
       58.483538   7.2945305e+10
       58.500601   1.4071321e+10
       58.518681   3.6835635e+08
       58.536768  -1.7262394e+10
       58.554856   2.0097728e+10
       58.572927  -6.0379308e+10
       58.590998  -9.7649239e+10
       58.609086   5.7548478e+10
       58.627157   3.0098553e+10
       58.645228  -5.2070703e+09
       58.662768   6.6223602e+09
       58.680387  -1.8863262e+10
       58.698458  -3.1057357e+09
       58.715808   4.6039165e+10
       58.733617   5.0013195e+10
       58.750824  -2.6534774e+10
       58.768776   4.4213958e+10
       58.786830   3.8368555e+10
       58.803902   1.6811630e+10
       58.821888   7.7740925e+10
       58.839077  -6.1653017e+10
       58.857148  -2.8218903e+10
       58.874928  -4.5847440e+10
       58.892307   6.8109000e+10
       58.909944  -1.1056359e+11
       58.927466  -2.0174342e+10
       58.944976   5.6467291e+10
       58.961984   5.0622961e+10
       58.979696  -9.6625903e+10
       58.997016  -5.3371177e+10
       59.014838   1.6860346e+11
       59.032926  -1.0068362e+10
       59.050997  -4.3407536e+10
       59.069064  -1.1406173e+11
       59.086155  -3.9383196e+10
       59.104212   8.6358197e+10
       59.122104   2.5524064e+10
       59.139386   5.6995909e+10
       59.157136   6.8828265e+10
       59.174144  -1.8253483e+09
       59.191616   1.3766425e+11
       59.209176   6.1282546e+09
       59.226184  -1.1755183e+11
       59.243208   7.6928758e+10
       59.260216  -6.4426729e+10
       59.277224  -7.0269303e+10
       59.294248   5.5473174e+10
       59.312147  -1.5658438e+11
       59.329264  -2.6913865e+10
       59.346270  -2.6864171e+10
       59.362295  -6.0201654e+10
       59.379290   3.8045865e+10
       59.396328  -2.8678613e+10
       59.413336  -4.0412343e+10
       59.430344   4.9979618e+10
       59.447368  -9.1374856e+10
       59.464837   4.9091350e+09
       59.482384   4.6202498e+10
       59.499408  -1.8352965e+11
       59.517067  -6.7605877e+10
       59.534424  -8.9158795e+10
       59.552226  -4.1973198e+10
       59.570297  -2.4246878e+10
       59.587464  -1.1846585e+11
       59.605456   9.7620018e+10
       59.623527  -4.5697651e+10
       59.641598   4.2731321e+10
       59.659683  -1.4182918e+11
       59.677524   6.2473225e+10
       59.694828  -2.5853432e+10
       59.712916   1.1513085e+10
       59.730987  -4.9318070e+10
       59.749058  -1.0425729e+11
       59.767146   3.3271095e+10
       59.785217  -9.4334280e+10
       59.803288  -5.3039545e+10
       59.821376   3.1462295e+10
       59.839447   7.0793214e+10
       59.857518  -1.0787469e+11
       59.875590  -1.5299360e+11
       59.893677  -6.2599679e+10
       59.911748  -8.0223156e+10
       59.929836  -8.4098842e+10
       59.947904  -3.2983801e+10
       59.965965   3.7770843e+10
       59.984364  -1.9131408e+10
       60.002776  -8.5853415e+10
       60.020208  -1.3293582e+11
       60.038296  -1.5645067e+11
       60.056367  -4.8380591e+10
       60.073824  -5.8147692e+10
       60.091526  -6.3986775e+10
       60.109597   3.4263708e+10
       60.126864   1.2713059e+10
       60.144756   1.2471138e+11
       60.161896  -6.1811284e+10
       60.179898  -4.8036079e+09
       60.196986   5.4168127e+10
       60.214936   5.2257293e+10
       60.232128   2.2851157e+10
       60.249964  -6.6301412e+08
       60.266965   1.7065849e+10
       60.284358  -1.2340132e+10
       60.302008   2.5028422e+10
       60.319016   2.7045805e+10
       60.336588   1.3315280e+11
       60.354048   1.1441226e+10
       60.371747  -1.4036602e+10
       60.389805   7.6358899e+10
       60.407085   2.1421905e+10
       60.424977  -2.3695324e+10
       60.442104  -2.7569477e+10
       60.459136  -1.7695857e+10
       60.477134  -7.4596678e+10
       60.494248  -1.0400210e+11
       60.512168   2.5672836e+10
       60.529433  -4.8903445e+10
       60.547496   2.9708721e+10
       60.565596   6.1186083e+10
       60.583216  -2.5173803e+10
       60.600738   1.6123355e+10
       60.618826  -1.1540735e+11
       60.636897  -1.7155448e+10
       60.654968  -2.4957028e+10
       60.672288  -1.5845157e+11
       60.690127  -1.6992584e+10
       60.708183   1.2446644e+11
       60.726285   1.8467351e+10
       60.744336   5.3872928e+10
       60.761512   1.0302621e+11
       60.780516   3.0414438e+10
       60.798583   1.2793352e+10
       60.816646  -7.1602139e+10
       60.834740  -1.2628911e+10
       60.852406  -6.7565036e+10
       60.869888   7.5858216e+10
       60.888504  -2.6212697e+10
       60.907047  -8.9004556e+10
       60.924464  -5.7193656e+08
       60.942206   2.1086325e+10
       60.960277   5.8456191e+10
       60.979192   1.1376061e+10
       60.996528   5.0709978e+10
       61.014507  -5.9216633e+10
       61.032562   4.8855664e+10
       61.050666  -1.0008053e+10
       61.068576  -4.5304353e+10
       61.085808  -1.3559135e+11
       61.103896  -1.5735195e+10
       61.121961  -1.3716316e+10
       61.140028  -1.1382302e+11
       61.158126  -1.0394824e+11
       61.175656  -7.6595270e+09
       61.193268   6.7025712e+10
       61.211356  -7.6287871e+10
       61.229427   3.6134898e+08
       61.246704   3.5767549e+10
       61.264586  -1.3111344e+11
       61.282657  -2.3040924e+10
       61.299744  -7.6012618e+10
       61.317816  -7.3993539e+10
       61.335885  -5.6262872e+10
       61.353944   1.0680040e+11
       61.371808   3.8117158e+10
       61.389117   8.9235065e+10
       61.407188  -2.0691244e+10
       61.425269  -4.6167477e+10
       61.443338   4.9504475e+09
       61.460864  -5.9804907e+10
       61.478506  -1.5205556e+11
       61.496577  -8.7189949e+10
       61.513904  -1.0284645e+11
       61.531736  -1.0475521e+11
       61.549807  -1.8915010e+11
       61.567878  -1.8909496e+11
       61.584968  -5.1562997e+10
       61.602976  -4.4506085e+08
       61.620108  -2.9849239e+10
       61.638196   6.2511777e+10
       61.656267  -1.2063348e+10
       61.674024  -3.1647767e+10
       61.691426  -4.1412369e+10
       61.709490   2.3453221e+10
       61.727560  -1.3806801e+10
       61.745088  -3.3391193e+10
       61.762727   9.4320902e+10
       61.780798  -9.2199644e+10
       61.798128   3.7476438e+10
       61.815957   1.5928005e+10
       61.834028  -7.8286735e+10
       61.852116   2.3893960e+10
       61.870187  -8.9960343e+10
       61.888184   2.2040045e+10
       61.905346  -9.3778187e+10
       61.923216  -2.1056906e+10
       61.940488  -5.2903048e+09
       61.958576   1.1456589e+11
       61.976256  -3.2675716e+10
       61.993718  -1.8873118e+10
       62.011797  -7.0344398e+09
       62.029870  -2.0727233e+10
       62.047948  -9.5302618e+10
       62.066036  -1.1292331e+11
       62.084107   1.2476994e+11
       62.101344   4.8230544e+10
       62.119266   2.4717929e+10
       62.137337  -4.6866222e+09
       62.155384  -7.3370276e+10
       62.172496   7.2065977e+09
       62.190416  -9.2900368e+10
       62.207638   7.4090377e+10
       62.225726  -3.3872405e+10
       62.243456   3.8848497e+10
       62.260868   1.3371674e+10
       62.278956   5.4669308e+10
       62.297018   1.6970725e+09
       62.315091  -8.8590318e+10
       62.333186   4.1085154e+10
       62.350536   2.7391905e+10
       62.368328  -1.2181420e+11
       62.386416   3.9332698e+09
