8.000000000000000000e+02 0.000000000000000000e+00 3.284319964480938916e-05
8.300000000000000000e+02 0.000000000000000000e+00 1.815058140636934263e-04
8.600000000000000000e+02 0.000000000000000000e+00 8.023714300369047059e-04
8.900000000000000000e+02 0.000000000000000000e+00 2.669506907294806435e-03
9.200000000000000000e+02 2.464645969297484841e-03 6.898504274050694211e-03
9.500000000000000000e+02 8.361909053503624109e-03 1.426015365560442255e-02
9.800000000000000000e+02 2.511074669961877934e-02 2.445366277889643447e-02
1.010000000000000000e+03 3.614640383241546351e-02 3.650854945815274616e-02
1.040000000000000000e+03 4.439117428932992659e-02 4.967676041603978632e-02
1.070000000000000000e+03 6.960023359854908276e-02 6.320568353753244772e-02
1.100000000000000000e+03 7.460478045136251235e-02 7.590056867848736510e-02
1.130000000000000000e+03 8.866188939385603873e-02 8.603252679493222921e-02
1.160000000000000000e+03 1.101358940873310155e-01 9.132679193410411789e-02
1.190000000000000000e+03 8.818823799503533456e-02 9.057653564014696290e-02
1.220000000000000000e+03 9.220903009471077827e-02 8.497173381070802223e-02
1.250000000000000000e+03 7.353849586797985005e-02 7.659521761852929045e-02
1.280000000000000000e+03 7.172891164955595700e-02 6.685910080305591807e-02
1.310000000000000000e+03 5.177724854974787710e-02 5.657217900957704770e-02
1.340000000000000000e+03 5.142984647106565999e-02 4.638876751626848371e-02
1.370000000000000000e+03 2.746041168316179504e-02 3.689813917923405462e-02
1.400000000000000000e+03 3.658606541869542650e-02 2.842865677474727681e-02
1.430000000000000000e+03 1.053528837370223438e-02 2.109328920204364688e-02
1.460000000000000000e+03 2.120782029958913351e-02 1.501764803592474037e-02
1.490000000000000000e+03 2.583516066200871718e-03 1.021728090242480722e-02
1.520000000000000000e+03 1.029966235415983970e-02 6.558415896984112585e-03
1.550000000000000000e+03 0.000000000000000000e+00 3.872165469043206514e-03
1.580000000000000000e+03 2.348397425483279150e-03 2.057992289351275820e-03
1.610000000000000000e+03 7.241511596670791994e-05 1.011408652713986257e-03
1.640000000000000000e+03 0.000000000000000000e+00 5.323371656774415154e-04
1.670000000000000000e+03 5.410172192743250164e-04 3.837451143222158712e-04
