       20.004588   1.5506818e+11
       20.021285   4.3292138e+11
       20.040692  -8.0183243e+11
       20.057980  -1.3564636e+11
       20.077105   4.8362270e+10
       20.093012   8.5355387e+11
       20.111579   9.1126645e+10
       20.130730   9.1685397e+11
       20.146912  -1.2308675e+11
       20.166680   4.1709314e+10
       20.183325  -2.9313331e+11
       20.202808  -5.2396586e+11
       20.219832   3.5223427e+11
       20.237570  -4.8309790e+10
       20.254992  -5.3738892e+10
       20.272348  -4.2889369e+11
       20.290880   7.3273124e+11
       20.307270   9.6253655e+10
       20.326640   1.6196785e+11
       20.344175  -2.9975011e+11
       20.361736   8.9350599e+10
       20.379824   4.1171122e+10
       20.396011  -8.9211276e+11
       20.414964   4.5500454e+11
       20.432116   5.7984207e+10
       20.451125   2.1815289e+11
       20.468820  -1.6989730e+11
       20.485788   7.8613378e+10
       20.504725  -1.1058014e+11
       20.521804  -6.3461904e+11
       20.540514   1.9055875e+11
       20.558080   2.6859315e+11
       20.576224   4.3135898e+11
       20.593480  -7.1942976e+11
       20.610815   1.0809281e+12
       20.629644   1.6338691e+11
       20.647152   1.0082517e+12
       20.666815   7.6890462e+09
       20.684168  -1.0209933e+12
       20.703187   4.5828855e+10
       20.721125  -1.3485102e+12
       20.737622  -3.3424766e+11
       20.756828   1.6923005e+11
       20.772770   1.6539504e+11
       20.792232  -1.5143317e+12
       20.810880   1.2962016e+11
       20.829100   5.2346096e+11
       20.847252  -4.5627745e+11
       20.864476  -1.7021357e+11
       20.882954  -5.0617974e+11
       20.898908  -4.6601661e+11
       20.917668  -5.3617329e+11
       20.933690  -2.1730657e+10
       20.951266  -4.9113725e+11
       20.969354  -2.4071278e+11
       20.985456  -4.1996115e+11
       21.005408   5.5149116e+11
       21.022888  -8.4890621e+11
       21.042655  -7.0792827e+11
       21.060170  -3.0799926e+11
       21.077840  -1.1345796e+12
       21.096659   4.1249012e+11
       21.113405   1.1815389e+11
       21.132044   2.2177545e+11
       21.148925   6.5520455e+11
       21.168160   4.2230766e+11
       21.185108  -3.8319770e+10
       21.203130   4.3019009e+11
       21.220554   5.3890820e+11
       21.238503   5.0688328e+11
       21.257550   6.9889904e+11
       21.272721  -1.2383974e+11
       21.292719   1.4202154e+12
       21.310475  -7.9247754e+10
       21.326876   1.3525660e+12
       21.344088   2.6705997e+10
       21.360390   1.0285969e+12
       21.378688   6.3675365e+11
       21.394748   7.9858738e+11
       21.411810   9.6762703e+11
       21.429120  -1.3405892e+11
       21.447768   8.9585480e+11
       21.465760   2.1906513e+11
       21.483566   9.1849707e+11
       21.502516   7.2124622e+10
       21.518875   2.6295243e+11
       21.538772  -6.6164717e+10
       21.556831   6.8661721e+11
       21.574168   7.8373850e+11
       21.593670   2.2916988e+10
       21.610114  -6.5970172e+11
       21.628185  -1.6560596e+11
       21.645888  -2.8591968e+10
       21.663344  -1.0480453e+11
       21.680920  -4.3093519e+11
       21.699044   7.2142788e+10
       21.718196   4.9626259e+11
       21.735275  -9.6302238e+11
       21.753464  -2.5423628e+11
       21.770992  -1.4318559e+11
       21.788875  -3.5080504e+11
       21.806946   1.8827990e+11
       21.824036  -1.0695845e+11
       21.842975  -1.4220119e+11
       21.859174  -4.8338684e+11
       21.877441   5.7034114e+11
       21.895825   8.7421157e+09
       21.912724  -6.7717089e+11
       21.931112   9.0232552e+11
       21.949010  -2.4043579e+11
       21.968144   4.6783679e+11
       21.986152  -6.2484700e+11
       22.004430   5.4125399e+11
       22.021470   4.6727723e+11
       22.037430   1.1201340e+12
       22.055011   4.6808760e+11
       22.072206   5.4138217e+11
       22.090184  -2.3469472e+11
       22.107255  -2.2675954e+11
       22.125326  -9.7300904e+10
       22.143128   3.3842700e+10
       22.159880   1.5595578e+11
       22.179288  -3.5989917e+11
       22.196312   3.6061552e+11
       22.213715  -4.8235777e+11
       22.230870   7.4208786e+10
       22.248918   7.0238206e+10
       22.266775  -8.8270833e+10
       22.284016   1.0074321e+12
       22.302104   1.2734851e+10
       22.319400   1.3996062e+11
       22.338084   3.8493434e+10
       22.353628   6.2036410e+10
       22.371405  -1.8900638e+10
       22.390420  -3.2329142e+11
       22.406748   6.3763650e+11
       22.426325  -8.1910616e+10
       22.442920   1.0855242e+11
       22.461782  -3.0153433e+11
       22.479175   1.5238135e+11
       22.496344  -3.0672824e+11
       22.514080  -5.0007615e+11
       22.531095  -4.3470635e+11
       22.549764   4.2712367e+10
       22.566930   2.1661989e+11
       22.585050  -2.4989846e+11
       22.602608  -1.3528917e+11
       22.619632  -6.2474407e+11
       22.638470  -8.8177441e+10
       22.655648  -6.1966379e+11
       22.674630   2.6699357e+11
       22.690785  -3.0535271e+11
       22.709024   2.8259789e+11
       22.727477   3.6540148e+10
       22.744297  -5.9335588e+10
       22.762370  -2.8164739e+11
       22.779174  -1.3137475e+11
       22.796760  -2.7184924e+11
       22.813768  -4.6352368e+11
       22.832016   3.9196559e+10
       22.849800   2.6040087e+11
       22.868284   2.6352008e+11
       22.886634  -3.6725632e+11
       22.902975  -9.7620257e+10
       22.922632  -1.3539752e+11
       22.938880   2.3566446e+11
       22.956935   2.6002260e+11
       22.974770  -1.7143977e+11
       22.991458  -1.4588498e+11
       23.010675  -6.4504621e+11
       23.027538  -2.3010863e+11
       23.046313  -1.5853865e+11
       23.063525   2.5891482e+11
       23.080466  -1.7205926e+11
       23.097992  -4.9444142e+10
       23.115625  -2.9531364e+11
       23.133008  -3.3337243e+11
       23.149280   4.1922017e+11
       23.166855  -5.8443228e+10
       23.183170   1.9431343e+11
       23.200072  -1.8734741e+11
       23.218060   2.4109091e+10
       23.234156  -8.7017487e+10
       23.252112  -5.8440344e+10
       23.268925   1.5204185e+11
       23.284612  -2.1841175e+11
       23.300137   6.1203449e+10
       23.317897   1.2087826e+11
       23.336168   1.6966666e+11
       23.353704   1.9026929e+11
       23.371775   1.9152866e+11
       23.389208   2.8939523e+11
       23.407636   1.4050898e+11
       23.424475  -1.2951497e+11
       23.442076  -9.8221295e+10
       23.461056   1.3432486e+11
       23.478280   3.5793926e+11
       23.496288  -1.5297625e+11
       23.513394   2.3102779e+10
       23.531610   4.1679362e+11
       23.550120   1.8967985e+11
       23.566624   3.7083917e+11
       23.584360   3.5479635e+11
       23.601759   1.6555256e+11
       23.619845  -1.6618685e+11
       23.636875  -2.3371332e+11
       23.653996   1.6686953e+11
       23.670780  -7.5384109e+10
       23.686725   7.8774670e+10
       23.704226   1.0424357e+11
       23.723156  -1.8154347e+10
       23.743195  -1.3469068e+11
       23.761456  -9.4881649e+10
       23.780576   2.0324968e+09
       23.799520   1.2982349e+11
       23.816844   3.5967103e+10
       23.835552  -1.9927197e+11
       23.852845   1.8984359e+11
       23.870916  -4.5419353e+11
       23.888585  -1.7730863e+11
       23.906066   5.5032353e+10
       23.923070  -9.6743406e+10
       23.938428   3.1261609e+11
       23.953975  -1.2113802e+10
       23.969920   8.0587409e+10
       23.986672   8.1173297e+10
       24.002825   3.3201942e+11
       24.021524   5.3900548e+10
       24.041658  -7.7768215e+10
       24.058810   1.7949120e+11
       24.077836   1.4630959e+11
       24.095752   2.0186144e+11
       24.113230   5.9404265e+10
       24.131470   8.1517289e+10
       24.148142   4.8277777e+10
       24.165782   5.5848485e+11
       24.183288   2.8715430e+11
       24.201376   3.9255515e+11
       24.218225   4.3838329e+11
       24.235526   2.8145807e+11
       24.252872   1.1815393e+11
       24.269880   4.0439129e+11
       24.286888   2.0485087e+11
       24.302980   4.2210876e+10
       24.324895   5.9599195e+10
       24.342986   4.9680597e+11
       24.361196  -2.0798685e+10
       24.380330   4.4416938e+11
       24.399216   2.2418510e+11
       24.416992   2.5811099e+11
       24.434375   6.6724817e+10
       24.452884   2.1941399e+11
       24.471024   4.0344857e+11
       24.488598   1.0966399e+11
       24.506048   3.3930202e+10
       24.523764   6.9884948e+10
       24.541835   2.5759817e+11
       24.559088   2.1441228e+11
       24.577876   1.2021085e+11
       24.595120   1.6483990e+11
       24.613136  -2.7729246e+10
       24.631152   2.4829654e+11
       24.648295   1.9744081e+11
       24.666168   1.4600592e+11
       24.682930  -5.2394447e+10
       24.699850   1.7484540e+11
       24.718984   8.9228062e+09
       24.738136  -1.0738859e+11
       24.757270   1.5883027e+11
       24.776394   1.9846555e+11
       24.794908   2.5787805e+11
       24.812280   3.7371594e+11
       24.830824   2.8969432e+11
       24.848312   2.4883188e+11
       24.865320   1.1134377e+11
       24.883286   1.4687209e+11
       24.899374   3.4877235e+11
       24.917360   1.7447720e+11
       24.934516   5.0610610e+11
       24.952604   1.2535468e+11
       24.970675   6.8993442e+11
       24.988746   3.2910932e+11
       25.006432   5.7409368e+11
       25.023905   1.9659622e+11
       25.042504   4.3490238e+11
       25.060463   3.4032824e+11
       25.078129   5.1870530e+11
       25.096206   4.2745255e+11
       25.113512   7.0568411e+11
       25.130520   6.0111295e+11
       25.147528   9.6921949e+11
       25.164552   7.6145637e+11
       25.180525   5.5702389e+11
       25.196666   7.3539516e+11
       25.214754   1.1501055e+12
       25.233500   1.0155799e+12
       25.253896   7.2460623e+11
       25.272336   8.3973684e+11
       25.291055   1.1046630e+12
       25.309126   1.0200757e+12
       25.327756   9.6211888e+11
       25.345680   8.7087825e+11
       25.362677   1.1657712e+12
       25.380439   1.0312602e+12
       25.398515   1.4493202e+12
       25.416542   8.5878025e+11
       25.433748   1.1869679e+12
       25.451745   1.2854773e+12
       25.470768   1.4771931e+12
       25.487904   1.4392281e+12
       25.505975   1.5377442e+12
       25.523808   1.7128230e+12
       25.541134   1.8346432e+12
       25.558840   1.6369099e+12
       25.576704   1.5856424e+12
       25.594872   1.9671094e+12
       25.612435   1.8526007e+12
       25.630506   2.2007862e+12
       25.647901   1.9265021e+12
       25.665661   1.7054809e+12
       25.682928   1.7740606e+12
       25.699952   1.6895201e+12
       25.717895   2.4571353e+12
       25.734968   2.1662199e+12
       25.753054   2.1149732e+12
       25.771000   2.2168511e+12
       25.788008   2.5417553e+12
       25.805284   2.1310136e+12
       25.823670   2.3627181e+12
       25.842426   2.4046878e+12
       25.860514   2.4366723e+12
       25.878585   2.6417537e+12
       25.896088   2.6071694e+12
       25.913744   2.3295896e+12
       25.931815   2.4647744e+12
       25.949116   2.8229856e+12
       25.967793   2.6852186e+12
       25.984734   2.6639601e+12
       26.003088   3.0354927e+12
       26.020204   3.1340714e+12
       26.038275   3.3691309e+12
       26.056208   2.9717358e+12
       26.073636   3.2101272e+12
       26.092240   3.2920722e+12
       26.109248   3.2808151e+12
       26.126272   3.4093653e+12
       26.143280   3.3282095e+12
       26.160806   3.1937964e+12
       26.178894   3.4555019e+12
       26.196320   3.4941865e+12
       26.214036   3.4596415e+12
       26.232111   3.4384124e+12
       26.250192   3.6734980e+12
       26.267368   3.9518591e+12
       26.285354   3.6144081e+12
       26.303375   3.4633687e+12
       26.319496   4.3941653e+12
       26.337432   3.9668454e+12
       26.354440   3.9556187e+12
       26.371448   4.1807333e+12
       26.388472   4.2127831e+12
       26.405885   4.3546840e+12
       26.423956   4.4666286e+12
       26.441512   4.7649825e+12
       26.458520   4.9801217e+12
       26.475528   5.0388132e+12
       26.493274   5.0775335e+12
       26.511345   4.8599456e+12
       26.529402   5.2115709e+12
       26.547503   5.3568166e+12
       26.565575   5.8415950e+12
       26.583646   5.7405208e+12
       26.601734   5.8524858e+12
       26.619805   5.2421219e+12
       26.637876   5.4173379e+12
       26.656256   6.2316691e+12
       26.675035   6.2337960e+12
       26.693085   6.1227486e+12
       26.711168   6.4411070e+12
       26.728175   6.4498977e+12
       26.745336   6.5984968e+12
       26.764096   6.9002181e+12
       26.781025   7.0122055e+12
       26.799364   6.9311294e+12
       26.816778   7.3793207e+12
       26.834724   7.5878474e+12
       26.852796   7.4468607e+12
       26.871884   7.5455428e+12
       26.889840   8.0636468e+12
       26.906848   7.5431924e+12
       26.924114   8.1944484e+12
       26.942185   8.5128356e+12
       26.960611   8.3285883e+12
       26.978894   8.6569648e+12
       26.995920   8.3162719e+12
       27.013486   9.1373042e+12
       27.031574   8.9830228e+12
       27.048960   9.5976787e+12
       27.066716   9.8861223e+12
       27.084804   9.9348990e+12
       27.102000   9.9736929e+12
       27.119930   9.6563158e+12
       27.138032   1.0600524e+13
       27.155170   1.0679269e+13
       27.174048   1.1097546e+13
       27.191264   1.1399318e+13
       27.209335   1.1944089e+13
       27.227088   1.2382344e+13
       27.244494   1.2131555e+13
       27.262120   1.2413365e+13
       27.279128   1.2844968e+13
       27.296724   1.2943701e+13
       27.314795   1.3505129e+13
       27.332866   1.3773632e+13
       27.351716   1.4248517e+13
       27.369200   1.4723404e+13
       27.387984   1.4229636e+13
       27.405171   1.5686499e+13
       27.423255   1.5911739e+13
       27.441326   1.6386635e+13
       27.459414   1.6468743e+13
       27.477075   1.6514239e+13
       27.493556   1.7045729e+13
       27.511644   1.7723684e+13
       27.529715   1.7349767e+13
       27.548702   1.8274053e+13
       27.567352   1.8758949e+13
       27.584360   1.8807785e+13
       27.602016   1.9286028e+13
       27.620104   2.0925996e+13
       27.638950   2.0698555e+13
       27.657246   2.1589566e+13
       27.674432   2.1415388e+13
       27.691440   2.2106680e+13
       27.708459   2.2761358e+13
       27.726472   2.3432680e+13
       27.743790   2.4297072e+13
       27.762706   2.4745375e+13
       27.780512   2.5995901e+13
       27.798210   2.5874998e+13
       27.816528   2.6716097e+13
       27.834024   2.7450678e+13
       27.851560   2.7752528e+13
       27.869166   2.8490442e+13
       27.887254   2.9358178e+13
       27.904588   3.0815100e+13
       27.921605   3.1233464e+13
       27.939484   3.1358901e+13
       27.956640   3.2762570e+13
       27.974626   3.3027819e+13
       27.992656   3.4065332e+13
       28.009766   3.4909782e+13
       28.027828   3.5834123e+13
       28.046176   3.6661933e+13
       28.065015   3.7013738e+13
       28.082728   3.8756951e+13
       28.100174   4.0094061e+13
       28.118245   4.1244765e+13
       28.135768   4.1939437e+13
       28.153404   4.3582795e+13
       28.170800   4.4493838e+13
       28.188546   4.5065354e+13
       28.206634   4.6072933e+13
       28.224705   4.7916023e+13
       28.242776   4.8797116e+13
       28.259856   4.9485143e+13
       28.276934   5.1348212e+13
       28.294991   5.3494224e+13
       28.313276   5.4568390e+13
       28.332165   5.5888883e+13
       28.350236   5.6630182e+13
       28.367580   5.8356782e+13
       28.383960   5.9830403e+13
       28.400968   6.1200836e+13
       28.419116   6.3653103e+13
       28.438250   6.4141429e+13
       28.456008   6.5581771e+13
       28.473784   6.7874266e+13
       28.491040   7.0190065e+13
       28.508926   7.1094489e+13
       28.527014   7.2328457e+13
       28.545080   7.3093079e+13
       28.562155   7.6510692e+13
       28.580098   7.8640092e+13
       28.597315   8.1128997e+13
       28.615386   8.2013461e+13
       28.633152   8.4635517e+13
       28.650545   8.6458684e+13
       28.668616   8.9563409e+13
       28.686184   9.0630960e+13
       28.703193   9.2247752e+13
       28.721484   9.4640138e+13
       28.739232   9.6383424e+13
       28.757005   1.0058997e+14
       28.775076   1.0361149e+14
       28.793164   1.0591733e+14
       28.811235   1.0760071e+14
       28.828288   1.0922417e+14
       28.845394   1.1205263e+14
       28.863318   1.1548360e+14
       28.880523   1.1910097e+14
       28.898624   1.2207590e+14
       28.917030   1.2545361e+14
       28.935368   1.2821218e+14
       28.952392   1.3193941e+14
       28.969925   1.3448827e+14
       28.987408   1.3788929e+14
       29.005084   1.4063122e+14
       29.022440   1.4545693e+14
       29.040226   1.4861163e+14
       29.058314   1.5292140e+14
       29.076385   1.5538372e+14
       29.094456   1.6055896e+14
       29.112512   1.6322767e+14
       29.129615   1.6800014e+14
       29.147683   1.7296900e+14
       29.165540   1.7616699e+14
       29.183130   1.8226429e+14
       29.201568   1.8531582e+14
       29.219004   1.9141978e+14
       29.236600   1.9620557e+14
       29.253608   2.0067847e+14
       29.271234   2.0465538e+14
       29.288640   2.0980401e+14
       29.306376   2.1679010e+14
       29.324464   2.2091015e+14
       29.342535   2.2646156e+14
       29.360606   2.3387040e+14
       29.377712   2.3880600e+14
       29.395765   2.4035297e+14
       29.413836   2.4907333e+14
       29.431921   2.5659535e+14
       29.449748   2.6175065e+14
       29.467066   2.6768155e+14
       29.484430   2.7646516e+14
       29.501225   2.8210646e+14
       29.519296   2.9029757e+14
       29.536832   2.9692750e+14
       29.554455   3.0569115e+14
       29.572526   3.1363594e+14
       29.590614   3.2164730e+14
       29.608685   3.2850026e+14
       29.626756   3.3598569e+14
       29.645776   3.4656683e+14
       29.663915   3.5329331e+14
       29.680928   3.6191051e+14
       29.698074   3.6949914e+14
       29.716145   3.7510717e+14
       29.734212   3.8741260e+14
       29.752292   3.9938515e+14
       29.770000   4.0728669e+14
       29.787008   4.1680931e+14
       29.804534   4.2538324e+14
       29.822040   4.3738577e+14
       29.839676   4.4679189e+14
       29.857764   4.5785238e+14
       29.875835   4.6663271e+14
       29.893906   4.7689432e+14
       29.911994   4.8443304e+14
       29.930065   4.9760395e+14
       29.947136   5.1208971e+14
       29.965224   5.2432858e+14
       29.983160   5.3752946e+14
       30.000168   5.4593698e+14
       30.017450   5.6300584e+14
       30.035514   5.7315428e+14
       30.052820   5.8616210e+14
       30.069232   5.9972582e+14
       30.086755   6.1172171e+14
       30.104826   6.2640721e+14
       30.122914   6.4286692e+14
       30.140985   6.5431025e+14
       30.158288   6.7119604e+14
       30.176144   6.8825492e+14
       30.193320   6.9860644e+14
       30.211253   7.2013247e+14
       30.230352   7.2940215e+14
       30.247530   7.5487938e+14
       30.266516   7.6913549e+14
       30.284392   7.8196358e+14
       30.301675   8.0013427e+14
       30.319740   8.1541896e+14
       30.338627   8.3543710e+14
       30.357905   8.4818198e+14
       30.374920   8.6920872e+14
       30.392064   8.8588815e+14
       30.410135   9.0059366e+14
       30.427488   9.1901068e+14
       30.445294   9.3288401e+14
       30.462520   9.5313850e+14
       30.480436   9.7253418e+14
       30.497552   9.8536895e+14
       30.514524   1.0029971e+15
       30.530554   1.0204022e+15
       30.547916   1.0349080e+15
       30.566825   1.0503525e+15
       30.584896   1.0699612e+15
       30.602978   1.0841641e+15
       30.621459   1.0985334e+15
       30.639648   1.1146403e+15
       30.656672   1.1366857e+15
       30.673680   1.1412786e+15
       30.691356   1.1627880e+15
       30.709444   1.1851829e+15
       30.727515   1.2067889e+15
       30.745586   1.2286944e+15
       30.762752   1.2461295e+15
       30.780745   1.2662309e+15
       30.798768   1.2862358e+15
       30.815904   1.3104382e+15
       30.833975   1.3356991e+15
       30.852046   1.3484207e+15
       30.870134   1.3751063e+15
       30.887840   1.3957237e+15
       30.904841   1.4150828e+15
       30.921864   1.4446844e+15
       30.939990   1.4638105e+15
       30.958506   1.4899269e+15
       30.976594   1.5110769e+15
       30.993920   1.5287250e+15
       31.010928   1.5456342e+15
       31.027952   1.5589450e+15
       31.044960   1.5726320e+15
       31.062966   1.5775079e+15
       31.080116   1.5870373e+15
       31.099000   1.5925356e+15
       31.116008   1.5929344e+15
       31.133284   1.5985892e+15
       31.151040   1.6019372e+15
       31.168426   1.6002754e+15
       31.186065   1.5958076e+15
       31.204081   1.5997281e+15
       31.222656   1.6072670e+15
       31.241376   1.6014077e+15
       31.260510   1.6063169e+15
       31.278886   1.6054741e+15
       31.296960   1.5949180e+15
       31.315043   1.5924674e+15
       31.333116   1.5921039e+15
       31.352192   1.5901393e+15
       31.369200   1.5809946e+15
       31.386346   1.5810705e+15
       31.404232   1.5740395e+15
       31.421500   1.5727407e+15
       31.439565   1.5641020e+15
       31.457664   1.5605895e+15
       31.475735   1.5617639e+15
       31.493797   1.5435717e+15
       31.511887   1.5395067e+15
       31.529965   1.5296464e+15
       31.548036   1.5209411e+15
       31.566124   1.5076722e+15
       31.583360   1.4952521e+15
       31.601266   1.4749130e+15
       31.619354   1.4604923e+15
       31.636425   1.4340683e+15
       31.654408   1.4184959e+15
       31.671584   1.3987659e+15
       31.689655   1.3770121e+15
       31.707726   1.3618424e+15
       31.725814   1.3395094e+15
       31.743885   1.3279448e+15
       31.761956   1.3015474e+15
       31.780035   1.2890241e+15
       31.797514   1.2647006e+15
       31.815186   1.2486322e+15
       31.832552   1.2374504e+15
       31.851130   1.2151407e+15
       31.869416   1.2062657e+15
       31.887504   1.1922212e+15
       31.905575   1.1870444e+15
       31.922684   1.1669217e+15
       31.941734   1.1517288e+15
       31.959805   1.1356172e+15
       31.977648   1.1227211e+15
       31.994672   1.1073618e+15
       32.012035   1.0931409e+15
       32.029688   1.0861965e+15
       32.047676   1.0686702e+15
       32.066265   1.0646518e+15
       32.084326   1.0448520e+15
       32.102418   1.0342528e+15
       32.120495   1.0202249e+15
       32.137768   1.0082842e+15
       32.153930   9.9468581e+14
       32.171725   9.7778530e+14
       32.189796   9.6591116e+14
       32.207832   9.5255575e+14
       32.224840   9.4576457e+14
       32.242204   9.2369124e+14
       32.260872   9.1493279e+14
       32.278185   9.0484951e+14
       32.296256   8.8939035e+14
       32.313912   8.7873454e+14
       32.331407   8.6416748e+14
       32.348363   8.5310889e+14
       32.365563   8.3203752e+14
       32.383640   8.1505382e+14
       32.401716   7.7866035e+14
       32.419804   7.3887159e+14
       32.437875   6.8386726e+14
       32.455008   6.2331396e+14
       32.472034   5.5282775e+14
       32.490105   5.1850143e+14
       32.508048   4.9648804e+14
       32.525072   4.8588884e+14
       32.542335   4.7341890e+14
       32.560406   4.5706767e+14
       32.578494   4.5114199e+14
       32.596565   4.3752364e+14
       32.614128   4.3136829e+14
       32.631724   4.1844897e+14
       32.649160   4.1371166e+14
       32.666157   4.0631469e+14
       32.683950   3.9773937e+14
       32.701200   3.9225975e+14
       32.719096   3.8732604e+14
       32.737184   3.8601732e+14
       32.755270   3.7658651e+14
       32.774326   3.7822038e+14
       32.792272   3.6823035e+14
       32.809280   3.6241122e+14
       32.826556   3.5877905e+14
       32.844312   3.5626534e+14
       32.861320   3.5033636e+14
       32.878786   3.4749644e+14
       32.896352   3.4682018e+14
       32.913945   3.4066153e+14
       32.932664   3.3876030e+14
       32.951092   3.3654619e+14
       32.968396   3.3355981e+14
       32.987084   3.2938175e+14
       33.005334   3.2752048e+14
       33.022440   3.2476711e+14
       33.040476   3.2121153e+14
       33.058472   3.1971309e+14
       33.075630   3.1483268e+14
       33.093679   3.1937255e+14
       33.111794   3.1204553e+14
       33.129865   3.1514740e+14
       33.147528   3.1138544e+14
       33.164552   3.0901822e+14
       33.181543   3.0806904e+14
       33.198555   3.0795870e+14
       33.216916   3.0597095e+14
       33.235325   3.0277156e+14
       33.253383   3.0540742e+14
       33.271481   3.0307350e+14
       33.289555   3.0227411e+14
       33.307626   3.0121510e+14
       33.325714   3.0345817e+14
       33.343785   2.9985601e+14
       33.361688   2.9920310e+14
       33.378944   2.9766808e+14
       33.397015   2.9379630e+14
       33.414728   2.9470457e+14
       33.432174   2.9496373e+14
       33.450245   2.9321236e+14
       33.468316   2.9091174e+14
       33.485792   2.9133402e+14
       33.503475   2.9028833e+14
       33.520808   2.8891976e+14
       33.538620   2.8839336e+14
       33.556703   2.8395904e+14
       33.574776   2.8702766e+14
       33.591872   2.8593538e+14
       33.609935   2.8600150e+14
       33.628124   2.8336803e+14
       33.646912   2.8682611e+14
       33.664165   2.8132662e+14
       33.682236   2.8424212e+14
       33.699952   2.7993764e+14
       33.716960   2.8293970e+14
       33.734466   2.8201054e+14
       33.751983   2.7859150e+14
       33.768994   2.8144710e+14
       33.786008   2.7928632e+14
       33.803784   2.7911612e+14
       33.822670   2.7829681e+14
       33.840911   2.7701149e+14
       33.858071   2.7806626e+14
       33.876085   2.7785945e+14
       33.894156   2.7595832e+14
       33.912112   2.7706636e+14
       33.929315   2.7588090e+14
       33.947386   2.7460891e+14
       33.965152   2.7718158e+14
       33.982930   2.7446826e+14
       34.001168   2.7414495e+14
       34.018704   2.7278641e+14
       34.036765   2.7308225e+14
       34.054202   2.7276561e+14
       34.071934   2.7036519e+14
       34.090005   2.7107046e+14
       34.107248   2.6740513e+14
       34.125149   2.6705521e+14
       34.142279   2.6440847e+14
       34.159306   2.6408850e+14
       34.177394   2.6253692e+14
       34.195320   2.6464692e+14
       34.212328   2.6296552e+14
       34.229624   2.6339452e+14
       34.247695   2.6109398e+14
       34.265766   2.5955572e+14
       34.283392   2.5825712e+14
       34.300925   2.5716824e+14
       34.318408   2.5897867e+14
       34.336084   2.5581267e+14
       34.354155   2.5660784e+14
       34.372226   2.5606155e+14
       34.389472   2.5592136e+14
       34.407385   2.5346438e+14
       34.424473   2.5446594e+14
       34.443512   2.5511133e+14
       34.460520   2.5258446e+14
       34.477528   2.5046702e+14
       34.494552   2.5002059e+14
       34.511560   2.5195421e+14
       34.529264   2.5053247e+14
       34.548004   2.4905415e+14
       34.566075   2.4808179e+14
       34.584146   2.4894689e+14
       34.602234   2.5129328e+14
       34.619640   2.4598028e+14
       34.636648   2.4972472e+14
       34.654464   2.4689162e+14
       34.672535   2.4678475e+14
       34.690606   2.4589562e+14
       34.708677   2.4731330e+14
       34.725720   2.4688021e+14
       34.742836   2.4488263e+14
       34.761096   2.4453276e+14
       34.779995   2.4525807e+14
       34.797768   2.4702861e+14
       34.815154   2.4348650e+14
       34.832773   2.4449476e+14
       34.850747   2.4189469e+14
       34.868832   2.4452736e+14
       34.886455   2.4152452e+14
       34.904526   2.4268590e+14
       34.921872   2.4240928e+14
       34.939685   2.4173655e+14
       34.956888   2.4142332e+14
       34.974844   2.4180246e+14
       34.992915   2.4501101e+14
       35.010970   2.3871275e+14
       35.028952   2.4236403e+14
       35.045960   2.4079920e+14
       35.063216   2.3980359e+14
       35.081304   2.3726346e+14
       35.099375   2.3848145e+14
       35.117446   2.3869750e+14
       35.135534   2.3643032e+14
       35.153605   2.3950907e+14
       35.171048   2.3429931e+14
       35.188764   2.3641939e+14
       35.206835   2.3486790e+14
       35.224906   2.3419852e+14
       35.242994   2.3235077e+14
       35.260120   2.3208417e+14
       35.277136   2.3360176e+14
       35.295208   2.3006303e+14
       35.313295   2.3153402e+14
       35.331366   2.2991263e+14
       35.349454   2.3245547e+14
       35.367200   2.2852396e+14
       35.384208   2.3014808e+14
       35.401684   2.2694889e+14
       35.419755   2.2762100e+14
       35.437826   2.2640905e+14
       35.455272   2.2679489e+14
       35.472985   2.2645175e+14
       35.490288   2.2576575e+14
       35.507312   2.2784924e+14
       35.525215   2.2427391e+14
       35.542328   2.2560845e+14
       35.560374   2.1967639e+14
       35.578444   2.1947306e+14
       35.596649   2.1772521e+14
       35.615392   2.1388359e+14
       35.632675   2.1224226e+14
       35.650746   2.0898317e+14
       35.668432   2.0793768e+14
       35.685905   2.0658928e+14
       35.703976   2.0378623e+14
       35.722064   2.0059372e+14
       35.740135   2.0000760e+14
       35.758924   1.9517071e+14
       35.777294   1.9384562e+14
       35.794520   1.9095936e+14
       35.812436   1.8898850e+14
       35.830524   1.8695440e+14
       35.847595   1.8741350e+14
       35.865664   1.8613169e+14
       35.883740   1.8090535e+14
       35.901600   1.8149761e+14
       35.918608   1.7886435e+14
       35.935984   1.7740945e+14
       35.954055   1.7468964e+14
       35.971648   1.7555819e+14
       35.988672   1.7469914e+14
       36.006285   1.7389335e+14
       36.023688   1.7446898e+14
       36.040712   1.6996498e+14
       36.058515   1.7105324e+14
       36.076586   1.6703856e+14
       36.094674   1.6838313e+14
       36.112745   1.6542367e+14
       36.129816   1.6680486e+14
       36.147792   1.6497716e+14
       36.164797   1.6340245e+14
       36.182033   1.6500999e+14
       36.199832   1.6334874e+14
       36.217205   1.6396766e+14
       36.234848   1.5937713e+14
       36.252364   1.5931034e+14
       36.270435   1.5809847e+14
       36.288506   1.5971268e+14
       36.306594   1.5678319e+14
       36.323920   1.5627035e+14
       36.340928   1.5524822e+14
       36.358824   1.5436923e+14
       36.375960   1.5373323e+14
       36.392968   1.5276104e+14
       36.412054   1.5360300e+14
       36.430125   1.5135924e+14
       36.448193   1.5119593e+14
       36.466271   1.5066979e+14
       36.484355   1.4824628e+14
       36.502048   1.4985718e+14
       36.519072   1.4746696e+14
       36.536585   1.4852863e+14
       36.554656   1.4646795e+14
       36.572723   1.4458703e+14
       36.590110   1.4529586e+14
       36.607128   1.4375780e+14
       36.624974   1.4261586e+14
       36.643045   1.4113772e+14
       36.661116   1.4097776e+14
       36.679204   1.3980254e+14
       36.697275   1.3982233e+14
       36.715208   1.3924295e+14
       36.732232   1.4190907e+14
       36.749500   1.3802428e+14
       36.767892   1.3717528e+14
       36.786272   1.3573709e+14
       36.804190   1.3805371e+14
       36.822806   1.3731789e+14
       36.840312   1.3559677e+14
       36.857965   1.3581630e+14
       36.876744   1.3522362e+14
       36.895098   1.3495382e+14
       36.914024   1.3496031e+14
       36.933164   1.3467055e+14
       36.952316   1.3403793e+14
       36.969400   1.3216037e+14
       36.986496   1.3318879e+14
       37.004584   1.3278919e+14
       37.022655   1.3259929e+14
       37.040721   1.3008595e+14
       37.058461   1.3110439e+14
       37.076290   1.3021214e+14
       37.094488   1.3111074e+14
       37.112044   1.2974582e+14
       37.130115   1.2901002e+14
       37.147528   1.2970558e+14
       37.165274   1.2846715e+14
       37.182560   1.2889308e+14
       37.199568   1.2757144e+14
       37.217504   1.2713524e+14
       37.235575   1.2553731e+14
       37.253646   1.2588669e+14
       37.271632   1.2503107e+14
       37.288970   1.2635910e+14
       37.307876   1.2489766e+14
       37.325672   1.2332970e+14
       37.343029   1.2238754e+14
       37.361514   1.2610226e+14
       37.379712   1.2391184e+14
       37.397265   1.2294971e+14
       37.415336   1.2181782e+14
       37.433401   1.2027983e+14
       37.451486   1.2268970e+14
       37.468768   1.2029290e+14
       37.485792   1.2212691e+14
       37.502800   1.1970681e+14
       37.519792   1.1978991e+14
       37.535780   1.1924056e+14
       37.551840   1.1923046e+14
       37.568848   1.1881759e+14
       37.585872   1.1810180e+14
       37.602880   1.1798186e+14
       37.619882   1.1769881e+14
       37.636471   1.1702963e+14
       37.652920   1.1707280e+14
       37.669928   1.1615397e+14
       37.686952   1.1700269e+14
       37.703960   1.1628358e+14
       37.721716   1.1661636e+14
       37.739804   1.1346063e+14
       37.757000   1.1590382e+14
       37.774946   1.1369345e+14
       37.793032   1.1415938e+14
       37.810105   1.1279451e+14
       37.828176   1.1381967e+14
       37.846264   1.1354995e+14
       37.864080   1.1254126e+14
       37.881088   1.1275088e+14
       37.898494   1.1175218e+14
       37.916113   1.1201840e+14
       37.933628   1.1042719e+14
       37.951152   1.1143238e+14
       37.968795   1.1039041e+14
       37.986866   1.1009407e+14
       38.004954   1.0971119e+14
       38.023025   1.1047672e+14
       38.040208   1.0939149e+14
       38.058184   1.0735424e+14
       38.076240   1.0821963e+14
       38.093326   1.0718100e+14
       38.111272   1.0913822e+14
       38.128690   1.0709432e+14
       38.147556   1.0652837e+14
       38.165976   1.0630861e+14
       38.184715   1.0646833e+14
       38.202778   1.0578588e+14
       38.220866   1.0616196e+14
       38.239530   1.0616523e+14
       38.258016   1.0472051e+14
       38.276816   1.0340894e+14
       38.295175   1.0480029e+14
       38.312408   1.0489011e+14
       38.331236   1.0348867e+14
       38.349405   1.0476352e+14
       38.368476   1.0309911e+14
       38.386564   1.0281945e+14
       38.404480   1.0187404e+14
       38.421706   1.0155777e+14
       38.439512   1.0180738e+14
       38.456520   1.0208362e+14
       38.473528   1.0075875e+14
       38.491016   9.9487140e+13
       38.509087   1.0002968e+14
       38.527166   9.8764732e+13
       38.544592   9.8797983e+13
       38.562325   9.7160219e+13
       38.580396   9.9387099e+13
       38.598484   9.8441711e+13
       38.617470   9.7772608e+13
       38.635626   9.8391721e+13
       38.653714   9.5785306e+13
       38.671680   9.5672103e+13
       38.688688   9.5991635e+13
       38.705944   9.4973023e+13
       38.724015   9.3821264e+13
       38.742086   9.5082827e+13
       38.759752   9.4496953e+13
       38.777245   9.2656153e+13
       38.794759   9.1148226e+13
       38.812397   9.1943774e+13
       38.830475   9.1594244e+13
       38.847808   9.0452480e+13
       38.865634   9.0575631e+13
       38.882840   8.8934562e+13
       38.899848   8.8428588e+13
       38.917864   8.8355348e+13
       38.935880   8.7876006e+13
       38.953124   8.8994451e+13
       38.972094   8.6185008e+13
       38.990165   8.6457961e+13
       39.007913   8.4980008e+13
       39.025292   8.5126472e+13
       39.042960   8.5499290e+13
       39.060466   8.4390829e+13
       39.078544   8.4510668e+13
       39.095994   8.1771137e+13
       39.113008   8.2290424e+13
       39.130784   8.0712619e+13
       39.148040   8.1851051e+13
       39.165048   8.0745927e+13
       39.183014   8.1072153e+13
       39.201080   7.8755378e+13
       39.218156   8.0672735e+13
       39.236244   7.8662204e+13
       39.254315   7.7903274e+13
       39.272386   7.8425901e+13
       39.290152   7.8732163e+13
       39.307545   7.7427327e+13
       39.325616   7.6402104e+13
       39.343192   7.5330280e+13
       39.360200   7.5819627e+13
       39.377198   7.5180539e+13
       39.394929   7.4867667e+13
       39.412240   7.4035516e+13
       39.429248   7.3772578e+13
       39.446272   7.3862485e+13
       39.463265   7.3166815e+13
       39.482288   7.1529119e+13
       39.499476   7.0806823e+13
       39.518465   7.0746942e+13
       39.536536   7.0477354e+13
       39.554624   7.0081276e+13
       39.573030   6.7601421e+13
       39.591766   6.8207289e+13
       39.609854   6.8064198e+13
       39.627925   6.8240664e+13
       39.645408   6.6343340e+13
       39.663073   6.5188321e+13
       39.680435   6.5557857e+13
       39.698226   6.4842232e+13
       39.716314   6.4452823e+13
       39.734385   6.3903636e+13
       39.752456   6.3760555e+13
       39.770512   6.2046319e+13
       39.787615   6.1969814e+13
       39.805686   6.2109678e+13
       39.823774   6.1826795e+13
       39.841560   6.1344191e+13
       39.858916   6.0991407e+13
       39.876592   6.0175933e+13
       39.894075   6.0185983e+13
       39.911608   5.9370512e+13
       39.928632   5.8704834e+13
       39.946305   5.9726818e+13
       39.963636   5.8065856e+13
       39.981460   5.7619877e+13
       39.998680   5.7040751e+13
       40.016606   5.6624733e+13
       40.034694   5.6185416e+13
       40.052720   5.6265380e+13
       40.069944   5.5370031e+13
       40.088924   5.5509914e+13
       40.106995   5.5150491e+13
       40.124768   5.4155284e+13
       40.142154   5.4624715e+13
       40.159800   5.4378472e+13
       40.177296   5.4298666e+13
       40.194832   5.3399997e+13
       40.211840   5.4198975e+13
       40.229526   5.3510018e+13
       40.246860   5.3290411e+13
       40.264682   5.2045560e+13
       40.282756   5.2055637e+13
       40.300844   5.1836034e+13
       40.317920   5.1483283e+13
       40.335986   5.2615142e+13
       40.353952   5.1879591e+13
       40.371145   5.1320464e+13
       40.388968   5.0927773e+13
       40.405992   4.9832724e+13
       40.423000   5.0205642e+13
       40.440446   5.0149156e+13
       40.458032   4.9743155e+13
       40.475040   4.9287225e+13
       40.492676   4.9750023e+13
       40.510072   5.0036400e+13
       40.527835   4.8262301e+13
       40.545892   4.8571981e+13
       40.563110   4.7666680e+13
       40.581065   4.8705353e+13
       40.598134   4.7943189e+13
       40.615926   4.7796840e+13
       40.633295   4.7417481e+13
       40.651564   4.6974878e+13
       40.670454   4.7397744e+13
       40.688200   4.7534340e+13
       40.705596   4.6502558e+13
       40.723232   4.6459406e+13
       40.741270   4.6303079e+13
       40.759248   4.6482954e+13
       40.776914   4.6136892e+13
       40.795690   4.6360043e+13
       40.813288   4.5268350e+13
       40.831961   4.5434915e+13
       40.849318   4.5068886e+13
       40.866328   4.5844609e+13
       40.884289   4.4416721e+13
       40.901445   4.5388841e+13
       40.919368   4.4576768e+13
       40.936392   4.4180786e+13
       40.953675   4.3791463e+13
       40.971746   4.4600480e+13
       40.989432   4.4590634e+13
       41.006905   4.3931688e+13
       41.024976   4.3286059e+13
       41.042472   4.1891468e+13
       41.060135   4.3089952e+13
       41.077488   4.2723938e+13
       41.095294   4.3483033e+13
       41.112520   4.3622987e+13
       41.130421   4.2361551e+13
       41.148524   4.2378345e+13
       41.165630   4.2068926e+13
       41.184568   4.1876013e+13
       41.201754   4.1100575e+13
       41.219825   4.1483532e+13
       41.237896   4.1057612e+13
       41.255984   4.1240849e+13
       41.274055   4.0781645e+13
       41.291648   4.1304413e+13
       41.309214   4.1024962e+13
       41.326680   4.1051753e+13
       41.344356   4.0263010e+13
       41.361712   4.0273160e+13
       41.379515   4.0436433e+13
       41.397586   4.1042427e+13
       41.415658   4.0969363e+13
       41.433745   3.9824452e+13
       41.450816   4.0297300e+13
       41.468904   3.9741576e+13
       41.486975   3.9658530e+13
       41.504800   3.9558842e+13
       41.522110   3.9901875e+13
       41.539840   3.8697054e+13
       41.557276   3.8307771e+13
       41.575364   3.8537631e+13
       41.593435   3.8654316e+13
       41.611506   3.8787645e+13
       41.629594   3.9310436e+13
       41.647665   3.7503124e+13
       41.665736   3.8771550e+13
       41.683824   3.7633313e+13
       41.700960   3.8279271e+13
       41.717952   3.8329389e+13
       41.735992   3.7750380e+13
       41.753000   3.7587463e+13
       41.770196   3.7454505e+13
       41.788284   3.7444711e+13
       41.806355   3.7568066e+13
       41.824048   3.6819299e+13
       41.841514   3.7242241e+13
       41.859585   3.6200549e+13
       41.877088   3.7049570e+13
       41.895376   3.5615090e+13
       41.913120   3.7336238e+13
       41.930886   3.5848502e+13
       41.948139   3.5395998e+13
       41.966043   3.6211737e+13
       41.984116   3.5273243e+13
       42.001187   3.6475116e+13
       42.019275   3.6055904e+13
       42.037208   3.5646679e+13
       42.054434   3.5646888e+13
       42.072505   3.5011313e+13
       42.090576   3.5417628e+13
       42.108664   3.5474428e+13
       42.126735   3.4995306e+13
       42.144288   3.4655991e+13
       42.161894   3.5338594e+13
       42.179965   3.4533261e+13
       42.197328   3.4560108e+13
       42.214352   3.4829953e+13
       42.232195   3.4047924e+13
       42.249368   3.4048145e+13
       42.267354   3.3782070e+13
       42.284425   3.3898798e+13
       42.302568   3.3346455e+13
       42.321432   3.3672896e+13
       42.338655   3.2704465e+13
       42.356726   3.4142699e+13
       42.374472   3.3160956e+13
       42.391885   3.2798355e+13
       42.409488   3.3224662e+13
       42.427044   3.2968583e+13
       42.445115   3.2858969e+13
       42.462528   3.2160172e+13
       42.479552   3.2926013e+13
       42.497345   3.2942893e+13
       42.515416   3.3016362e+13
       42.532592   3.2480677e+13
       42.550575   3.1971623e+13
       42.568607   3.2697524e+13
       42.585719   3.2484728e+13
       42.603805   3.3040867e+13
       42.621876   3.2401997e+13
       42.639964   3.1846346e+13
       42.657680   3.1430503e+13
       42.675092   3.1976660e+13
       42.693176   3.2256521e+13
       42.710720   3.1085061e+13
       42.728336   3.1518045e+13
       42.746424   3.1112193e+13
       42.763713   3.1245594e+13
       42.781552   3.0932948e+13
       42.799639   3.1136255e+13
       42.817724   3.0390878e+13
       42.835796   3.1286560e+13
       42.853884   2.9925372e+13
       42.871953   3.0564746e+13
       42.889832   3.1144203e+13
       42.907101   2.9882880e+13
       42.924575   3.0012962e+13
       42.941256   3.0073142e+13
       42.958912   3.0110023e+13
       42.976415   3.0553008e+13
       42.993928   2.9940790e+13
       43.010952   3.0094179e+13
       43.028645   2.9378772e+13
       43.045968   2.9585423e+13
       43.063804   2.9612323e+13
       43.081000   2.8990124e+13
       43.098946   2.8640882e+13
       43.117034   2.8937412e+13
       43.135040   2.8704676e+13
       43.152174   2.8761540e+13
       43.170250   2.8006198e+13
       43.188335   2.8695521e+13
       43.206088   2.8705786e+13
       43.223112   2.8672780e+13
       43.240565   2.9109123e+13
       43.258636   2.8899696e+13
       43.276152   2.7505246e+13
       43.293795   2.7751855e+13
       43.311168   2.8580992e+13
       43.328954   2.7709154e+13
       43.346200   2.7280036e+13
       43.364096   2.7852864e+13
       43.382184   2.7653431e+13
       43.399255   2.7467313e+13
       43.417326   2.7337785e+13
       43.435272   2.7068451e+13
       43.452482   2.7008828e+13
       43.470544   2.7488458e+13
       43.488644   2.6629944e+13
       43.506715   2.7509023e+13
       43.524328   2.6936780e+13
       43.541874   2.7056913e+13
       43.559945   2.6264978e+13
       43.577368   2.5812572e+13
       43.595104   2.6235622e+13
       43.612400   2.6129405e+13
       43.630246   2.7045107e+13
       43.647432   2.6040139e+13
       43.664440   2.6403275e+13
       43.682476   2.6450184e+13
       43.700472   2.5688215e+13
       43.717635   2.5631936e+13
       43.735702   2.5931830e+13
       43.753501   2.5582626e+13
       43.770865   2.5959083e+13
       43.788915   2.5549963e+13
       43.806527   2.5214076e+13
       43.824095   2.5274308e+13
       43.842166   2.5597510e+13
       43.859592   2.5264955e+13
       43.877325   2.4912428e+13
       43.895396   2.5478630e+13
       43.912632   2.4546908e+13
       43.930555   2.5386066e+13
       43.947648   2.4244637e+13
       43.965672   2.4724296e+13
       43.982680   2.4678018e+13
       43.999520   2.4362114e+13
       44.015712   2.4292537e+13
       44.032715   2.4678995e+13
       44.049718   2.4080153e+13
       44.066752   2.3311548e+13
       44.083760   2.3618120e+13
       44.101316   2.3039254e+13
       44.118792   2.4178008e+13
       44.136475   2.3988603e+13
       44.153808   2.3722639e+13
       44.171634   2.3862780e+13
       44.188840   2.3114154e+13
       44.205848   2.2651799e+13
       44.223864   2.2618849e+13
       44.240935   2.2835554e+13
       44.258888   2.3208711e+13
       44.276094   2.2386858e+13
       44.293920   2.2303981e+13
       44.311231   2.2687126e+13
       44.329313   2.2630882e+13
       44.347388   2.2987399e+13
       44.364928   2.2887883e+13
       44.382524   2.2239129e+13
       44.400000   2.2142943e+13
       44.417696   2.2522765e+13
       44.435784   2.2120340e+13
       44.453855   2.1578108e+13
       44.471048   2.2027837e+13
       44.488072   2.1888383e+13
       44.506080   2.2155033e+13
       44.523156   2.1542903e+13
       44.541112   2.1403452e+13
       44.558120   2.1710050e+13
       44.575386   2.1603887e+13
       44.593152   2.1204799e+13
       44.610154   2.2020694e+13
       44.627159   2.1851289e+13
       44.644704   2.1159276e+13
       44.662775   2.0527181e+13
       44.680208   2.1006879e+13
       44.697934   2.1243582e+13
       44.716005   2.0881116e+13
       44.733248   2.1270941e+13
       44.751164   2.0955079e+13
       44.769235   2.0309675e+13
       44.787289   2.0150265e+13
       44.805394   2.0596682e+13
       44.823320   2.0297467e+13
       44.840328   2.0048184e+13
       44.857624   1.9765615e+13
       44.875689   2.0245324e+13
       44.893749   2.0089248e+13
       44.911383   1.9720135e+13
       44.928925   2.0020095e+13
       44.946408   1.9680942e+13
       44.964084   2.0357050e+13
       44.982155   1.9515262e+13
       45.000226   1.9452396e+13
       45.018314   1.9782319e+13
       45.035480   2.0295323e+13
       45.053456   1.9273788e+13
       45.071544   1.9021189e+13
       45.089615   1.9717275e+13
       45.107528   1.9105176e+13
       45.124552   1.9478378e+13
       45.141845   1.9152550e+13
       45.159568   1.8813408e+13
       45.177004   1.8670662e+13
       45.195067   1.8244975e+13
       45.213138   1.8108888e+13
       45.231234   1.7693190e+13
       45.249305   1.8472502e+13
       45.266648   1.8472895e+13
       45.284464   1.8430016e+13
       45.302535   1.8104196e+13
       45.320606   1.8410834e+13
       45.338694   1.7871978e+13
       45.356765   1.8651296e+13
       45.374836   1.7673051e+13
       45.392924   1.7913118e+13
       45.410995   1.7970107e+13
       45.429066   1.7933892e+13
       45.447154   1.7664668e+13
       45.465650   1.7551894e+13
       45.484288   1.7319287e+13
       45.502376   1.7529402e+13
       45.519840   1.8172250e+13
       45.537526   1.7490269e+13
       45.554872   1.7340884e+13
       45.572685   1.7657521e+13
       45.590756   1.7458206e+13
       45.608844   1.6686354e+13
       45.626915   1.7156114e+13
       45.644986   1.7655834e+13
       45.662952   1.7156939e+13
       45.680142   1.6368446e+13
       45.697956   1.6924756e+13
       45.715304   1.7364563e+13
       45.733369   1.7245145e+13
       45.751422   1.6633077e+13
       45.769517   1.6227392e+13
       45.787595   1.6177879e+13
       45.805670   1.7003821e+13
       45.823764   1.6724630e+13
       45.841835   1.6548629e+13
       45.859906   1.6242809e+13
       45.877994   1.6532831e+13
       45.895120   1.6719663e+13
       45.913136   1.5864607e+13
       45.931224   1.6098043e+13
       45.949295   1.6008594e+13
       45.967366   1.6009022e+13
       45.985454   1.5633305e+13
       46.003200   1.6462585e+13
       46.020596   1.5274662e+13
       46.038684   1.5681197e+13
       46.056240   1.5115746e+13
       46.073816   1.5202725e+13
       46.091908   1.6008709e+13
       46.109280   1.4574465e+13
       46.127056   1.5074208e+13
       46.145144   1.4668541e+13
       46.163215   1.5081738e+13
       46.180328   1.5128778e+13
       46.199352   1.4959452e+13
       46.216445   1.4180971e+13
       46.234516   1.4650760e+13
       46.252604   1.4348288e+13
       46.270670   1.4748176e+13
       46.288735   1.4285927e+13
       46.306834   1.4259741e+13
       46.324905   1.3777521e+13
       46.342976   1.4636776e+13
       46.361064   1.4008094e+13
       46.379124   1.4527821e+13
       46.396483   1.4501639e+13
       46.414294   1.4105970e+13
       46.432351   1.4149693e+13
       46.450434   1.4043624e+13
       46.467552   1.3681245e+13
       46.485529   1.3435371e+13
       46.503568   1.3632218e+13
       46.520754   1.3393004e+13
       46.538825   1.3792904e+13
       46.556896   1.3377270e+13
       46.574984   1.3737227e+13
       46.592627   1.3867504e+13
       46.610108   1.3997782e+13
       46.627672   1.2666753e+13
       46.645285   1.3203135e+13
       46.663345   1.3190281e+13
       46.681439   1.3147468e+13
       46.699515   1.3187874e+13
       46.716728   1.2912053e+13
       46.734674   1.2935818e+13
       46.751760   1.3102718e+13
       46.769816   1.2816912e+13
       46.787792   1.3133607e+13
       46.804975   1.2222004e+13
       46.822808   1.2738423e+13
       46.840134   1.2349431e+13
       46.858205   1.2346571e+13
       46.875848   1.2406957e+13
       46.893364   1.2846819e+13
       46.911435   1.2101657e+13
       46.928888   1.2358441e+13
       46.946582   1.1759744e+13
       46.964661   1.1886709e+13
       46.981928   1.2013675e+13
       46.999824   1.1957562e+13
       47.017895   1.1871491e+13
       47.035966   1.1698875e+13
       47.054054   1.1226674e+13
       47.072125   1.1323686e+13
       47.090008   1.1610435e+13
       47.107284   1.1907171e+13
       47.125355   1.1385043e+13
       47.143426   1.1232403e+13
       47.161072   1.1479211e+13
       47.178585   1.1602856e+13
       47.196656   1.1453548e+13
       47.214112   1.1087873e+13
       47.231815   1.1005141e+13
       47.249116   1.0925738e+13
       47.266957   1.1299041e+13
       47.285043   1.0613813e+13
       47.303116   1.0544398e+13
       47.321192   1.0877760e+13
       47.338275   1.0951481e+13
       47.356346   1.0679017e+13
       47.374434   1.0769385e+13
       47.392505   1.1172652e+13
       47.410248   1.0201159e+13
       47.427664   1.0611085e+13
       47.445735   1.0538348e+13
       47.463806   1.0142726e+13
       47.481894   9.7837205e+12
       47.499320   1.0140390e+13
       47.517036   9.7048256e+12
       47.534340   9.3325077e+12
       47.552192   1.0025380e+13
       47.570266   1.0005908e+13
       47.588354   9.8466304e+12
       47.605425   9.4909588e+12
       47.623496   9.8376477e+12
       47.641432   9.6850298e+12
       47.658655   9.6955196e+12
       47.676448   9.5295879e+12
       47.693814   9.9228823e+12
       47.711885   8.9147861e+12
       47.729956   9.3813133e+12
       47.747512   9.4217657e+12
       47.764520   9.4422461e+12
       47.782186   9.2430316e+12
       47.800274   9.2568565e+12
       47.818345   9.2573667e+12
       47.835554   9.1646735e+12
       47.853503   8.8456286e+12
       47.871575   8.7263072e+12
       47.888646   9.1395815e+12
       47.906734   9.2699160e+12
       47.924640   8.6579462e+12
       47.941876   8.6085308e+12
       47.959964   8.9885214e+12
       47.977680   8.5729482e+12
       47.995106   8.6500263e+12
       48.012712   8.7870225e+12
       48.030810   9.1869879e+12
       48.048728   8.6282827e+12
       48.066424   8.0762361e+12
       48.084495   8.2431932e+12
       48.102566   8.6298466e+12
       48.120639   8.9266257e+12
       48.138724   8.4211836e+12
       48.156796   8.5415415e+12
       48.174884   8.2058660e+12
       48.192840   8.4793464e+12
       48.210026   8.0537965e+12
       48.228114   8.5303307e+12
       48.246185   8.4842562e+12
       48.264256   8.4947706e+12
       48.281912   7.9826773e+12
       48.299415   7.7635114e+12
       48.317486   7.8539172e+12
       48.335574   8.0907879e+12
       48.352960   8.1845238e+12
       48.370716   8.1218106e+12
       48.387992   7.8161021e+12
       48.405875   7.9431273e+12
       48.422993   8.1533712e+12
       48.440032   7.2651389e+12
       48.457105   7.7083946e+12
       48.475048   7.3793880e+12
       48.492072   7.3100227e+12
       48.509335   7.2473151e+12
       48.527406   7.1246912e+12
       48.545112   7.1551896e+12
       48.562565   7.5618335e+12
       48.580128   7.5091147e+12
       48.597724   7.2966187e+12
       48.615795   7.6034030e+12
       48.633866   7.5440289e+12
       48.651192   7.2649605e+12
       48.669850   7.3786812e+12
       48.687208   7.0396967e+12
       48.705168   7.2632669e+12
       48.723238   7.2371834e+12
       48.741248   7.3675504e+12
       48.758414   7.1650466e+12
       48.776485   7.2721139e+12
       48.794556   7.2893064e+12
       48.812312   6.5641957e+12
       48.829715   6.8243860e+12
       48.847328   6.6352000e+12
       48.864874   7.0418559e+12
       48.882945   7.1023251e+12
       48.901016   6.4504490e+12
       48.919104   6.3378267e+12
       48.937175   6.3217373e+12
       48.954408   6.2290881e+12
       48.972334   6.9553051e+12
       48.990405   6.2967748e+12
       49.008459   6.5469857e+12
       49.026564   6.7805541e+12
       49.044480   6.3150916e+12
       49.061706   6.4587854e+12
       49.079512   6.6723835e+12
       49.096865   6.1237050e+12
       49.114936   5.8912554e+12
       49.132552   6.5342603e+12
       49.150095   6.2884971e+12
       49.168166   5.8962710e+12
       49.186254   5.6505097e+12
       49.204325   5.8108523e+12
       49.221608   5.8280606e+12
       49.239484   6.2447164e+12
       49.257555   6.1321059e+12
       49.275626   6.1127002e+12
       49.293657   5.7737386e+12
       49.310785   5.6178567e+12
       49.328688   5.9712695e+12
       49.345944   5.9085936e+12
       49.363720   5.8459177e+12
       49.381086   5.7333117e+12
       49.398752   5.4908867e+12
       49.415760   5.8875761e+12
       49.433316   5.3655394e+12
       49.450772   5.5924659e+12
       49.467790   5.6596138e+12
       49.485546   5.4604649e+12
       49.502832   5.6407911e+12
       49.520705   5.0954566e+12
       49.537848   5.7218319e+12
       49.555864   5.6891220e+12
       49.573879   4.9041215e+12
       49.590991   5.4372945e+12
       49.609094   5.5477214e+12
       49.626920   5.3985082e+12
       49.644236   4.8465205e+12
       49.662324   5.0068800e+12
       49.679960   5.4102361e+12
       49.697466   5.0047139e+12
       49.715554   5.4313728e+12
       49.733625   4.9992221e+12
       49.751008   4.8866291e+12
       49.768784   4.6775044e+12
       49.786040   5.0109610e+12
       49.803926   4.8051657e+12
       49.821072   4.9455584e+12
       49.838085   4.4834528e+12
       49.856087   4.6771056e+12
       49.873094   4.6910088e+12
       49.890094   4.2921507e+12
       49.907386   4.1063313e+12
       49.925152   4.5030389e+12
       49.942160   4.4337259e+12
       49.959168   4.6240536e+12
       49.976192   4.4282509e+12
       49.993200   4.4121992e+12
       50.010846   4.1464941e+12
       50.028232   4.2336344e+12
       50.045240   4.3973352e+12
       50.063076   4.3446699e+12
       50.080272   3.9225179e+12
       50.098219   4.2859437e+12
       50.115288   4.1766919e+12
       50.132394   4.2571783e+12
       50.150463   4.3243498e+12
       50.168315   4.2217572e+12
       50.185624   4.1091796e+12
       50.203360   4.0332179e+12
       50.220752   4.3134298e+12
       50.238836   4.3206878e+12
       50.256925   4.0849493e+12
       50.274996   3.9357581e+12
       50.293062   3.9596614e+12
       50.311145   3.6007620e+12
       50.328448   4.1439461e+12
       50.346314   3.7917059e+12
       50.363480   4.4380815e+12
       50.381456   3.7795996e+12
       50.398528   3.5971257e+12
       50.416520   3.6376760e+12
       50.433683   3.5350920e+12
       50.451761   3.6721769e+12
       50.469560   3.4530888e+12
       50.486916   3.9230462e+12
       50.505004   3.5408525e+12
       50.522600   3.2318906e+12
       50.540146   3.5154414e+12
       50.558234   3.4827649e+12
       50.576305   3.3868428e+12
       50.593648   3.6038208e+12
       50.611464   3.2149730e+12
       50.629535   3.4552532e+12
       50.646688   3.6156447e+12
       50.664694   3.6894905e+12
       50.682720   3.4104921e+12
       50.699836   3.2313558e+12
       50.717924   3.0455632e+12
       50.735756   3.3923656e+12
       50.753054   3.4229403e+12
       50.770792   3.2904088e+12
       50.787800   3.1645347e+12
       50.805296   3.2550280e+12
       50.822832   3.3188926e+12
       50.839840   3.3461412e+12
       50.857526   3.1303938e+12
       50.874872   2.7715126e+12
       50.892685   2.9319116e+12
       50.909888   3.0490378e+12
       50.927844   2.8466080e+12
       50.945915   2.8572162e+12
       50.962986   2.8045793e+12
       50.981074   2.6787117e+12
       50.999145   2.9656052e+12
       51.017212   2.8463954e+12
       51.035292   2.4941764e+12
       51.053375   2.4814867e+12
       51.071008   2.4654689e+12
       51.088534   2.6824625e+12
       51.106605   2.6265010e+12
       51.124676   2.7702632e+12
       51.143456   2.4646494e+12
       51.161835   2.6716583e+12
       51.179088   2.4991937e+12
       51.196994   2.4731938e+12
       51.215065   2.4105780e+12
       51.232128   2.5510146e+12
       51.249192   2.3951962e+12
       51.267160   2.3325819e+12
       51.284366   2.4463902e+12
       51.302192   2.2939021e+12
       51.319519   2.4176976e+12
       51.337198   2.4283171e+12
       51.354684   2.4356090e+12
       51.372755   2.2298628e+12
       51.390248   2.5101101e+12
       51.407914   2.4741302e+12
       51.425280   2.3449460e+12
       51.443056   2.2124336e+12
       51.461144   2.1032233e+12
       51.478320   2.3668295e+12
       51.497244   2.2476334e+12
       51.514352   2.3481339e+12
       51.531445   2.2655548e+12
       51.549516   2.0631422e+12
       51.567604   2.1769590e+12
       51.585675   2.0943813e+12
       51.603403   2.2348283e+12
       51.620824   2.1755532e+12
       51.638905   2.1462365e+12
       51.656976   2.1735085e+12
       51.675064   1.7247746e+12
       51.693135   1.8552378e+12
       51.711206   2.1920822e+12
       51.729294   1.7832944e+12
       51.747365   1.8338698e+12
       51.765436   1.9743211e+12
       51.783524   1.9017354e+12
       51.801595   1.8857378e+12
       51.819764   1.5801421e+12
       51.838589   1.7871703e+12
       51.855812   1.9908696e+12
       51.873896   1.7618359e+12
       51.891984   1.5794053e+12
       51.910048   1.7930922e+12
       51.928117   1.6539352e+12
       51.945672   1.7444610e+12
       51.963285   1.9015610e+12
       51.981356   1.7324470e+12
       51.999444   1.7264413e+12
       52.016720   1.7670375e+12
       52.034586   1.7344024e+12
       52.052674   1.6285365e+12
       52.070745   1.3861929e+12
       52.088816   1.5033515e+12
       52.106792   1.4307741e+12
       52.123975   1.7842727e+12
       52.142046   1.9247337e+12
       52.159832   1.4793411e+12
       52.177205   1.8028825e+12
       52.195269   1.6903622e+12
       52.212864   1.6510747e+12
       52.230435   1.4253788e+12
       52.247888   1.7322784e+12
       52.265594   1.5365424e+12
       52.283665   1.4739551e+12
       52.301736   1.7508975e+12
       52.318952   1.8114743e+12
       52.335960   1.1863346e+12
       52.353966   1.7695206e+12
       52.371054   1.5571437e+12
       52.389125   1.3314517e+12
       52.407196   9.2268050e+11
       52.425284   1.2029554e+12
       52.443355   1.2835068e+12
       52.461048   1.4672490e+12
       52.478514   1.3813660e+12
       52.496072   1.0957596e+12
       52.513649   1.2329011e+12
       52.531744   1.2235799e+12
       52.549815   1.4272965e+12
       52.567886   1.1849652e+12
       52.585152   1.5085172e+12
       52.602160   1.3094601e+12
       52.620116   1.2302372e+12
       52.638204   1.1843026e+12
       52.656275   1.2948177e+12
       52.674346   1.3088002e+12
       52.692232   1.4925485e+12
       52.709505   1.2934939e+12
       52.727576   1.3740521e+12
       52.745272   1.0951096e+12
       52.762735   1.0125613e+12
       52.780797   1.3061588e+12
       52.798887   1.2835289e+12
       52.816965   7.6491963e+11
       52.835036   1.3947190e+12
       52.853124   1.4752806e+12
       52.870360   1.5225549e+12
       52.888266   1.2702448e+12
       52.906354   1.4872851e+12
       52.923425   1.4280415e+12
       52.941495   1.3288537e+12
       52.959418   1.0931894e+12
       52.976655   1.3368605e+12
       52.994726   1.3841375e+12
       53.012814   1.2250349e+12
       53.030885   1.2523404e+12
       53.048488   1.2962898e+12
       53.066044   1.5632645e+12
       53.084105   1.6238583e+12
       53.101491   1.5479751e+12
       53.119260   1.2890132e+12
       53.136560   1.5326878e+12
       53.154416   1.6964735e+12
       53.171548   1.4275266e+12
       53.189574   1.4148909e+12
       53.207608   1.5587054e+12
       53.224734   1.8356697e+12
       53.242640   1.4835057e+12
       53.259876   1.6006916e+12
       53.277672   1.8144113e+12
       53.295029   1.6120409e+12
       53.313096   1.7625151e+12
       53.330712   1.7931563e+12
       53.348265   1.7139496e+12
       53.365718   1.7745495e+12
       53.382747   1.5222507e+12
       53.400495   1.7992181e+12
       53.418566   1.5602343e+12
       53.435792   1.6374798e+12
       53.453725   1.7213826e+12
       53.470808   1.7819846e+12
       53.488884   1.7793420e+12
       53.506840   1.8133150e+12
       53.524026   2.2067901e+12
       53.541872   2.2740516e+12
       53.559185   2.2813959e+12
       53.577256   2.1689067e+12
       53.594912   2.2627991e+12
       53.612415   1.8906704e+12
       53.630486   2.2209019e+12
       53.647952   2.2382348e+12
       53.665633   2.2322664e+12
       53.682964   2.1830249e+12
       53.700804   2.0838536e+12
       53.718000   2.2110350e+12
       53.735008   2.3781613e+12
       53.753034   2.6151918e+12
       53.771040   2.1631770e+12
       53.788176   2.4168510e+12
       53.806072   2.5207337e+12
       53.823335   2.2551282e+12
       53.841088   2.3656684e+12
       53.858494   2.6160157e+12
       53.876565   2.3870271e+12
       53.894112   2.2612292e+12
       53.911709   2.9309962e+12
       53.929160   2.5755173e+12
       53.946854   2.8125507e+12
       53.964950   2.4071423e+12
       53.982200   2.4977128e+12
       54.000096   2.5316954e+12
       54.018184   2.7088139e+12
       54.035255   2.4465410e+12
       54.053248   2.6203308e+12
       54.070414   2.5444676e+12
       54.088280   2.8747078e+12
       54.105288   2.4859449e+12
       54.122644   2.6231207e+12
       54.140320   2.7236802e+12
       54.157786   2.4081501e+12
       54.175352   2.5253545e+12
       54.192360   2.8056658e+12
       54.210016   2.7065034e+12
       54.227392   2.6506153e+12
       54.245162   2.7844639e+12
       54.262405   2.5255239e+12
       54.280334   2.7159620e+12
       54.297440   2.7266488e+12
       54.314476   2.5409416e+12
       54.332564   2.5582872e+12
       54.350480   2.6987950e+12
       54.367706   2.6429087e+12
       54.385512   2.5703798e+12
       54.402865   3.0903626e+12
       54.420929   2.5984149e+12
       54.438544   2.2828903e+12
       54.456095   2.5765211e+12
       54.474166   2.6704289e+12
       54.492254   2.4015073e+12
       54.509600   2.1459002e+12
       54.527383   2.1266325e+12
       54.544630   2.3437048e+12
       54.562555   2.3444100e+12
       54.580626   2.3051708e+12
       54.598672   2.5189152e+12
       54.615785   2.2932683e+12
       54.633856   2.3638777e+12
       54.651712   2.1482182e+12
       54.668720   1.8626552e+12
       54.686086   2.1562897e+12
       54.703752   2.3500635e+12
       54.721245   2.1011172e+12
       54.739316   2.2849048e+12
       54.757404   1.8695238e+12
       54.774800   2.1531734e+12
       54.792546   2.0407058e+12
       54.810634   1.9881560e+12
       54.827826   2.1486439e+12
       54.845775   1.8630836e+12
       54.862872   2.2133097e+12
       54.880935   1.7113832e+12
       54.898888   1.5456576e+12
       54.916094   1.9524728e+12
       54.934165   1.8466647e+12
       54.952236   1.7242133e+12
       54.970324   1.7715275e+12
       54.988395   1.7289658e+12
       55.005968   1.8195532e+12
       55.023554   1.6871174e+12
       55.041625   1.6545426e+12
       55.059661   1.7484595e+12
       55.077771   1.4928618e+12
       55.095855   1.6167377e+12
       55.113911   1.8105169e+12
       55.132013   1.6481241e+12
       55.149085   1.4491149e+12
       55.167156   1.4931025e+12
       55.185112   1.3673264e+12
       55.202315   1.5178335e+12
       55.220386   1.5451782e+12
       55.238152   1.3661433e+12
       55.255545   1.1305196e+12
       55.273168   1.5672976e+12
       55.290192   1.5946440e+12
       55.307775   1.2724744e+12
       55.325208   1.1799867e+12
       55.342934   1.1973476e+12
       55.360240   9.9168390e+11
       55.377248   1.3552315e+12
       55.395164   1.1162817e+12
       55.413203   1.4365564e+12
       55.430306   9.9455450e+11
       55.448394   1.2615708e+12
       55.466458   1.1524413e+12
       55.484495   1.2463640e+12
       55.502352   1.2171249e+12
       55.519695   1.1379546e+12
       55.537766   1.1453312e+12
       55.555854   1.0994492e+12
       55.573925   9.0377441e+11
       55.591996   1.3372278e+12
       55.609432   8.9855756e+11
       55.627155   8.4934705e+11
       55.645226   1.0997215e+12
       55.663314   1.0205536e+12
       55.680480   8.6815345e+11
       55.698407   7.6568428e+11
       55.715544   6.0662777e+11
       55.733520   1.0933424e+12
       55.750686   8.2110915e+11
       55.768552   9.6496674e+11
       55.785816   9.9564740e+11
       55.803505   1.0562867e+12
       55.821004   9.8044946e+11
       55.838600   8.8463939e+11
       55.856146   1.0517984e+12
       55.874234   8.3282675e+11
       55.891640   5.0733563e+11
       55.909376   1.0439831e+12
       55.927464   8.2168333e+11
       55.944680   1.0853762e+12
       55.962606   1.0028824e+12
       55.980677   8.1387040e+11
       55.998720   7.0807595e+11
       56.015728   6.0893912e+11
       56.032924   3.8996926e+11
       56.050995   8.5338642e+11
       56.069066   9.4065845e+11
       56.087154   7.0171684e+11
       56.104800   2.5306540e+11
       56.122296   7.3312690e+11
       56.140384   8.8697474e+11
       56.158455   5.9477367e+11
       56.176526   8.2518175e+11
       56.194614   6.8943154e+11
       56.212685   7.9001991e+11
       56.230756   6.1765346e+11
       56.248844   6.9161311e+11
       56.266915   6.8235427e+11
       56.284970   7.7961462e+11
       56.302952   7.9698656e+11
       56.320145   5.3141683e+11
       56.338203   7.6182648e+11
       56.355959   8.6907436e+11
       56.373375   7.4664007e+11
       56.391446   4.8772845e+11
       56.409032   4.2521214e+11
       56.426605   6.4896518e+11
       56.444048   8.4941735e+11
       56.461072   7.0701225e+11
       56.478835   6.8111181e+11
       56.496088   9.0819422e+11
       56.513994   4.8950588e+11
       56.531120   5.5681007e+11
       56.549128   3.8777532e+11
       56.566208   6.7477599e+11
       56.584160   3.2599070e+11
       56.601366   5.2644428e+11
       56.619192   7.0692639e+11
       56.636525   5.5786472e+11
       56.654208   4.6539143e+11
       56.671684   4.1286361e+11
       56.689240   6.0000306e+11
       56.706826   6.9393851e+11
       56.724914   6.7802704e+11
       56.742985   7.3867558e+11
       56.761056   3.9654920e+11
       56.778312   2.6746169e+11
       56.796215   6.9759853e+11
       56.814286   4.9195006e+11
       56.832374   5.0932663e+11
       56.850359   5.1338777e+11
       56.867502   6.3062551e+11
       56.885604   2.8517205e+11
       56.903675   3.7245158e+11
       56.921746   3.5654094e+11
       56.939426   5.6032660e+11
       56.956896   3.9795255e+11
       56.974976   2.9216687e+11
       56.993064   2.4297023e+11
       57.011135   5.2997370e+11
       57.029206   5.8396693e+11
       57.047294   9.2050961e+10
       57.064520   3.2579529e+11
       57.082436   3.5315912e+11
       57.099552   1.4085596e+11
       57.117595   3.8458681e+11
       57.135664   2.3552886e+11
       57.153740   3.7274160e+11
       57.171593   3.9011987e+11
       57.188872   4.1748440e+11
       57.206632   2.7841376e+11
       57.224055   5.4877505e+11
       57.242126   4.8626449e+11
       57.259672   4.2375473e+11
       57.276680   2.0479457e+11
       57.294356   5.6836043e+11
       57.312444   2.9614166e+11
       57.329720   3.8009529e+11
       57.347586   8.4575001e+10
       57.364752   1.1527002e+11
       57.382745   2.2585371e+11
       57.400768   4.9954476e+11
       57.417792   2.8724355e+11
       57.434972   1.7147461e+11
       57.453033   4.3850851e+11
       57.470832   3.0942558e+11
       57.488205   3.9199085e+09
       57.506276   5.0063574e+11
       57.524364   3.0497869e+11
       57.541880   3.3234525e+11
       57.559506   2.1324824e+11
       57.577594   7.7508405e+10
       57.595665   2.0473681e+11
       57.612928   5.0838744e+11
       57.630824   1.1966518e+11
       57.647960   3.3855788e+10
       57.664968   2.0435788e+11
       57.682992  -5.4544070e+10
       57.700125  -2.7176756e+10
       57.718193   3.5303491e+11
       57.736271   1.7402246e+11
       57.754040   1.4813049e+11
       57.771048   1.4221092e+11
       57.788514   3.8927479e+11
       57.806585   4.1331384e+11
       57.824656   2.1100003e+11
       57.842102   7.5261372e+10
       57.859810   1.2925910e+11
       57.877886   3.5060469e+09
       57.895974   4.7518449e+10
       57.914045   4.8256867e+10
       57.931168   8.2282544e+10
       57.948192   1.5625361e+11
       57.965275  -5.6045830e+10
       57.983346   4.0738485e+11
       58.001434  -6.7882620e+10
       58.019500   2.5907068e+11
       58.037565   4.1625934e+11
       58.055664   2.3059064e+11
       58.073735   5.4907455e+10
       58.091806  -1.1078952e+11
       58.109894   3.3085177e+10
       58.127965   8.0426360e+10
       58.146036  -1.1522893e+11
       58.164124  -1.3125672e+09
       58.182195   1.2258931e+11
       58.201164   1.0668501e+11
       58.218392   1.9730049e+11
       58.236425   1.4960300e+10
       58.254496  -1.5739368e+11
       58.272584   2.6942259e+11
       58.290655   2.3354619e+11
       58.308721  -1.5517444e+11
       58.326803  -1.3113312e+11
       58.344474   1.5920512e+11
       58.361947   5.6754475e+10
       58.379512   2.8051908e+11
       58.396520  -7.1585457e+10
       58.414186   2.2208163e+11
       58.431552  -1.3516966e+10
       58.449332  -3.2749456e+10
       58.466566  -5.3798441e+09
       58.483592  -2.0103372e+11
       58.501575   1.6072962e+10
       58.518608  -1.3297948e+11
       58.535632  -9.0762048e+09
       58.552805   1.4811360e+11
       58.570648  -1.6071732e+11
       58.587964   4.9732732e+10
       58.606029  -8.2676007e+10
       58.623679   1.2444467e+11
       58.640712   2.0228169e+09
       58.658265  -1.1707099e+11
       58.676336   1.9324003e+11
       58.693752  -1.3889110e+11
       58.711495  -3.1631944e+10
       58.729566   2.5870680e+11
       58.747654   6.4649666e+09
       58.764800  -1.6588829e+11
       58.781761  -1.3851836e+11
       58.799884   1.3850624e+11
       58.817840  -8.0449071e+10
       58.835026  -9.3023763e+10
       58.852872   2.3060292e+11
       58.870185   3.8779293e+11
       58.887882   1.1890684e+11
       58.905327  -1.5996472e+11
       58.922912  -9.4321507e+09
       58.940486  -5.8622759e+10
       58.957952   1.5515617e+11
       58.975645   2.2747564e+10
       58.993716  -7.9702573e+10
       59.010992   6.0844506e+10
       59.028875   1.8141856e+11
       59.046008   2.8534901e+11
       59.064034   7.6380505e+10
       59.082105   6.0477026e+10
       59.100176  -1.9509428e+11
       59.118264  -9.1163183e+10
       59.136335  -4.4659610e+11
       59.154406  -1.8621592e+11
       59.172112  -2.0877622e+11
       59.189557  -1.6143413e+11
       59.207628   1.2557575e+11
       59.225724  -2.0988425e+11
       59.243795  -1.3591247e+11
       59.261168  -2.7165005e+11
       59.278954   8.7029956e+09
       59.297025  -4.3816641e+10
       59.315081  -1.6291070e+11
