8.000000000000000000e+02 0.000000000000000000e+00 3.052066906245262407e-04
8.300000000000000000e+02 0.000000000000000000e+00 7.002905751493183678e-04
8.600000000000000000e+02 1.151346002973226840e-03 1.502663780593673035e-03
8.900000000000000000e+02 2.045482415786873624e-03 2.643924400831835792e-03
9.200000000000000000e+02 5.080261877132385799e-03 4.017959576440773353e-03
9.500000000000000000e+02 3.795086942871042125e-03 5.699476065233363177e-03
9.800000000000000000e+02 7.263538879675139094e-03 7.969460951113664648e-03
1.010000000000000000e+03 1.087508412438205861e-02 1.111413765041729951e-02
1.040000000000000000e+03 1.132039360216749446e-02 1.531823524631567568e-02
1.070000000000000000e+03 2.240217625374342145e-02 2.059353019829605891e-02
1.100000000000000000e+03 2.651269313240053188e-02 2.714583223218791294e-02
1.130000000000000000e+03 2.431240885873783841e-02 3.580928901426837924e-02
1.160000000000000000e+03 5.527741340143891430e-02 4.741851852057801103e-02
1.190000000000000000e+03 4.596551263453264868e-02 6.223149498510796573e-02
1.220000000000000000e+03 8.480497598985638208e-02 7.918009280680571305e-02
1.250000000000000000e+03 9.994207321182298209e-02 9.440398702735534886e-02
1.280000000000000000e+03 1.265852482378850841e-01 1.026008286079197751e-01
1.310000000000000000e+03 1.026997250744726697e-01 1.010565555930459797e-01
1.340000000000000000e+03 1.045820621912113557e-01 9.133093913327583468e-02
1.370000000000000000e+03 6.645730153001601359e-02 7.725815923610054869e-02
1.400000000000000000e+03 7.029434943396116464e-02 6.225831774883641007e-02
1.430000000000000000e+03 3.693485253983561784e-02 4.818434424459547977e-02
1.460000000000000000e+03 4.268104801493417810e-02 3.577963717222858858e-02
1.490000000000000000e+03 1.400250155417043750e-02 2.538690281787355299e-02
1.520000000000000000e+03 2.128532323694873329e-02 1.708462882124381355e-02
1.550000000000000000e+03 6.623033169325714432e-03 1.067481451623988713e-02
1.580000000000000000e+03 2.816140017492808380e-03 6.074808501450130668e-03
1.610000000000000000e+03 3.167292415700509543e-03 3.224971220668915520e-03
1.640000000000000000e+03 0.000000000000000000e+00 1.728688027108916166e-03
1.670000000000000000e+03 9.319561586110788670e-04 1.111585540178868219e-03
