8.000000000000000000e+02 0.000000000000000000e+00 1.092557746959894839e-05
8.300000000000000000e+02 0.000000000000000000e+00 6.385092089352639960e-05
8.600000000000000000e+02 0.000000000000000000e+00 3.023937346516095961e-04
8.900000000000000000e+02 0.000000000000000000e+00 1.097294568482315219e-03
9.200000000000000000e+02 7.628975446760862542e-04 3.127582985881256685e-03
9.500000000000000000e+02 2.961447827986191626e-03 7.157966265262713686e-03
9.800000000000000000e+02 1.161110593992348804e-02 1.357838282480502631e-02
1.010000000000000000e+03 2.112780076753366723e-02 2.230065840612033279e-02
1.040000000000000000e+03 2.739781798010425262e-02 3.295582905753659947e-02
1.070000000000000000e+03 4.923778057815837716e-02 4.482792701425121484e-02
1.100000000000000000e+03 5.778390115399888866e-02 5.733355359362315995e-02
1.130000000000000000e+03 5.904955603541865022e-02 7.041741873925820572e-02
1.160000000000000000e+03 9.959862944359218484e-02 8.306193844395787229e-02
1.190000000000000000e+03 8.826881111165804650e-02 9.261597809749755328e-02
1.220000000000000000e+03 1.163733245398139299e-01 9.655376864064284248e-02
1.250000000000000000e+03 9.343894498625554546e-02 9.398435592918975845e-02
1.280000000000000000e+03 9.278615015920040066e-02 8.583586567191078820e-02
1.310000000000000000e+03 7.714811856972712822e-02 7.403059808428028021e-02
1.340000000000000000e+03 5.552634406769135084e-02 6.078699792529522472e-02
1.370000000000000000e+03 4.843527011415548617e-02 4.799998343701014636e-02
1.400000000000000000e+03 3.488722114340986336e-02 3.661824080555323158e-02
1.430000000000000000e+03 2.211993498532580787e-02 2.693996905016375273e-02
1.460000000000000000e+03 2.149703756474599312e-02 1.901089222184083882e-02
1.490000000000000000e+03 6.122615005172406429e-03 1.272735458337977479e-02
1.520000000000000000e+03 1.089822253520509980e-02 7.955929390959437172e-03
1.550000000000000000e+03 0.000000000000000000e+00 4.541556636256879192e-03
1.580000000000000000e+03 2.555914933583815132e-03 2.336533039254936987e-03
1.610000000000000000e+03 1.806887146089281319e-04 1.095454265688433106e-03
1.640000000000000000e+03 1.162012978003147570e-04 4.794496245520852434e-04
1.670000000000000000e+03 9.742803522336479592e-05 2.345154992997877945e-04
