       20.005738   9.3276757e+11
       20.024275   9.8526674e+11
       20.040347   9.7199969e+11
       20.059620   9.7390937e+11
       20.076130   9.4883832e+11
       20.093586   1.1800856e+12
       20.113499   1.1550143e+12
       20.128790   1.0119016e+12
       20.148720   9.9020282e+11
       20.164998   1.1034085e+12
       20.184325   1.1693978e+12
       20.203094   1.1122864e+12
       20.218719   1.1158820e+12
       20.237475   1.1228504e+12
       20.253848   1.1854667e+12
       20.271838   1.2480829e+12
       20.288770   1.1926579e+12
       20.306113   1.0917023e+12
       20.323891   9.6039314e+11
       20.340920   1.2523471e+12
       20.360352   1.2424520e+12
       20.375323   1.0959659e+12
       20.394765   1.3288991e+12
       20.411968   1.1655499e+12
       20.429098   1.2973043e+12
       20.447875   1.2098391e+12
       20.464384   1.2960631e+12
       20.483267   1.3435021e+12
       20.500725   1.3066259e+12
       20.518182   1.1635122e+12
       20.536174   1.3188746e+12
       20.553595   1.2398407e+12
       20.572088   1.1928463e+12
       20.589096   1.5202119e+12
       20.608192   1.2489388e+12
       20.624609   1.3739475e+12
       20.643599   1.3994642e+12
       20.661160   1.1197594e+12
       20.678168   1.6208144e+12
       20.698154   1.5653882e+12
       20.713425   1.5841596e+12
       20.733208   1.3432395e+12
       20.750216   1.4142861e+12
       20.768035   1.5376084e+12
       20.786592   1.4062981e+12
       20.803429   1.4250691e+12
       20.822280   1.5854900e+12
       20.839288   1.2838627e+12
       20.858039   1.4729505e+12
       20.875030   1.5406244e+12
       20.892731   1.4177454e+12
       20.910332   1.4955368e+12
       20.928195   1.5935641e+12
       20.947164   1.6426882e+12
       20.962454   1.4354937e+12
       20.982425   1.5250893e+12
       21.000408   1.8558265e+12
       21.017869   1.4681971e+12
       21.037010   1.2188449e+12
       21.053282   1.5715039e+12
       21.072456   1.4115257e+12
       21.089480   1.4791991e+12
       21.107892   1.5839709e+12
       21.124903   1.5808191e+12
       21.142305   1.4731164e+12
       21.161186   1.4025122e+12
       21.178536   1.5275195e+12
       21.197116   1.3978947e+12
       21.212870   1.6780422e+12
       21.231382   1.4759058e+12
       21.249575   1.5604418e+12
       21.267722   1.6129377e+12
       21.287616   1.3366038e+12
       21.304802   1.5459263e+12
       21.322408   1.4213599e+12
       21.338365   1.4620514e+12
       21.355745   1.6916095e+12
       21.373852   1.5012770e+12
       21.390658   1.4846339e+12
       21.408175   1.4629322e+12
       21.424728   1.6621363e+12
       21.443078   1.4178418e+12
       21.460025   1.4652784e+12
       21.478350   1.4014186e+12
       21.495774   1.5955636e+12
       21.513725   1.5451943e+12
       21.531796   1.2772912e+12
       21.548918   1.4545730e+12
       21.567840   1.1951015e+12
       21.585026   1.3639517e+12
       21.603097   1.4097014e+12
       21.620575   1.3070563e+12
       21.637992   1.3291977e+12
       21.656465   1.3429074e+12
       21.673415   1.4662273e+12
       21.692044   1.1190673e+12
       21.709315   1.2946623e+12
       21.727330   1.1380551e+12
       21.744968   1.4401231e+12
       21.762787   1.1755919e+12
       21.780860   1.3376965e+12
       21.798007   1.2586590e+12
       21.818014   1.0548347e+12
       21.833235   1.1461143e+12
       21.853304   1.3689255e+12
       21.871674   1.2308670e+12
       21.887590   1.1315937e+12
       21.906088   1.1031451e+12
       21.923477   1.0190483e+12
       21.942455   1.1609167e+12
       21.961636   1.0717609e+12
       21.980849   1.1664124e+12
       21.998525   9.2043013e+11
       22.015168   1.1432409e+12
       22.032176   1.1434591e+12
       22.048375   1.0981471e+12
       22.066081   1.2332697e+12
       22.083215   1.0446214e+12
       22.100255   1.1999798e+12
       22.118248   8.2077876e+11
       22.135538   1.0452754e+12
       22.154075   1.0809059e+12
       22.170824   1.1131635e+12
       22.189958   9.5149574e+11
       22.207925   9.5002728e+11
       22.225702   8.8616523e+11
       22.244336   6.4355461e+11
       22.262530   8.1240296e+11
       22.281664   8.1767931e+11
       22.298665   1.0607248e+12
       22.316175   6.8658228e+11
       22.334246   7.9809578e+11
       22.351416   8.1011713e+11
       22.369389   6.8386149e+11
       22.386476   6.7058813e+11
       22.404456   5.9998028e+11
       22.421635   4.7372446e+11
       22.439924   7.3869153e+11
       22.458496   5.5678727e+11
       22.475520   6.3963331e+11
       22.492936   5.5553472e+11
       22.510065   3.4327678e+11
       22.526560   4.1769111e+11
       22.542372   3.7912263e+11
       22.558576   5.3279305e+11
       22.574875   6.3250181e+11
       22.592396   4.7420539e+11
       22.610467   3.8504748e+11
       22.626725   4.3922578e+11
       22.645586   3.5849928e+11
       22.662656   6.1334776e+11
       22.679995   4.8034584e+11
       22.699688   5.0754280e+11
       22.716927   4.7571896e+11
       22.735015   2.8032353e+11
       22.752728   5.3854432e+11
       22.770157   4.4095434e+11
       22.787275   3.3661929e+11
       22.804864   3.8236526e+11
       22.822776   4.2979748e+11
       22.840475   3.2883486e+11
       22.859284   7.3882289e+11
       22.876816   4.1358116e+11
       22.895570   6.5999752e+11
       22.912848   4.3424776e+11
       22.930847   3.8724645e+11
       22.948865   3.9420709e+11
       22.966124   3.2528367e+11
       22.985077   5.4471862e+11
       23.002675   6.2081765e+11
       23.019544   3.5122355e+11
       23.037936   5.3018696e+11
       23.055830   5.2871570e+11
       23.073968   5.2218525e+11
       23.090976   5.0722321e+11
       23.109250   6.0355755e+11
       23.127008   5.0428005e+11
       23.144767   4.9269044e+11
       23.162855   5.3843539e+11
       23.179170   4.7794276e+11
       23.196997   5.2706000e+11
       23.214090   6.1327612e+11
       23.233073   6.7251107e+11
       23.250096   7.8402147e+11
       23.267315   2.9689314e+11
       23.284354   6.5797679e+11
       23.299778   6.7505383e+11
       23.319308   6.4997333e+11
       23.338607   4.2590839e+11
       23.357198   5.8632129e+11
       23.374625   5.5280907e+11
       23.393122   4.2317711e+11
       23.411917   4.6723466e+11
       23.430005   5.2815542e+11
       23.448076   5.4691825e+11
       23.465256   6.7866356e+11
       23.483219   5.6420823e+11
       23.500288   5.4755842e+11
       23.517376   5.9330190e+11
       23.535306   6.8626209e+11
       23.552536   6.6623948e+11
       23.570607   6.2092219e+11
       23.588360   6.5317515e+11
       23.605766   6.8542785e+11
       23.623376   7.8513274e+11
       23.640925   6.2683285e+11
       23.658399   6.5739904e+11
       23.674760   5.9184568e+11
       23.690725   8.0453306e+11
       23.707448   5.9395720e+11
       23.726979   8.6060605e+11
       23.746290   6.7532486e+11
       23.765424   8.2899103e+11
       23.784496   7.2296591e+11
       23.801708   7.1811933e+11
       23.820515   5.9523101e+11
       23.837757   5.3642228e+11
       23.855845   8.6715052e+11
       23.873568   6.4308360e+11
       23.890987   6.3655017e+11
       23.908125   6.5362516e+11
       23.924070   5.2230491e+11
       23.940015   7.3330483e+11
       23.955975   7.7904683e+11
       23.971920   8.0118028e+11
       23.987865   8.3849041e+11
       24.003825   6.5489450e+11
       24.023442   7.1075387e+11
       24.040696   6.1653188e+11
       24.059765   6.7070500e+11
       24.077836   9.0194006e+11
       24.096075   7.8410957e+11
       24.114514   6.7639704e+11
       24.131066   5.8891993e+11
       24.149137   8.0666425e+11
       24.167218   6.7197061e+11
       24.185287   7.4469242e+11
       24.202816   6.4709719e+11
       24.220455   7.3162320e+11
       24.237848   6.0367431e+11
       24.254856   7.7420162e+11
       24.272685   7.8958885e+11
       24.288152   8.7074177e+11
       24.305827   1.0092290e+12
       24.325905   6.4351076e+11
       24.344102   8.3933232e+11
       24.364057   8.6820945e+11
       24.382327   6.7618053e+11
       24.401203   6.0556542e+11
       24.418976   7.5079749e+11
       24.436375   5.9249450e+11
       24.454446   6.1293973e+11
       24.472517   6.6879734e+11
       24.491170   5.0037628e+11
       24.509048   6.4054907e+11
       24.526747   7.3350520e+11
       24.544080   6.4434034e+11
       24.561906   7.1200173e+11
       24.579096   6.4138590e+11
       24.597065   6.4496768e+11
       24.615136   5.2038989e+11
       24.633136   6.7573893e+11
       24.650158   5.9837778e+11
       24.666958   7.5709928e+11
       24.682911   8.9389873e+11
       24.699514   5.9225857e+11
       24.717984   6.6329190e+11
       24.737118   4.7294764e+11
       24.756270   6.7719925e+11
       24.775404   3.7555859e+11
       24.794538   4.5502317e+11
       24.812985   5.9013598e+11
       24.831824   4.3014486e+11
       24.850127   4.0168559e+11
       24.870005   6.1099567e+11
       24.887328   5.4712380e+11
       24.905357   5.5913566e+11
       24.923445   5.4753934e+11
       24.941516   4.9209878e+11
       24.959587   5.2434609e+11
       24.977396   5.3129892e+11
       24.994735   6.1582159e+11
       25.012817   4.6257494e+11
       25.031370   4.3917402e+11
       25.049448   4.4781266e+11
       25.066456   2.4903550e+11
       25.084135   2.6104679e+11
       25.101488   4.3494325e+11
       25.119277   3.0867704e+11
       25.137365   3.3080594e+11
       25.154528   3.1583582e+11
       25.172507   1.6090218e+11
       25.188560   2.5554203e+11
       25.205666   2.1359077e+11
       25.224059   2.8124937e+11
       25.244275   2.3592554e+11
       25.263886   1.0965871e+11
       25.281939   7.1079756e+10
       25.300045   1.0578929e+10
       25.318126   1.4400309e+11
       25.336738   1.9311185e+11
       25.354680   1.4441493e+11
       25.372356  -7.1469628e+09
       25.390427   1.4482626e+11
       25.408515   2.8836807e+11
       25.426586   1.6210053e+11
       25.444657   1.1171672e+11
       25.462745   1.3047159e+11
       25.480816   1.2393160e+11
       25.498776   6.3429704e+10
       25.515800   6.0262352e+10
       25.532808  -4.5769979e+10
       25.550117   1.7028218e+11
       25.568199   1.5025152e+11
       25.585839   1.9598655e+11
       25.603347   5.6385625e+09
       25.621435   1.7447401e+11
       25.638888   3.4715059e+10
       25.656577   6.8645616e+10
       25.674665   4.8614471e+10
       25.691928   6.0622880e+10
       25.709807  -2.8547193e+10
       25.726960   7.0695380e+09
       25.744966  -2.6452578e+10
       25.761976   2.1320690e+11
       25.778875  -6.1457037e+10
       25.795008   7.3651267e+10
       25.812769  -9.9834629e+10
       25.832355   4.7077848e+10
       25.850426   4.2222453e+10
       25.868490  -7.0556651e+10
       25.886577  -3.3254354e+10
       25.905224   1.6087419e+11
       25.923727  -9.2395912e+09
       25.940425  -9.6724236e+10
       25.957886  -1.3361996e+11
       25.975957   2.5095814e+10
       25.992275   6.9142838e+10
       26.010116  -4.3636931e+10
       26.027187   4.4253708e+10
       26.045275  -2.4682065e+10
       26.063208   2.7795966e+10
       26.080618  -1.4906379e+11
       26.099240   4.0005100e+10
       26.116248   1.6599079e+10
       26.133647  -9.6181279e+10
       26.151727   4.7357079e+10
       26.169280  -9.7463275e+10
       26.186877  -1.1075180e+11
       26.204965   1.9295855e+10
       26.222328   3.9733297e+10
       26.240107  -7.4733878e+10
       26.258195  -6.4414256e+10
       26.276266   1.2971252e+11
       26.293376   3.3794456e+10
       26.310400  -1.5487036e+11
       26.327496  -6.8667477e+10
       26.345416   7.4174848e+09
       26.362440  -2.2734770e+10
       26.379726   6.3467859e+10
       26.397797   1.3280734e+11
       26.415480   9.4223288e+10
       26.432956  -1.6954620e+09
       26.451018  -8.4123845e+10
       26.468514  -1.0753139e+11
       26.485528  -1.0058570e+11
       26.502501   9.0167334e+10
       26.520334  -7.4379701e+09
       26.539264  -1.0610377e+10
       26.557487   1.3938884e+09
       26.576550   4.3751775e+10
       26.594608   6.0814787e+10
       26.611717   9.4740779e+10
       26.629805  -1.5969157e+11
       26.647644  -7.1803932e+10
       26.664935  -2.5541176e+11
       26.682669   3.8205305e+10
       26.700086  -5.0969517e+10
       26.718177  -1.4688965e+11
       26.735711   1.1468733e+11
       26.753329   5.5865773e+10
       26.770736  -4.6421738e+09
       26.788495  -5.8404791e+10
       26.806566   1.0932707e+10
       26.824637   1.4940869e+11
       26.841800   2.3898189e+11
       26.857820   6.8863596e+10
       26.875867   6.4003269e+10
       26.893955   9.4555486e+10
       26.911848   5.9341475e+10
       26.928856   7.4716582e+10
       26.946185  -5.1557966e+10
       26.964256   2.4524017e+10
       26.981896  -3.9450930e+09
       26.999910   4.0097088e+10
       27.017370   1.7182695e+11
       27.033926   1.4335760e+11
       27.051640  -1.3270956e+10
       27.069716   2.1120553e+11
       27.087787   1.5575503e+11
       27.105000   2.7793454e+10
       27.122946  -1.0794136e+10
       27.142016   2.1030942e+11
       27.159105   3.4203883e+11
       27.177044   9.0976365e+10
       27.194219   1.5693947e+11
       27.212335   1.7737241e+11
       27.230088   3.2547032e+10
       27.247477   1.5247172e+11
       27.265120   6.1608186e+10
       27.282636   2.4055345e+11
       27.300136   3.1832025e+11
       27.317784   3.3875272e+11
       27.337256   2.4114347e+11
       27.355176   2.0086857e+11
       27.373850   2.3141865e+11
       27.392096   2.9569461e+11
       27.409216   2.4024273e+11
       27.427255   2.8934196e+11
       27.445248   3.6710815e+11
       27.462538   3.0996973e+11
       27.481280   1.7694763e+11
       27.498824   1.3161321e+11
       27.517296   1.6216251e+11
       27.534715   3.3098908e+11
       27.552328   3.6153824e+11
       27.569857   4.4267653e+11
       27.588530   3.1302659e+11
       27.606358   4.8353899e+11
       27.624082   4.1796838e+11
       27.641400   4.6369413e+11
       27.659246   3.6945616e+11
       27.676416   5.9393008e+11
       27.693440   4.1200421e+11
       27.711476   5.6059420e+11
       27.729456   5.1357253e+11
       27.746790   3.8898088e+11
       27.765488   4.9878560e+11
       27.782777   6.5074791e+11
       27.800520   5.3458758e+11
       27.817936   6.0729334e+11
       27.836478   5.2317252e+11
       27.854560   4.5591487e+11
       27.872166   4.4936402e+11
       27.890237   5.1869689e+11
       27.907588   5.0540086e+11
       27.924605   7.5010949e+11
       27.942467   5.9347707e+11
       27.959640   7.3700735e+11
       27.977626   7.5912330e+11
       27.994697   7.3402260e+11
       28.012680   5.6052703e+11
       28.029856   8.0017634e+11
       28.047927   8.5433185e+11
       28.066015   7.2973898e+11
       28.083728   6.5404875e+11
       28.101157   8.2287291e+11
       28.118760   8.5004744e+11
       28.136316   8.1651468e+11
       28.154387   7.1552959e+11
       28.172475   7.8486159e+11
       28.189059   9.8741157e+11
       28.205813   9.9266361e+11
       28.223705   8.1073573e+11
       28.241776   6.7939680e+11
       28.259847   9.7975232e+11
       28.277880   1.0592018e+12
       28.295006   8.6378301e+11
       28.313077   9.9719398e+11
       28.331165   7.5961760e+11
       28.349236   9.6385332e+11
       28.367307   1.0753421e+12
       28.384953   1.0519265e+12
       28.402457   1.0268243e+12
       28.420537   1.0034084e+12
       28.438000   1.1300739e+12
       28.455696   1.1606197e+12
       28.473767   1.2097148e+12
       28.491027   1.1255918e+12
       28.508924   1.0802536e+12
       28.526997   1.1866829e+12
       28.545080   1.1649530e+12
       28.562224   1.3067947e+12
       28.581227   1.0860804e+12
       28.599120   1.1436068e+12
       28.616128   1.2770167e+12
       28.633457   1.2654042e+12
       28.651160   1.2369288e+12
       28.668608   1.2725328e+12
       28.686679   1.2642928e+12
       28.704200   1.3049557e+12
       28.721846   1.1719289e+12
       28.739917   1.3441235e+12
       28.758005   1.3207067e+12
       28.775235   1.2045427e+12
       28.793145   1.3312069e+12
       28.810280   1.3550065e+12
       28.828306   1.5474365e+12
       28.846377   1.1968757e+12
       28.864465   1.2763232e+12
       28.882536   1.2141208e+12
       28.900607   1.4874933e+12
       28.918360   1.0408130e+12
       28.935766   1.2669688e+12
       28.953837   1.3379843e+12
       28.971400   1.3533519e+12
       28.988996   1.5660171e+12
       29.007067   1.3216932e+12
       29.025155   1.4348664e+12
       29.042448   1.5800791e+12
       29.059456   1.5650927e+12
       29.077370   1.4472418e+12
       29.096423   1.3159001e+12
       29.114527   1.4273866e+12
       29.132520   1.4663619e+12
       29.149528   1.5137686e+12
       29.166757   1.4026625e+12
       29.184551   1.5208941e+12
       29.202240   1.5649280e+12
       29.220980   1.6089619e+12
       29.238592   1.5501312e+12
       29.255608   1.4879277e+12
       29.273217   1.6618071e+12
       29.291305   1.3938742e+12
       29.308648   1.6250879e+12
       29.327238   1.3386054e+12
       29.344680   1.6844880e+12
       29.362590   1.5211058e+12
       29.380677   1.4319210e+12
       29.397720   1.6041139e+12
       29.414836   1.7004227e+12
       29.432736   1.7680643e+12
       29.449995   1.5203667e+12
       29.468066   1.6807551e+12
       29.486137   1.5190589e+12
       29.503375   1.6710158e+12
       29.519808   1.4992016e+12
       29.537918   1.7708861e+12
       29.556455   1.5636596e+12
       29.573848   1.7105572e+12
       29.590856   1.8237287e+12
       29.607880   1.5557950e+12
       29.625756   1.8089299e+12
       29.642896   1.5814673e+12
       29.659904   1.7722089e+12
       29.678044   1.6088258e+12
       29.696936   1.7219971e+12
       29.714145   1.4861029e+12
       29.731968   1.7358649e+12
       29.749287   1.7040137e+12
       29.767000   1.6215733e+12
       29.784884   1.7128223e+12
       29.803016   1.7905809e+12
       29.820040   1.6980226e+12
       29.837676   1.8078209e+12
       29.855056   1.9395411e+12
       29.872835   1.7930209e+12
       29.890088   1.5318316e+12
       29.907096   1.7040230e+12
       29.924120   1.7716636e+12
       29.941119   1.6656144e+12
       29.959136   1.6185859e+12
       29.976295   1.7570513e+12
       29.994366   1.6257073e+12
       30.012176   1.9328031e+12
       30.029525   1.9380501e+12
       30.047208   1.9247475e+12
       30.064667   1.5977919e+12
       30.082755   1.6704911e+12
       30.100826   1.6706789e+12
       30.118256   1.9136947e+12
       30.135985   1.9492951e+12
       30.152520   1.7774795e+12
       30.170127   1.8721003e+12
       30.188215   1.6007927e+12
       30.206286   1.9180059e+12
       30.224357   1.7074051e+12
       30.242345   1.9672840e+12
       30.259516   1.9388042e+12
       30.277798   1.6793004e+12
       30.296400   1.6390166e+12
       30.313408   1.8145798e+12
       30.330817   1.9412402e+12
       30.348905   1.8436218e+12
       30.366976   1.8454954e+12
       30.384456   1.9148212e+12
       30.402135   1.9993239e+12
       30.419488   2.0298646e+12
       30.437277   1.9676584e+12
       30.455365   1.6002308e+12
       30.473436   1.8398734e+12
       30.490536   2.2464603e+12
       30.507562   1.8115804e+12
       30.525651   2.0141242e+12
       30.543737   1.9856439e+12
       30.561600   2.2252865e+12
       30.579184   1.8679764e+12
       30.597616   1.9238114e+12
       30.615470   1.9459204e+12
       30.633648   2.0085005e+12
       30.650656   2.0660217e+12
       30.667680   2.1151115e+12
       30.686024   2.0040020e+12
       30.703696   1.8507348e+12
       30.720720   2.1679472e+12
       30.738586   2.1074268e+12
       30.756657   2.0806325e+12
       30.774745   2.1179180e+12
       30.792816   2.0186125e+12
       30.810885   1.8923260e+12
       30.828961   2.0965558e+12
       30.846808   2.1557630e+12
       30.864107   2.2419511e+12
       30.882183   2.1460182e+12
       30.900276   2.1664402e+12
       30.918347   2.1480772e+12
       30.936435   2.1415185e+12
       30.953888   2.2799820e+12
       30.971577   2.2565600e+12
       30.989665   1.9296030e+12
       31.007736   2.2417559e+12
       31.025807   2.1390775e+12
       31.043895   2.0785568e+12
       31.061966   2.0585073e+12
       31.079021   2.0671250e+12
       31.097123   2.4433577e+12
       31.115182   2.2462459e+12
       31.133016   2.3442378e+12
       31.150355   2.3629734e+12
       31.168048   2.4913187e+12
       31.185497   2.3616592e+12
       31.203585   2.3061972e+12
       31.221656   2.2625392e+12
       31.240358   2.4279832e+12
       31.258120   2.3151868e+12
       31.276644   2.3035686e+12
       31.294136   2.4976798e+12
       31.312045   2.7137131e+12
       31.330116   2.2349878e+12
       31.347187   2.4004317e+12
       31.365200   2.3331655e+12
       31.382346   2.3367239e+12
       31.400414   2.5898557e+12
       31.418492   2.4854906e+12
       31.436576   2.6711701e+12
       31.454647   2.3593891e+12
       31.472735   2.5467551e+12
       31.490806   2.6228246e+12
       31.508877   2.4071630e+12
       31.526320   2.5304492e+12
       31.544036   2.2743163e+12
       31.562107   2.4684272e+12
       31.579360   2.4247690e+12
       31.597266   2.5109563e+12
       31.615337   2.3998456e+12
       31.632425   2.6647815e+12
       31.650496   2.6531629e+12
       31.668718   2.6955062e+12
       31.687437   2.4123924e+12
       31.704714   2.7194857e+12
       31.722797   2.8562620e+12
       31.740885   2.4078901e+12
       31.758956   2.7942398e+12
       31.777027   2.6005001e+12
       31.794520   2.7979836e+12
       31.812186   2.7307167e+12
       31.829536   2.5757620e+12
       31.847345   2.6923027e+12
       31.865416   2.8982176e+12
       31.882576   2.9338154e+12
       31.900575   2.8716076e+12
       31.917646   2.7756735e+12
       31.935616   2.9680978e+12
       31.952805   2.7119648e+12
       31.970876   3.0173716e+12
       31.988942   2.9484184e+12
       32.007024   2.8524844e+12
       32.025106   3.0735759e+12
       32.043177   2.9574060e+12
       32.061265   3.0587699e+12
       32.078728   2.9375411e+12
       32.095736   3.0861214e+12
       32.112760   3.0407766e+12
       32.130566   2.7778980e+12
       32.148637   3.0377745e+12
       32.166725   3.0194106e+12
       32.183808   3.0077917e+12
       32.201867   3.2541777e+12
       32.219955   3.0351432e+12
       32.238026   3.0774861e+12
       32.255856   3.1147701e+12
       32.273180   3.1469953e+12
       32.291245   3.2989481e+12
       32.309327   3.1878371e+12
       32.326920   3.1374333e+12
       32.344486   3.2489147e+12
       32.361936   3.0298800e+12
       32.378927   3.0418695e+12
       32.396703   3.5041028e+12
       32.414787   3.1906349e+12
       32.432875   3.4909828e+12
       32.450946   3.4186568e+12
       32.468017   3.2805649e+12
       32.486040   3.4240863e+12
       32.503048   3.2944258e+12
       32.520247   3.6740300e+12
       32.538080   3.4263282e+12
       32.555406   3.6592237e+12
       32.573471   3.3895998e+12
       32.591556   3.7068108e+12
       32.609636   3.3107139e+12
       32.627136   3.6835728e+12
       32.644795   3.6803856e+12
       32.662866   3.6653940e+12
       32.680937   3.6689517e+12
       32.698200   3.4043869e+12
       32.716096   3.6474002e+12
       32.734167   3.6644485e+12
       32.752255   3.7185956e+12
       32.770248   3.6192887e+12
       32.787397   3.8555568e+12
       32.805280   3.8793504e+12
       32.822556   3.7834161e+12
       32.840627   3.7414436e+12
       32.858314   3.9793982e+12
       32.875777   3.7401278e+12
       32.893857   3.9089437e+12
       32.911360   4.0625830e+12
       32.928368   4.1352793e+12
       32.946087   4.0764438e+12
       32.963400   4.1407088e+12
       32.982084   4.0430882e+12
       32.999416   4.1579423e+12
       33.016440   4.3200131e+12
       33.034448   4.1077237e+12
       33.051456   4.1888516e+12
       33.068480   4.2429988e+12
       33.085706   3.9447078e+12
       33.103496   4.0848565e+12
       33.120865   4.4779514e+12
       33.139344   4.7041017e+12
       33.157528   4.3282406e+12
       33.175087   4.2272476e+12
       33.192568   4.8041498e+12
       33.210237   4.2680895e+12
       33.228325   4.6932243e+12
       33.245608   4.4185416e+12
       33.263467   4.7070853e+12
       33.280640   4.5841705e+12
       33.298626   4.5927873e+12
       33.317697   4.7261909e+12
       33.335890   5.0096759e+12
       33.354856   4.6523643e+12
       33.372927   4.6963936e+12
       33.391015   4.7353642e+12
       33.409444   4.8805720e+12
       33.428157   4.6817732e+12
       33.445752   4.8320400e+12
       33.463308   4.9789341e+12
       33.480776   5.1713585e+12
       33.498475   5.2018977e+12
       33.516546   5.0401977e+12
       33.533816   5.1415615e+12
       33.551705   5.1063348e+12
       33.569776   5.0154597e+12
       33.588838   5.0696070e+12
       33.605880   5.1288134e+12
       33.622888   5.2504130e+12
       33.640258   5.1612243e+12
       33.658920   5.2693337e+12
       33.676236   4.9626115e+12
       33.694307   5.1702128e+12
       33.712395   5.4132267e+12
       33.729968   5.2818804e+12
       33.746967   5.0611599e+12
       33.764619   5.5183348e+12
       33.782008   5.5050300e+12
       33.799767   5.3112904e+12
       33.817040   5.5205783e+12
       33.834926   5.2728770e+12
       33.852056   5.4602427e+12
       33.870090   5.7521597e+12
       33.889156   5.4589281e+12
       33.907096   5.8115520e+12
       33.924315   5.6987554e+12
       33.942128   5.5707820e+12
       33.959136   5.6856366e+12
       33.976545   5.7684517e+12
       33.994168   5.6742044e+12
       34.011687   5.9155322e+12
       34.029191   5.8229714e+12
       34.046840   5.7826860e+12
       34.064917   5.9751109e+12
       34.083005   6.1270646e+12
       34.101076   6.1626631e+12
       34.119147   5.7851164e+12
       34.136280   6.1107598e+12
       34.153306   6.1092595e+12
       34.171377   5.9323834e+12
       34.189320   6.3389696e+12
       34.206536   6.1469168e+12
       34.224607   5.9801586e+12
       34.242695   6.2248594e+12
       34.260368   6.0243751e+12
       34.277837   6.2909977e+12
       34.295925   6.1950647e+12
       34.313408   6.1547796e+12
       34.331045   6.1397891e+12
       34.349145   6.4688054e+12
       34.366448   6.5044041e+12
       34.384297   6.6546718e+12
       34.402385   6.3631273e+12
       34.420440   6.7697136e+12
       34.438527   6.7024478e+12
       34.456615   6.4732967e+12
       34.474686   6.9793752e+12
       34.492536   6.7114389e+12
       34.509845   6.7183709e+12
       34.527568   6.9394636e+12
       34.545398   6.7271756e+12
       34.563600   7.1607432e+12
       34.581146   6.8118643e+12
       34.598616   7.1324493e+12
       34.616294   7.3383656e+12
       34.634371   6.9490155e+12
       34.652447   7.2072071e+12
       34.669680   7.3574754e+12
       34.687606   7.0305187e+12
       34.705677   7.1588649e+12
       34.723765   7.3867033e+12
       34.741728   7.0934728e+12
       34.758907   7.7108480e+12
       34.776525   7.2894585e+12
       34.793066   7.4751392e+12
       34.811137   7.3539122e+12
       34.828800   7.4721409e+12
       34.846296   7.6645669e+12
       34.864367   7.9834660e+12
       34.882455   7.7256484e+12
       34.900526   7.7426986e+12
       34.917844   7.7648078e+12
       34.935682   8.2034350e+12
       34.953756   8.0215011e+12
       34.971827   7.8513715e+12
       34.989915   8.0016403e+12
       35.007928   7.9832783e+12
       35.024936   8.1149976e+12
       35.042145   8.5637428e+12
       35.060216   8.0765877e+12
       35.078287   8.1678357e+12
       35.096375   8.3400267e+12
       35.114008   8.0198160e+12
       35.131517   8.4179720e+12
       35.149605   8.4754943e+12
       35.167048   8.4352106e+12
       35.184747   8.5770481e+12
       35.202822   8.8807712e+12
       35.220903   8.8539781e+12
       35.238977   8.8002041e+12
       35.257065   8.6385067e+12
       35.274144   8.6353220e+12
       35.293136   9.0031248e+12
       35.310295   9.0151171e+12
       35.328366   8.8264388e+12
       35.346176   8.6563099e+12
       35.363525   8.7863438e+12
       35.381208   9.2890513e+12
       35.398667   8.9216246e+12
       35.416240   8.9285583e+12
       35.433826   9.3149107e+12
       35.451897   9.3488252e+12
       35.469985   9.3709357e+12
       35.487288   9.4419489e+12
       35.505113   9.2448394e+12
       35.522318   9.8166860e+12
       35.540286   9.3295319e+12
       35.558336   9.6838448e+12
       35.575444   9.6890925e+12
       35.593502   9.7112031e+12
       35.611376   1.0016613e+13
       35.628675   1.0123039e+13
       35.646408   9.8146341e+12
       35.663817   9.9176876e+12
       35.681905   9.7897173e+12
       35.699976   1.0140658e+13
       35.718638   1.0333086e+13
       35.737135   9.9825232e+12
       35.755206   1.0181696e+13
       35.772496   1.0264514e+13
       35.789506   1.0257959e+13
       35.807434   1.0460504e+13
       35.825507   1.0195944e+13
       35.842595   1.0325979e+13
       35.860568   1.0184518e+13
       35.877737   1.0768169e+13
       35.895825   1.0847615e+13
       35.913608   1.0611722e+13
       35.930967   1.0709717e+13
       35.949055   1.0489001e+13
       35.967126   1.0981592e+13
       35.985197   1.0605735e+13
       36.002680   1.0971853e+13
       36.019688   1.0985534e+13
       36.037427   1.1215061e+13
       36.056310   1.0631789e+13
       36.073728   1.1190146e+13
       36.091641   1.1288142e+13
       36.108760   1.1067426e+13
       36.126768   1.1204207e+13
       36.143887   1.1528168e+13
       36.161800   1.1147253e+13
       36.178808   1.1272229e+13
       36.196117   1.1183045e+13
       36.214205   1.1313081e+13
       36.232276   1.1903479e+13
       36.250347   1.1411268e+13
       36.268435   1.1330516e+13
       36.286506   1.1794440e+13
       36.303896   1.1735610e+13
       36.321665   1.1734115e+13
       36.338928   1.1636499e+13
       36.356807   1.1721005e+13
       36.374879   1.1859473e+13
       36.392966   1.2345320e+13
       36.411037   1.1986328e+13
       36.429125   1.2190562e+13
       36.447008   1.1831570e+13
       36.464267   1.2452322e+13
       36.482040   1.2455885e+13
       36.499426   1.2503293e+13
       36.517497   1.2520347e+13
       36.535080   1.2284456e+13
       36.552656   1.2551083e+13
       36.570096   1.2529353e+13
       36.587815   1.3053986e+13
       36.605886   1.2716916e+13
       36.624778   1.2884052e+13
       36.643045   1.2965186e+13
       36.660153   1.3201460e+13
       36.677187   1.3053257e+13
       36.695275   1.3264237e+13
       36.713344   1.3320077e+13
       36.731403   1.3377603e+13
       36.749240   1.3350815e+13
       36.766576   1.3167199e+13
       36.784647   1.3302296e+13
       36.802735   1.3717319e+13
       36.820797   1.3641628e+13
       36.838870   1.3574368e+13
       36.856320   1.3623463e+13
       36.873328   1.3790600e+13
       36.891107   1.4102759e+13
       36.909195   1.4057421e+13
       36.926368   1.4349344e+13
       36.944337   1.4162357e+13
       36.962360   1.3914663e+13
       36.978496   1.4309451e+13
       36.996567   1.4215211e+13
       37.014655   1.4178305e+13
       37.032448   1.4669213e+13
       37.049791   1.4033668e+13
       37.067470   1.4479046e+13
       37.084956   1.4462376e+13
       37.103027   1.5013992e+13
       37.121115   1.4838809e+13
       37.138528   1.4626528e+13
       37.156257   1.5098887e+13
       37.174345   1.5183396e+13
       37.193264   1.5011586e+13
       37.212398   1.5286647e+13
       37.230575   1.5092916e+13
       37.248627   1.5484332e+13
       37.266558   1.5734100e+13
       37.283640   1.5445935e+13
       37.300648   1.5774959e+13
       37.317656   1.5596404e+13
       37.335035   1.5879898e+13
       37.353106   1.5713147e+13
       37.371177   1.5775735e+13
       37.388720   1.5668005e+13
       37.406336   1.6000402e+13
       37.424407   1.5708865e+13
       37.442495   1.6211579e+13
       37.459768   1.6442798e+13
       37.477637   1.6635231e+13
       37.494800   1.6298164e+13
       37.512796   1.6460244e+13
       37.529866   1.6890447e+13
       37.547940   1.6892329e+13
       37.565848   1.7066213e+13
       37.582856   1.6727460e+13
       37.600185   1.7221743e+13
       37.617888   1.6523807e+13
       37.635327   1.6844401e+13
       37.653415   1.7252682e+13
       37.671486   1.7165190e+13
       37.689557   1.7504333e+13
       37.707645   1.8153756e+13
       37.725716   1.7590725e+13
       37.742976   1.7707276e+13
       37.760875   1.8005948e+13
       37.778946   1.7505311e+13
       37.796017   1.8006340e+13
       37.814039   1.7426446e+13
       37.831161   1.8148381e+13
       37.849247   1.8332385e+13
       37.867335   1.8084694e+13
       37.885088   1.8324345e+13
       37.902477   1.8425720e+13
       37.920565   1.8505173e+13
       37.938128   1.8768433e+13
       37.955136   1.8664079e+13
       37.972795   1.8831220e+13
       37.990866   1.9050636e+13
       38.008937   1.8698395e+13
       38.027025   1.9008872e+13
       38.044208   1.9631316e+13
       38.062167   1.8946872e+13
       38.081255   1.9557512e+13
       38.099322   1.9896657e+13
       38.117351   1.9498886e+13
       38.135471   1.9600262e+13
       38.153556   1.9853405e+13
       38.171296   1.9821562e+13
       38.188715   1.9879094e+13
       38.206328   2.0294123e+13
       38.223857   2.0478128e+13
       38.241945   1.9918472e+13
       38.260016   2.0807354e+13
       38.278087   2.0502330e+13
       38.295400   2.0430017e+13
       38.312408   2.1049090e+13
       38.330317   2.0511356e+13
       38.347440   2.1113566e+13
       38.365476   2.1186275e+13
       38.383441   2.0705876e+13
       38.400632   2.1614994e+13
       38.418693   2.1481974e+13
       38.436496   2.1507467e+13
       38.453865   2.1785907e+13
       38.471528   2.1646142e+13
       38.489007   2.1808226e+13
       38.507095   2.1612814e+13
       38.524568   2.1892940e+13
       38.542237   2.1928551e+13
       38.559600   2.2631940e+13
       38.576608   2.2028442e+13
       38.594467   2.2497434e+13
       38.613470   2.2635911e+13
       38.631626   2.2342693e+13
       38.649697   2.2395168e+13
       38.667680   2.2700590e+13
       38.684856   2.2896401e+13
       38.702923   2.3294569e+13
       38.720998   2.2805740e+13
       38.739075   2.3397834e+13
       38.757157   2.3347445e+13
       38.774752   2.3325723e+13
       38.792308   2.3184274e+13
       38.810387   2.3396949e+13
       38.827800   2.3624801e+13
       38.844808   2.3753161e+13
       38.862617   2.3532455e+13
       38.879840   2.3895212e+13
       38.898704   2.4215811e+13
       38.916847   2.4153618e+13
       38.934935   2.4728850e+13
       38.952888   2.3803269e+13
       38.970077   2.4334657e+13
       38.987916   2.4159482e+13
       39.004917   2.4700988e+13
       39.022678   2.4395968e+13
       39.040960   2.4994808e+13
       39.058466   2.5143405e+13
       39.075976   2.5270080e+13
       39.093625   2.5828449e+13
       39.111696   2.5278915e+13
       39.129767   2.5363432e+13
       39.147855   2.5370380e+13
       39.165926   2.5441407e+13
       39.183056   2.5770439e+13
       39.201085   2.5583461e+13
       39.219088   2.5993436e+13
       39.236227   2.5823322e+13
       39.254120   2.6213062e+13
       39.271386   2.5852395e+13
       39.289131   2.6646848e+13
       39.306535   2.5938802e+13
       39.324168   2.6729883e+13
       39.341670   2.6719968e+13
       39.359761   2.5826429e+13
       39.377208   2.6432016e+13
       39.394917   2.6852110e+13
       39.412240   2.6850628e+13
       39.430076   2.6997540e+13
       39.447256   2.6567735e+13
       39.465235   2.7340268e+13
       39.482306   2.6844697e+13
       39.500361   2.7443540e+13
       39.518465   2.7735476e+13
       39.536328   2.7713758e+13
       39.553607   2.7545331e+13
       39.571355   2.7366787e+13
       39.588756   2.7977435e+13
       39.606376   2.7505473e+13
       39.623925   2.8245967e+13
       39.641996   2.8281584e+13
       39.660067   2.8199160e+13
       39.678155   2.8516391e+13
       39.695448   2.8383378e+13
       39.712456   2.8198089e+13
       39.730385   2.8493398e+13
       39.748456   2.8567801e+13
       39.765527   2.8768677e+13
       39.783520   2.9386071e+13
       39.800686   2.8839913e+13
       39.818757   2.9002004e+13
       39.836840   2.9509789e+13
       39.854905   2.8999044e+13
       39.872569   2.9560790e+13
       39.890066   2.8856120e+13
       39.907608   2.9825953e+13
       39.925217   2.9927338e+13
       39.942640   2.9769031e+13
       39.960376   2.9163854e+13
       39.977656   2.9924585e+13
       39.995535   2.9918047e+13
       40.013606   3.0535442e+13
       40.031677   3.0345096e+13
       40.049765   3.0276165e+13
       40.067836   3.0306726e+13
       40.085907   3.0480622e+13
       40.103760   3.0536478e+13
       40.121066   2.9840241e+13
       40.138776   3.0813448e+13
       40.156218   3.1083465e+13
       40.173800   3.1058378e+13
       40.191367   3.1099057e+13
       40.209455   3.1251033e+13
       40.226848   3.1193907e+13
       40.245338   3.1787695e+13
       40.263685   3.1857042e+13
       40.281756   3.1656580e+13
       40.298896   3.2086797e+13
       40.315920   3.1943670e+13
       40.333986   3.2238982e+13
       40.351936   3.2482019e+13
       40.369145   3.2684586e+13
       40.386968   3.2512791e+13
       40.404287   3.1855341e+13
       40.422000   3.2268696e+13
       40.439446   3.2811896e+13
       40.457008   3.2500139e+13
       40.474598   3.2314855e+13
       40.492676   3.2350477e+13
       40.510056   3.2893678e+13
       40.527835   3.2654433e+13
       40.545906   3.2472522e+13
       40.563977   3.3477771e+13
       40.581120   3.3053032e+13
       40.599136   3.3240423e+13
       40.617207   3.3215339e+13
       40.635295   3.3659048e+13
       40.653168   3.3327057e+13
       40.670176   3.3242952e+13
       40.687525   3.3125122e+13
       40.705596   3.3808287e+13
       40.723216   3.3562298e+13
       40.740746   3.3468076e+13
       40.758819   3.3375541e+13
       40.776897   3.4262750e+13
       40.794985   3.4057233e+13
       40.813056   3.3683084e+13
       40.831127   3.4195934e+13
       40.849215   3.3976926e+13
       40.866328   3.4378479e+13
       40.884357   3.3761503e+13
       40.902360   3.3889875e+13
       40.919361   3.4102563e+13
       40.936547   3.5155031e+13
       40.954400   3.4246324e+13
       40.971746   3.4222929e+13
       40.989817   3.4654837e+13
       41.007905   3.4521832e+13
       41.025976   3.4334865e+13
       41.043447   3.4945521e+13
       41.061784   3.4213878e+13
       41.079488   3.4605315e+13
       41.097277   3.5045655e+13
       41.114520   3.4926141e+13
       41.131528   3.5417070e+13
       41.149507   3.5558934e+13
       41.167560   3.4631680e+13
       41.184666   3.5186689e+13
       41.202737   3.5535969e+13
       41.220600   3.5069077e+13
       41.237896   3.5539771e+13
       41.255616   3.5462416e+13
       41.273055   3.5307491e+13
       41.290648   3.5417316e+13
       41.308197   3.4581123e+13
       41.326275   3.5114212e+13
       41.344350   3.5986248e+13
       41.362427   3.5451904e+13
       41.379720   3.4920933e+13
       41.397586   3.5337667e+13
       41.414736   3.5747655e+13
       41.432745   3.6336393e+13
       41.449768   3.5220274e+13
       41.466776   3.5043428e+13
       41.483975   3.5256120e+13
       41.501808   3.5627324e+13
       41.518816   3.5979978e+13
       41.535840   3.5255084e+13
       41.553276   3.5948373e+13
       41.570856   3.5383677e+13
       41.588435   3.4967377e+13
       41.606506   3.5804002e+13
       41.625246   3.5780611e+13
       41.642916   3.5962950e+13
       41.660736   3.5286959e+13
       41.678807   3.6265235e+13
       41.696895   3.5628029e+13
       41.713968   3.5417459e+13
       41.732037   3.5582935e+13
       41.750125   3.5736608e+13
       41.768196   3.5993145e+13
       41.786016   3.5696574e+13
       41.803355   3.5533221e+13
       41.821048   3.5673403e+13
       41.838497   3.5901274e+13
       41.856585   3.5577722e+13
       41.874656   3.5416056e+13
       41.892727   3.5618632e+13
       41.910803   3.5601989e+13
       41.928124   3.5290242e+13
       41.945957   3.5626037e+13
       41.964030   3.5477862e+13
       41.982115   3.5845697e+13
       41.999187   3.5034804e+13
       42.017275   3.5095731e+13
       42.035208   3.5895261e+13
       42.052417   3.5735283e+13
       42.070505   3.5238043e+13
       42.088248   3.6126948e+13
       42.105647   3.5710651e+13
       42.123727   3.4930113e+13
       42.141798   3.4994414e+13
       42.159296   3.5825984e+13
       42.176965   3.4993170e+13
       42.195036   3.4979902e+13
       42.212324   3.5155499e+13
       42.231027   3.5154035e+13
       42.248368   3.5248691e+13
       42.266337   3.5586174e+13
       42.284400   3.4879834e+13
       42.301496   3.4748525e+13
       42.319416   3.4890397e+13
       42.336655   3.5253176e+13
       42.354448   3.4663192e+13
       42.371797   3.4960205e+13
       42.389885   3.4599559e+13
       42.407956   3.4571115e+13
       42.425496   3.4748401e+13
       42.443115   3.5134789e+13
       42.461186   3.5264858e+13
       42.479257   3.4329182e+13
       42.497332   3.4341210e+13
       42.514566   3.4838895e+13
       42.532487   3.4017888e+13
       42.549600   3.4380669e+13
       42.567608   3.3483778e+13
       42.584717   3.3591927e+13
       42.602805   3.3959767e+13
       42.620876   3.3573828e+13
       42.638947   3.4627994e+13
       42.657035   3.3977306e+13
       42.675106   3.4112436e+13
       42.692696   3.4175055e+13
       42.710265   3.3576642e+13
       42.728336   3.3684791e+13
       42.745736   3.3674899e+13
       42.762760   3.3253549e+13
       42.780566   3.3506722e+13
       42.797762   3.3444555e+13
       42.815724   3.3061990e+13
       42.833796   3.2993078e+13
       42.851867   3.2919108e+13
       42.869840   3.3310558e+13
       42.887026   3.3403532e+13
       42.905097   3.3209834e+13
       42.923185   3.2722719e+13
       42.941256   3.2866283e+13
       42.958896   3.3038514e+13
       42.976415   3.2929132e+13
       42.993928   3.2300368e+13
       43.011557   3.2911039e+13
       43.028960   3.2152430e+13
       43.046716   3.1938498e+13
       43.064787   3.2544110e+13
       43.081986   3.2520731e+13
       43.099007   3.2080834e+13
       43.117016   3.2045651e+13
       43.134105   3.2533223e+13
       43.152048   3.1985403e+13
       43.169247   3.2128968e+13
       43.187335   3.1363615e+13
       43.205088   3.1788794e+13
       43.222477   3.1502352e+13
       43.240120   3.1549799e+13
       43.257636   3.1553402e+13
       43.275707   3.0909463e+13
       43.293160   3.1209857e+13
       43.310168   3.0744667e+13
       43.327937   3.0716231e+13
       43.346025   3.0966036e+13
       43.364096   3.0475552e+13
       43.381201   3.0678140e+13
       43.399255   3.0855434e+13
       43.417326   3.0140671e+13
       43.435256   3.0577657e+13
       43.452485   3.0636910e+13
       43.470556   3.0299881e+13
       43.488296   3.0379369e+13
       43.505715   2.9949594e+13
       43.523786   2.9816608e+13
       43.541336   2.9602680e+13
       43.558945   2.9749622e+13
       43.577016   3.0100607e+13
       43.594376   2.9510633e+13
       43.612175   2.9603613e+13
       43.630246   2.9617337e+13
       43.648317   2.9111679e+13
       43.666389   2.9157443e+13
       43.683476   2.9413996e+13
       43.701547   2.8847631e+13
       43.719635   2.8898455e+13
       43.737706   2.9052143e+13
       43.755777   2.8651037e+13
       43.773520   2.8315697e+13
       43.790936   2.8683547e+13
       43.809007   2.8584290e+13
       43.827095   2.8080320e+13
       43.844568   2.8038398e+13
       43.862237   2.8212323e+13
       43.879600   2.8220991e+13
       43.897396   2.8022242e+13
       43.915467   2.7845416e+13
       43.933555   2.7741102e+13
       43.950648   2.7432744e+13
       43.968641   2.7618474e+13
       43.985785   2.7360706e+13
       44.003856   2.7091134e+13
       44.021696   2.7679892e+13
       44.038720   2.7211337e+13
       44.056086   2.6798429e+13
       44.074157   2.6952120e+13
       44.091752   2.6638705e+13
       44.109308   2.7018362e+13
       44.126776   2.6612200e+13
       44.144475   2.6027290e+13
       44.162546   2.6093295e+13
       44.180617   2.6375146e+13
       44.197840   2.6233736e+13
       44.214848   2.6031618e+13
       44.232847   2.5964405e+13
       44.250865   2.6450300e+13
       44.268006   2.5865391e+13
       44.286077   2.5489584e+13
       44.303920   2.5456098e+13
       44.321236   2.5410808e+13
       44.338936   2.5309869e+13
       44.356830   2.5851414e+13
       44.374968   2.5006815e+13
       44.392537   2.5325768e+13
       44.410000   2.4874078e+13
       44.427696   2.5353230e+13
       44.445767   2.5115702e+13
       44.463040   2.4788800e+13
       44.480926   2.4593430e+13
       44.498056   2.3866873e+13
       44.516085   2.4553442e+13
       44.534072   2.4196187e+13
       44.551212   2.4634869e+13
       44.569120   2.3994315e+13
       44.586386   2.3606707e+13
       44.604457   2.3856522e+13
       44.622545   2.4018651e+13
       44.640616   2.3620925e+13
       44.658176   2.3658267e+13
       44.675775   2.3142501e+13
       44.694484   2.3240550e+13
       44.712216   2.3665743e+13
       44.730005   2.3079152e+13
       44.748076   2.3440266e+13
       44.765256   2.3415215e+13
       44.783235   2.2877528e+13
       44.801288   2.2788398e+13
       44.818376   2.2569423e+13
       44.836450   2.2820928e+13
       44.854536   2.2065707e+13
       44.872336   2.2310467e+13
       44.889695   2.1853724e+13
       44.907766   2.2093425e+13
       44.925376   2.2321322e+13
       44.942400   2.2050072e+13
       44.959996   2.1839530e+13
       44.978067   2.1517692e+13
       44.995440   2.2091283e+13
       45.013226   2.1545166e+13
       45.030456   2.1464470e+13
       45.048385   2.1323067e+13
       45.065488   2.1200214e+13
       45.083527   2.1235874e+13
       45.101613   2.1232749e+13
       45.119672   2.0927775e+13
       45.137536   2.1202891e+13
       45.154845   2.0948507e+13
       45.172916   2.0555845e+13
       45.190987   2.0728097e+13
       45.209075   2.0514185e+13
       45.226608   2.0651024e+13
       45.244217   2.0018908e+13
       45.262305   1.9786447e+13
       45.279648   2.0403885e+13
       45.297447   1.9596393e+13
       45.314680   1.9750097e+13
       45.332606   1.9763837e+13
       45.349696   1.9669654e+13
       45.367765   1.9541745e+13
       45.385728   1.9837099e+13
       45.402904   1.9574286e+13
       45.420748   1.9738108e+13
       45.438066   1.9018306e+13
       45.456137   1.9231032e+13
       45.474225   1.8838374e+13
       45.491808   1.8774546e+13
       45.509367   1.8963664e+13
       45.526840   1.8481632e+13
       45.544526   1.8232310e+13
       45.561856   1.8908772e+13
       45.579685   1.8531291e+13
       45.597756   1.9012141e+13
       45.614896   1.8373284e+13
       45.632915   1.8304398e+13
       45.650928   1.8432811e+13
       45.667936   1.7741678e+13
       45.684957   1.8109547e+13
       45.701956   1.7931052e+13
       45.719287   1.7683419e+13
       45.737000   1.7425668e+13
       45.754446   1.7275841e+13
       45.772016   1.7330057e+13
       45.789605   1.7370783e+13
       45.807676   1.7376097e+13
       45.825056   1.7226271e+13
       45.842835   1.7270370e+13
       45.860906   1.7488159e+13
       45.878977   1.6741381e+13
       45.897065   1.6864737e+13
       45.915136   1.7134802e+13
       45.933207   1.6834895e+13
       45.951295   1.6428752e+13
       45.969366   1.6250260e+13
       45.987172   1.6548993e+13
       46.004514   1.6594780e+13
       46.022208   1.6490486e+13
       46.039667   1.5947753e+13
       46.057755   1.6020521e+13
       46.075826   1.6113526e+13
       46.093256   1.5923231e+13
       46.110985   1.6198357e+13
       46.129056   1.5761862e+13
       46.146296   1.5934124e+13
       46.164215   1.5288527e+13
       46.182286   1.5395023e+13
       46.199357   1.5327830e+13
       46.217445   1.5289304e+13
       46.235516   1.5233915e+13
       46.253376   1.4934012e+13
       46.270670   1.5249612e+13
       46.288397   1.4725430e+13
       46.305817   1.5133777e+13
       46.323905   1.4467946e+13
       46.341440   1.5137670e+13
       46.359040   1.4591568e+13
       46.377135   1.5112897e+13
       46.395206   1.4968136e+13
       46.413277   1.4096577e+13
       46.430520   1.4518415e+13
       46.448436   1.4447852e+13
       46.466507   1.4422819e+13
       46.484595   1.3928994e+13
       46.502568   1.4305302e+13
       46.519737   1.4061050e+13
       46.537600   1.3747660e+13
       46.554896   1.3709138e+13
       46.572961   1.3726264e+13
       46.591045   1.3571388e+13
       46.609126   1.3595259e+13
       46.626656   1.3603955e+13
       46.644275   1.3169152e+13
       46.662350   1.3504991e+13
       46.679696   1.3156189e+13
       46.697515   1.3180062e+13
       46.715586   1.3335467e+13
       46.733657   1.3170474e+13
       46.751745   1.2850341e+13
       46.768816   1.2789899e+13
       46.786887   1.2704163e+13
       46.804975   1.2846079e+13
       46.823046   1.2660851e+13
       46.841117   1.2197383e+13
       46.859199   1.2632716e+13
       46.876839   1.2621179e+13
       46.894838   1.2467992e+13
       46.912880   1.2163037e+13
       46.930506   1.2672569e+13
       46.948577   1.2185494e+13
       46.965920   1.1742263e+13
       46.983736   1.2101714e+13
       47.001807   1.1928292e+13
       47.019895   1.2048288e+13
       47.037966   1.1878239e+13
       47.055976   1.1607013e+13
       47.073125   1.1858541e+13
       47.091008   1.1624414e+13
       47.108267   1.1439189e+13
       47.126040   1.1378752e+13
       47.143426   1.1282902e+13
       47.161490   1.1330388e+13
       47.179072   1.1269951e+13
       47.196088   1.0971745e+13
       47.213727   1.1159195e+13
       47.231815   1.0928442e+13
       47.249886   1.1152992e+13
       47.267957   1.0812629e+13
       47.285160   1.0645956e+13
       47.303116   1.0280299e+13
       47.320170   1.0858974e+13
       47.338275   1.0515239e+13
       47.356208   1.0557669e+13
       47.373216   1.0377506e+13
       47.390505   1.0551469e+13
       47.408248   1.0627625e+13
       47.425647   1.0231616e+13
       47.443727   1.0083494e+13
       47.461280   9.6773678e+12
       47.478877   9.5427368e+12
       47.496965   9.7976431e+12
       47.515036   9.6360317e+12
       47.532336   9.6936402e+12
       47.550195   9.8760360e+12
       47.568266   9.6941895e+12
       47.586337   9.6034037e+12
       47.603425   9.5311678e+12
       47.621496   9.4403825e+12
       47.639416   9.4086181e+12
       47.656655   9.2335181e+12
       47.674726   9.4985441e+12
       47.692797   9.4735256e+12
       47.710885   9.2242288e+12
       47.728488   9.1621119e+12
       47.746018   8.7998327e+12
       47.764108   9.2823936e+12
       47.782186   8.6874045e+12
       47.799536   8.8866661e+12
       47.817345   9.0606335e+12
       47.834568   8.8568682e+12
       47.852487   8.8217338e+12
       47.869600   8.8574248e+12
       47.887646   8.5946394e+12
       47.905616   8.7939023e+12
       47.922640   8.2731127e+12
       47.939876   8.4470814e+12
       47.957656   8.2736711e+12
       47.975035   8.0547310e+12
       47.993106   8.4580381e+12
       48.011177   8.3132957e+12
       48.029256   7.9594518e+12
       48.046722   7.8973389e+12
       48.064407   7.9633855e+12
       48.082495   8.1761412e+12
       48.100566   8.0314000e+12
       48.117776   7.9928962e+12
       48.135725   7.7773308e+12
       48.152808   7.5229802e+12
       48.170867   7.3377684e+12
       48.188955   7.6921753e+12
       48.207026   7.4901009e+12
       48.225097   7.4988151e+12
       48.242880   7.5463148e+12
       48.260256   7.2751025e+12
       48.278327   7.1371087e+12
       48.295920   7.5033210e+12
       48.312928   7.2388546e+12
       48.330546   7.2239618e+12
       48.348640   7.2090695e+12
       48.365968   7.0879399e+12
       48.383773   7.1135191e+12
       48.400998   6.8692898e+12
       48.418946   6.9016147e+12
       48.436017   6.6927980e+12
       48.454040   6.7335552e+12
       48.471048   7.0171405e+12
       48.488247   6.9229933e+12
       48.506080   6.5472334e+12
       48.523406   6.7616808e+12
       48.541096   6.3808622e+12
       48.559010   6.5986829e+12
       48.577128   6.0391162e+12
       48.594707   6.4407446e+12
       48.612784   6.5017395e+12
       48.630861   6.0467245e+12
       48.648176   6.2746639e+12
       48.666025   6.2260496e+12
       48.683208   6.1824941e+12
       48.701167   5.9719945e+12
       48.719255   6.0717758e+12
       48.737326   6.0754376e+12
       48.755256   6.1870233e+12
       48.772690   5.7944037e+12
       48.791288   5.8874405e+12
       48.808627   5.6971779e+12
       48.826715   5.6013491e+12
       48.844321   5.7061906e+12
       48.861849   5.8886026e+12
       48.879360   5.5786134e+12
       48.897016   5.7812615e+12
       48.914365   5.3616626e+12
       48.931396   5.7481189e+12
       48.949246   5.8023726e+12
       48.967317   5.5480325e+12
       48.984440   5.2532216e+12
       49.002448   5.3428885e+12
       49.019456   5.0008611e+12
       49.036635   4.9842914e+12
       49.054488   5.1093715e+12
       49.071777   4.9798195e+12
       49.089520   4.9767410e+12
       49.106936   5.0495462e+12
       49.124536   4.9908198e+12
       49.141560   5.1530000e+12
       49.159166   5.0571753e+12
       49.176576   5.2008064e+12
       49.193588   4.8368597e+12
       49.211392   4.6196216e+12
       49.229467   4.5339157e+12
       49.247555   4.7450002e+12
       49.265626   4.5294492e+12
       49.283697   4.5702169e+12
       49.301680   4.5772591e+12
       49.318856   4.4881818e+12
       49.336927   4.4614980e+12
       49.354720   4.5292479e+12
       49.372086   4.6998625e+12
       49.389736   4.1554833e+12
       49.407245   4.4171592e+12
       49.424768   4.4393795e+12
       49.442387   4.3654806e+12
       49.460475   4.0318910e+12
       49.477808   4.4638845e+12
       49.495603   4.3056710e+12
       49.513703   4.1879294e+12
       49.531776   3.7362989e+12
       49.549847   3.9996628e+12
       49.566935   4.1382405e+12
       49.585006   3.8586141e+12
       49.603077   4.3664931e+12
       49.621165   3.8271762e+12
       49.638928   3.8881845e+12
       49.656307   3.8497009e+12
       49.674395   3.7724328e+12
       49.692466   3.8654816e+12
       49.710537   3.6246420e+12
       49.728625   3.7868301e+12
       49.746008   3.5527362e+12
       49.763767   3.8987320e+12
       49.781027   3.7573857e+12
       49.798924   3.5907447e+12
       49.816056   3.4898700e+12
       49.834080   3.6115883e+12
       49.851156   3.6135787e+12
       49.869227   3.4334483e+12
       49.887120   3.2010429e+12
       49.904386   3.0900516e+12
       49.922457   3.5726404e+12
       49.940930   3.2660383e+12
       49.959616   3.3371688e+12
       49.977687   3.3560240e+12
       49.996350   3.1303654e+12
       50.014846   3.2200460e+12
       50.032216   3.1023111e+12
       50.050005   2.9930084e+12
       50.067248   3.0135512e+12
       50.085117   3.0661340e+12
       50.102279   3.0782461e+12
       50.120288   3.0903581e+12
       50.137377   2.9861152e+12
       50.155320   3.1398777e+12
       50.172328   3.0862245e+12
       50.189607   2.7189186e+12
       50.207355   3.0514304e+12
       50.224756   2.7380867e+12
       50.242837   2.9188311e+12
       50.260925   2.7032940e+12
       50.278408   2.6327793e+12
       50.296067   2.6128540e+12
       50.314155   2.6334005e+12
       50.331448   2.7753612e+12
       50.349297   2.5935512e+12
       50.366466   2.6899823e+12
       50.384455   2.3698957e+12
       50.402496   2.5961727e+12
       50.419520   2.5509548e+12
       50.436686   2.3253021e+12
       50.454536   2.5397757e+12
       50.471845   2.3478500e+12
       50.489916   2.3279274e+12
       50.507987   2.2439255e+12
       50.526075   2.4263606e+12
       50.544146   2.4806363e+12
       50.562217   2.1622385e+12
       50.580305   2.4289897e+12
       50.598376   2.4697758e+12
       50.615656   2.3115779e+12
       50.632680   2.0319665e+12
       50.650606   2.1891084e+12
       50.667680   2.2147188e+12
       50.685765   2.4747262e+12
       50.703728   2.1057413e+12
       50.721078   2.1937458e+12
       50.739995   2.0035101e+12
       50.757768   1.9397475e+12
       50.775137   2.1457942e+12
       50.793225   1.8948523e+12
       50.811296   1.9103468e+12
       50.829367   2.0540009e+12
       50.846840   1.9396507e+12
       50.864526   2.0546381e+12
       50.882597   2.0583295e+12
       50.900685   1.6724847e+12
       50.918756   1.9510446e+12
       50.935896   1.8484995e+12
       50.953898   2.0039599e+12
       50.971970   1.7058037e+12
       50.989936   1.7094967e+12
       51.007145   1.7334260e+12
       51.025216   1.7388058e+12
       51.042976   1.4490822e+12
       51.060375   1.7141541e+12
       51.078008   1.6858086e+12
       51.095517   1.4955779e+12
       51.113040   1.7876315e+12
       51.130676   1.8149349e+12
       51.148747   1.7697273e+12
       51.166835   1.5423992e+12
       51.184088   1.6590777e+12
       51.201977   1.6644601e+12
       51.220065   1.3342681e+12
       51.237136   1.3194155e+12
       51.255190   1.5288418e+12
       51.273146   1.5392846e+12
       51.290366   1.2765456e+12
       51.308437   1.4775412e+12
       51.326200   1.3345309e+12
       51.343596   1.5203503e+12
       51.361667   1.2879659e+12
       51.379755   1.3591173e+12
       51.397826   1.2228529e+12
       51.415256   1.0596079e+12
       51.432985   1.3617841e+12
       51.451056   1.3300716e+12
       51.468296   1.1449054e+12
       51.486215   1.3661397e+12
       51.503328   1.1523068e+12
       51.520357   1.2015380e+12
       51.538345   1.1124927e+12
       51.555516   1.1077627e+12
       51.573376   1.0608753e+12
       51.590400   1.1977958e+12
       51.607408   1.0109455e+12
       51.624817   1.1242580e+12
       51.642440   1.0756857e+12
       51.659976   9.9675977e+11
       51.677456   1.1437992e+12
       51.695135   1.1205223e+12
       51.713206   1.1883059e+12
       51.731277   1.0672234e+12
       51.748520   9.4445522e+11
       51.766436   8.6553095e+11
       51.784507   9.7715961e+11
       51.802560   9.0498143e+11
       51.819664   1.0823766e+12
       51.837723   1.1113770e+12
       51.855825   1.0881026e+12
       51.873896   9.7039490e+11
       51.891967   9.9602356e+11
       51.910055   1.1110271e+12
       51.928102   8.9214181e+11
       51.946713   8.4694642e+11
       51.964680   6.4492509e+11
       51.983024   8.5436256e+11
       52.000696   8.9685594e+11
       52.018515   7.8758231e+11
       52.036586   6.0917007e+11
       52.054657   8.0680450e+11
       52.072745   6.1658898e+11
       52.090816   8.2434180e+11
       52.108885   8.0950241e+11
       52.126787   7.0360306e+11
       52.144046   8.6245382e+11
       52.162117   5.8792405e+11
       52.180205   6.5908773e+11
       52.197848   8.7021483e+11
       52.215347   7.5082610e+11
       52.232880   7.8657819e+11
       52.249888   8.2738915e+11
       52.267577   4.9552663e+11
       52.284920   6.8473346e+11
       52.302722   7.7107554e+11
       52.320805   4.0042880e+11
       52.338895   7.4140408e+11
       52.356966   5.4276118e+11
       52.375037   4.5541480e+11
       52.393000   8.0819507e+11
       52.410193   4.1562775e+11
       52.428254   6.9083815e+11
       52.446355   3.1176217e+11
       52.464048   5.0940303e+11
       52.481497   5.7551225e+11
       52.499080   5.7248351e+11
       52.516656   5.0874768e+11
       52.534727   6.5917309e+11
       52.552120   3.8296352e+11
       52.569886   5.4350733e+11
       52.587957   4.1232038e+11
       52.606045   6.7741610e+11
       52.624116   6.0693675e+11
       52.641187   5.8030166e+11
       52.659275   5.7896179e+11
       52.677346   7.6648822e+11
       52.695213   5.0039844e+11
       52.712492   6.3059135e+11
       52.730248   4.3364072e+11
       52.747256   5.0481313e+11
       52.764735   4.5794470e+11
       52.782288   2.4750448e+11
       52.799877   3.9624786e+11
       52.817965   5.4499186e+11
       52.836036   2.1313842e+11
       52.854107   6.2326020e+11
       52.872195   3.7740931e+11
       52.890266   2.4285461e+11
       52.908337   5.5179886e+11
       52.926425   2.3512396e+11
       52.944496   3.2822153e+11
       52.962567   3.8759326e+11
       52.980440   3.5590505e+11
       52.997721   3.6131554e+11
       53.015786   4.2406076e+11
       53.033885   4.2272694e+11
       53.051956   6.9120215e+11
       53.070027   3.3405788e+11
       53.087520   4.5919793e+11
       53.105186   3.1452888e+11
       53.123257   2.2044933e+11
       53.140560   6.0696779e+11
       53.158416   2.1609885e+11
       53.175576   3.9688815e+11
       53.193575   2.4210306e+11
       53.211608   3.4869546e+11
       53.228717   3.5073713e+11
       53.246805   3.1568070e+11
       53.264648   3.1097774e+11
       53.281651   4.5972898e+11
       53.299024   2.1557140e+11
       53.316688   2.7832159e+11
       53.334177   4.3719155e+11
       53.351720   1.3232782e+11
       53.369336   3.5190541e+11
       53.386736   3.1010577e+11
       53.404495   2.7673830e+11
       53.421768   4.2886451e+11
       53.439637   3.6345747e+11
       53.456800   2.2553987e+11
       53.473808   3.8778482e+11
       53.491816   1.8578783e+11
       53.508840   3.2779803e+11
       53.526026   1.6795930e+11
       53.543856   1.5314323e+11
       53.560880   1.9566224e+11
       53.578250   1.4206172e+11
       53.595887   3.4309381e+11
       53.613415   4.3451660e+11
       53.630928   1.0267638e+11
       53.648557   2.9527784e+11
       53.665960   3.0069989e+11
       53.683716   2.1843396e+11
       53.702598   2.1711104e+11
       53.720875   9.2688387e+10
       53.738946   1.1328806e+11
       53.756017   4.1718755e+11
       53.774105   1.3256667e+11
       53.792048   3.8419126e+11
       53.809247   2.0314224e+10
       53.827080   1.5052568e+11
       53.844088   3.1109062e+11
       53.861471   5.3451810e+10
       53.879111   4.2014419e+10
       53.896636   2.3462009e+11
       53.914136   2.2318296e+11
       53.931795   3.2641533e+11
       53.949168   1.7501536e+11
       53.966176   2.4114925e+11
       53.984025   5.6024097e+10
       54.001208   3.5655522e+11
       54.018216   1.8154817e+11
       54.036255   1.4481892e+11
       54.054326   3.5386146e+09
       54.072256   9.1596320e+10
       54.089485   1.8808621e+11
       54.107556   1.2606324e+11
       54.125296   4.0636082e+11
       54.142708   3.2747574e+11
       54.160319   2.7219891e+11
       54.177857   5.3350646e+10
       54.195360   1.2454778e+11
       54.213016   7.2644490e+10
       54.230376  -3.4906615e+10
       54.248175   9.6998485e+10
       54.265408   1.8674588e+11
       54.283317   1.0280399e+11
       54.301405   1.6725775e+11
       54.318476   2.3002516e+11
       54.336441   5.6709952e+10
       54.353635   1.2285095e+11
       54.371488   1.5695208e+11
       54.388777   7.3012049e+10
       54.406520   2.1672408e+11
       54.423936  -4.3354934e+08
       54.441528   1.2978830e+11
       54.459087   1.7738179e+11
       54.476568  -4.1461216e+10
       54.494237   4.4917594e+10
       54.511600   3.1004558e+11
       54.529396   1.0638027e+11
       54.546616   1.2699406e+11
       54.563640   3.7998581e+10
       54.580648   1.0414327e+11
       54.598656   1.5005260e+11
       54.615785   1.7235431e+11
       54.633688   3.6497294e+11
       54.650696   2.1695794e+11
       54.668015   1.7180832e+11
       54.685728   3.2225489e+10
       54.703157  -3.4845845e+10
       54.720752   5.6596321e+10
       54.738308   1.6658782e+11
       54.755776   5.5673455e+10
       54.773475   3.0761409e+10
       54.790808   1.5593061e+11
       54.809418   5.1762425e+10
       54.826840   1.1285297e+11
       54.844776   1.8803256e+10
       54.862847   3.2440854e+11
       54.880880  -6.1371231e+10
       54.898006   1.4136998e+11
       54.915896   2.2101112e+11
       54.933165   1.0166876e+11
       54.951236   1.3578026e+11
       54.969307  -1.5601656e+10
       54.986960   7.5845270e+10
       55.004466   8.8035740e+10
       55.022527  -2.2873858e+10
       55.039994  -2.7545452e+10
       55.057696   1.6845340e+11
       55.075016   6.4289990e+10
       55.092855  -6.0108415e+10
       55.110926   3.3026694e+10
       55.128997  -7.0561027e+09
       55.146085   1.3329660e+11
       55.164156  -5.0121619e+10
       55.182227  -1.0538021e+11
       55.200315  -2.7419889e+10
       55.218386  -3.4214240e+09
       55.236457   2.3949976e+10
       55.254545   1.0528388e+11
       55.272616  -1.0511331e+11
       55.290687  -1.8720210e+10
       55.308765   1.2163540e+11
       55.326840  -2.7591853e+09
       55.344917   6.8458128e+10
       55.363005   3.3438815e+10
       55.381076   1.7920714e+09
       55.399147  -9.6186682e+09
       55.417235   8.6894913e+10
       55.434306  -1.2203122e+10
       55.452377   4.5525687e+10
       55.470320  -4.8512406e+10
       55.487536   1.5962281e+10
       55.505336  -2.2427412e+10
       55.522695   9.9382726e+10
       55.540368  -1.6576419e+10
       55.557837   1.0186139e+11
       55.575400   1.9331899e+11
       55.592996   9.9085569e+09
       55.610406  -1.4982668e+09
       55.628150   1.2705906e+11
       55.645448   2.4592337e+10
       55.663297   2.1048438e+11
       55.680466  -6.7357210e+10
       55.698455  -1.2597898e+11
       55.715527  -1.7656058e+10
       55.733615  -5.2668497e+10
       55.751528   1.3659780e+11
       55.768757   3.7505993e+10
       55.786845   3.2848063e+10
       55.804568   9.7328661e+10
       55.821987   5.2199656e+10
       55.839600   9.6445613e+10
       55.857146   1.2045584e+11
       55.874616  -2.0791646e+10
       55.892294  -1.8392934e+09
       55.909644  -5.7084480e+10
       55.927447  -1.1738825e+11
       55.944680  -5.9649851e+10
       55.962606  -8.6567213e+09
       55.980677  -6.0527964e+10
       55.997765   1.4074506e+10
       56.015836  -7.3208510e+10
       56.033736   9.9200033e+10
       56.050995   2.2102009e+11
       56.068768  -5.8500881e+10
       56.086137   2.5218581e+11
       56.104225  -1.7216270e+10
       56.122296   1.1472259e+11
       56.140367   8.3090031e+10
       56.157840   6.3262343e+10
       56.175526   1.6316238e+11
       56.193584   6.5764872e+10
       56.211668   7.2919099e+10
       56.229754   1.5993625e+10
       56.247827   1.1420870e+11
       56.265915   5.5597979e+10
       56.283928   9.9851916e+10
       56.301057  -1.1727134e+11
       56.319145   3.9966203e+10
       56.337216   1.1120206e+11
       56.355287   8.6318776e+10
       56.373375   1.4575155e+11
       56.391446  -3.0898655e+10
       56.409517   5.0456396e+10
       56.427040   1.9665628e+09
       56.444048  -6.6758999e+10
       56.461056  -4.6109968e+10
       56.478822   9.5953871e+10
       56.496085   7.6132223e+10
       56.513082  -7.8593617e+10
       56.531048   1.2249198e+11
       56.548136  -6.0900393e+10
       56.566136   1.3006765e+11
       56.583160   7.8208276e+10
       56.600168   1.0223265e+11
       56.617437  -1.9019426e+09
       56.635200   3.2241346e+10
       56.652208  -1.2416807e+11
       56.669667  -3.1003751e+10
       56.687755   2.6748861e+10
       56.705248   7.4383583e+10
       56.722897  -2.1317417e+10
       56.740280   2.1687104e+11
       56.758056   1.1948441e+11
       56.776113  -5.8844593e+10
       56.794213  -4.4625479e+09
       56.812286   2.7997451e+10
       56.831357   1.6163618e+11
       56.849445   1.3170390e+11
       56.867516   1.5910597e+11
       56.885587   1.6121377e+11
       56.903675  -3.5661891e+10
       56.921408   2.0252949e+11
       56.938817   4.1066522e+10
       56.956905   3.9803402e+10
       56.974976  -5.5892969e+10
       56.993047  -9.9313516e+10
       57.011135  -9.5151234e+09
       57.029206   2.1687402e+11
       57.047277   5.0354032e+10
       57.065351  -1.7012706e+11
       57.082527   1.2540159e+11
       57.100507  -9.6765597e+10
       57.118560   5.7114307e+10
       57.135764  -7.9050630e+10
       57.154576  -1.6231081e+10
       57.171825   5.8393316e+10
       57.189896  -4.4044590e+10
       57.207967   1.4524885e+11
       57.226055   1.9203647e+10
       57.244126  -1.0346905e+11
       57.262197  -1.7637340e+08
       57.280285   1.9586387e+11
       57.297688  -4.3163127e+10
       57.315427   1.8997603e+11
       57.333515  -6.8923255e+09
       57.350728  -1.2956331e+11
       57.368641   1.9261361e+10
       57.386745  -1.1689911e+11
       57.404768   1.8875263e+11
       57.421887  -5.1958705e+10
       57.439800   1.9298695e+11
       57.456808   4.6709333e+10
       57.474117   2.6904982e+10
       57.492205  -6.7096188e+10
       57.509848   1.6267338e+11
       57.527347   1.5467397e+11
       57.544880   1.0084399e+10
       57.562506  -6.5366749e+10
       57.579896  -3.4580319e+10
       57.597665   1.1087563e+11
       57.614928   1.7032978e+11
       57.632807   1.5390040e+11
       57.650879  -1.1716064e+11
       57.667968  -4.9274192e+10
       57.686037   4.8966022e+10
       57.704000  -5.6836213e+10
       57.721196   1.9482507e+10
       57.739267  -3.9103063e+10
       57.757030   9.4550977e+10
       57.774405   5.9574183e+10
       57.792497   1.0216773e+11
       57.810585   7.5623355e+10
       57.828656   1.1653107e+11
       57.846727   9.8418281e+10
       57.864815   7.3560909e+10
       57.882886   2.2407925e+11
       57.901778   5.2513243e+10
       57.920045   2.3338597e+11
       57.938116  -9.1633495e+10
       57.956170  -7.0959869e+10
       57.974275   7.0488148e+09
       57.992346   1.9466724e+11
       58.010417   6.5260227e+10
       58.028505   1.3989695e+11
       58.046248  -6.3727005e+09
       58.063647   1.0929607e+10
       58.081735   6.7017591e+10
       58.099288   1.5683150e+11
       58.116877   1.7413443e+11
       58.134320  -1.1378352e+11
       58.152036  -6.9499274e+10
       58.170107   7.9336185e+10
       58.188195  -6.8617714e+10
       58.206266  -7.4698043e+09
       58.224337  -3.2323339e+10
       58.242384   1.3648616e+10
       58.259496  -7.8319191e+09
       58.277567   2.2363373e+11
       58.295440  -1.1824427e+11
       58.312726   1.8067403e+11
       58.330456  -1.2579158e+11
       58.347885   8.2066937e+10
       58.365956   4.3724451e+10
       58.383496   1.5040452e+11
       58.400520   1.5084786e+11
       58.418186   8.3838695e+10
       58.435524  -1.0289807e+11
       58.453341  -5.8610229e+10
       58.471416   9.5287296e+10
       58.489487  -3.2428221e+10
       58.506600  -2.6924928e+10
       58.523645  -5.8520632e+10
       58.541602   3.8043133e+10
       58.558805  -2.5591654e+10
       58.576648   9.7953340e+10
       58.593947   1.9141694e+10
       58.611680   1.1739282e+11
       58.629106  -4.5733845e+10
       58.646696   8.7929613e+10
       58.664265   1.3053308e+11
       58.682336  -3.9259175e+09
       58.699736   5.8913110e+10
       58.717495  -1.4468375e+11
       58.735566   1.0364930e+11
       58.753637  -4.4299569e+10
       58.771725   3.3717213e+10
       58.789796   4.0908834e+10
       58.807866   1.1723917e+11
       58.825826   3.1684615e+10
       58.843026   1.5268350e+10
       58.860856   1.8771856e+11
       58.878185   7.8556115e+10
       58.896256   2.6727802e+10
       58.914327   1.7219749e+11
       58.931920   1.0759921e+10
       58.949486   1.2081742e+11
       58.966936  -7.2660153e+10
       58.984645  -3.1740563e+10
       59.001968  -5.8273542e+10
       59.019787  -7.3002258e+10
       59.037000   2.5252108e+10
       59.054946   3.7783923e+09
       59.073017  -4.4676119e+10
       59.091040  -1.5720975e+11
       59.108174   1.9736324e+11
       59.126043  -2.4400039e+11
       59.143335   4.4807274e+10
       59.161406   1.7847441e+11
       59.179477   1.8724288e+10
       59.197565   1.2428593e+10
       59.215636   7.1898532e+10
       59.233707   1.2462334e+11
       59.251795   1.5374037e+11
       59.269866  -2.0836607e+11
       59.287937  -4.9403673e+10
       59.306025  -9.4483866e+10
       59.324096  -5.5249063e+10
       59.341216   1.1214513e+11
       59.359240   9.2359791e+10
       59.376248   1.8049774e+11
       59.393395  -2.1408986e+10
       59.411471  -2.2644714e+10
       59.429288   8.4042836e+10
       59.446627   9.7983593e+10
       59.464320  -2.1293379e+10
       59.481786  -3.9798654e+09
       59.499857  -6.0863776e+10
       59.517360  -3.0059250e+10
       59.535016   1.4235370e+10
       59.553087  -3.8632920e+09
       59.570400   1.6468244e+09
       59.588246   1.9265031e+11
       59.605416  -4.4668040e+10
       59.623405   1.7331689e+11
       59.641448  -1.1964947e+11
       59.658547   4.7745945e+10
       59.676480   3.9765940e+10
       59.693485  -2.0598368e+11
       59.710765  -1.4893709e+09
       59.728514   1.3723945e+11
       59.745519  -1.4729509e+11
       59.763007   7.5748724e+10
       59.781095   4.7533308e+10
       59.798568   1.0869176e+11
       59.815576   1.4792826e+11
       59.833325  -2.6995722e+10
       59.850608   2.4044995e+10
       59.867616   1.2736125e+11
       59.885555   1.1938172e+11
       59.903626   8.6107193e+10
       59.920697   2.4165479e+10
       59.938680   1.2748227e+11
       59.955856  -3.5979715e+09
       59.973692   9.6345822e+10
       59.991003   1.2715149e+11
       60.009086  -5.1145281e+10
       60.026736  -4.5634608e+10
       60.043760   2.3811710e+11
       60.060768   1.6943031e+11
       60.076554   1.1369273e+10
       60.092125   1.0119575e+11
       60.106594  -2.6511752e+10
       60.119612   1.8135578e+11
       60.132380  -6.6079062e+10
       60.143280   3.0492232e+10
       60.151928   1.5573074e+11
       60.160330  -4.1114901e+10
       60.166590   5.7142694e+10
       60.171543   1.3750524e+10
       60.174735  -1.4936900e+11
       60.177308   5.3439586e+10
       60.178000   9.2676416e+10
       60.178000  -8.2247287e+10
       60.177502   1.3573802e+11
       60.175878  -1.3699192e+11
       60.172500   3.3777189e+10
       60.168251  -1.1301395e+10
       60.163246   1.4766311e+11
       60.157925  -3.2319630e+10
       60.152610  -1.0269288e+11
       60.145413   1.3890057e+11
       60.137970  -1.2033866e+11
       60.131524  -1.4012280e+11
       60.124083  -3.6806583e+10
       60.116635   1.2548210e+10
       60.109452  -6.7943069e+10
       60.102755   1.1462945e+11
       60.095694  -1.0076601e+11
       60.089312  -4.2980261e+10
       60.082934   1.1598384e+11
       60.076550  -6.0626694e+10
       60.070810   7.2767626e+09
       60.065495   1.9532051e+10
       60.060175   6.2141235e+10
       60.055688   1.1486778e+11
       60.051436  -1.5449029e+11
       60.048135  -3.2624858e+10
       60.044946   1.5521515e+09
       60.041840   5.0905862e+10
       60.039710  -4.6448742e+10
       60.037792  -4.2625433e+10
       60.036458  -1.3507587e+10
       60.034665   2.2808525e+11
       60.033602   1.4759303e+11
       60.033000   1.3623932e+11
       60.032475  -9.9392830e+10
       60.032000   9.6669029e+10
       60.031349  -1.2490691e+10
       60.031000   3.1803842e+10
       60.031000  -7.2297112e+10
       60.031000   7.4092798e+09
       60.031000  -3.4298066e+10
       60.031000  -8.2751144e+10
       60.031000  -8.5674028e+10
       60.031000   6.4857330e+10
       60.031158   2.1032926e+11
       60.032000  -9.6129090e+10
       60.032000  -1.1085605e+11
       60.032000   1.0375417e+11
       60.032000   2.4946940e+10
       60.032474   2.5396448e+10
       60.033000  -1.8662920e+11
       60.033000  -5.2962092e+10
       60.033000   6.7214886e+10
       60.033000  -2.0024381e+10
       60.033791  -1.3255835e+11
       60.033145   6.1815799e+10
       60.033000  -3.5018048e+09
       60.033000  -1.3171401e+10
       60.033000  -2.4526994e+10
       60.032892  -2.0282748e+11
       60.032000   1.6186265e+11
       60.032000  -6.3198098e+09
       60.031702  -7.5584556e+09
       60.030640  -1.2852500e+11
       60.030000   2.3690439e+10
       60.029512  -6.6922830e+10
       60.029000   1.3925374e+11
       60.028386  -1.6046139e+11
       60.027322   1.8734021e+10
       60.027000  -1.1172728e+10
       60.026195   7.8237006e+09
       60.025132  -1.1965479e+10
       60.024069  -7.7285075e+10
       60.024000   7.8301786e+10
       60.022942  -1.3204045e+11
       60.022000  -5.7397000e+10
       60.021815   1.8250479e+11
       60.021000  -1.3576147e+11
       60.021000   1.1257116e+11
       60.020625  -9.9457627e+10
       60.020000  -2.0019073e+11
       60.019500  -6.8213645e+10
       60.019000  -1.4196568e+11
       60.019000  -7.5754818e+10
       60.018309   2.4182051e+10
       60.018000  -1.7435707e+11
       60.018000  -1.4355903e+11
       60.018000   1.8234255e+11
       60.017055  -8.3649219e+10
       60.017000  -3.5988494e+10
       60.017000  -2.0367721e+10
       60.017000  -2.0204453e+11
       60.016802   9.8561813e+10
       60.016000  -5.5455603e+09
       60.016000  -1.5219468e+10
       60.015612   3.9185737e+10
       60.015000  -1.0033445e+11
       60.015000  -4.9301681e+10
       60.015000  -3.3681895e+10
       60.014359  -1.2261324e+11
       60.014000   5.4892159e+10
       60.014000   2.4981304e+10
       60.014000   1.6992318e+10
       60.014000   7.8142201e+10
       60.014000  -3.4398035e+10
       60.014000   8.0713010e+10
       60.014000   5.7547208e+10
       60.013852  -1.0558258e+11
       60.013000  -9.6709202e+10
       60.013000   9.4285593e+10
       60.012662  -7.2217152e+10
       60.012000   1.1203177e+11
       60.012000  -8.3137999e+10
       60.011472   5.2207806e+10
       60.011000  -5.5274660e+10
       60.010345  -5.4833197e+10
       60.010000   6.0276593e+10
       60.010000  -1.1297217e+11
       60.009155  -1.3038943e+10
       60.009000  -4.9697084e+10
       60.009000  -8.8041640e+10
       60.008967   8.6088749e+10
       60.008000   1.2194147e+11
       60.008000  -8.3347770e+10
       60.008000   2.6702643e+10
       60.007712  -2.5278430e+11
       60.007000   4.2759217e+10
       60.007000  -1.1025453e+11
       60.007000  -6.5970908e+10
       60.007000   1.8235571e+11
       60.007000  -3.8110611e+10
       60.007000   1.4604229e+10
       60.006269  -7.0958179e+10
       60.006000  -7.3891250e+10
       60.006000   7.4942764e+10
       60.006000   2.8165105e+10
       60.006000  -1.1979064e+11
       60.006000   3.0729380e+10
       60.006000  -1.0710914e+11
       60.006000   1.8116498e+10
       60.006000   1.8381298e+11
       60.006000  -8.3871440e+10
       60.006000  -6.6569723e+10
       60.006000  -6.7817888e+10
       60.006000  -1.7361716e+11
       60.006000  -4.5019492e+10
       60.006000  -7.3248849e+10
       60.006000   6.0407139e+10
       60.006000  -5.7196246e+10
       60.006000   1.1524461e+11
       60.006000  -2.2495185e+11
       60.006000  -9.6354742e+10
       60.006000  -7.0622842e+10
       60.006000   2.9306461e+10
       60.006124  -5.4571341e+10
       60.007000   1.5138092e+09
       60.007000   1.5540466e+11
       60.007000  -2.0165509e+11
       60.007000   3.1491993e+10
       60.007000   3.2614572e+09
       60.007000  -1.1097039e+11
       60.007000  -1.3582849e+11
       60.007000  -1.6068667e+11
       60.007000   1.8498580e+10
       60.007000   8.9759709e+10
       60.006179   7.5668489e+09
       60.006000  -6.9566765e+10
       60.006000   4.2165474e+10
       60.005000  -2.9909796e+10
       60.005000   4.3037636e+10
       60.005000  -1.3527512e+11
       60.005000  -1.2809422e+11
       60.004735  -5.0088106e+10
       60.004000  -4.7966286e+10
       60.004000  -6.6080224e+10
       60.004000  -5.5526618e+10
       60.003483  -4.5021397e+09
       60.003000  -2.0136482e+11
       60.003000  -1.4022224e+11
       60.003000  -4.5354022e+10
       60.002230   1.5743775e+11
       60.002000  -1.2036754e+11
       60.002000  -3.2244772e+10
       60.002000   6.2623150e+10
       60.001000  -1.2243550e+11
       60.001000   3.4825626e+10
       60.001000  -8.4467616e+10
       60.001000   6.2675931e+10
       60.001000   1.9266347e+10
       60.001000  -1.2363540e+11
       60.001000   3.2722543e+09
       60.001000  -9.5785660e+10
       60.001000  -5.4880191e+10
       60.001000   1.4791106e+11
       60.001000  -7.4247448e+10
       60.001000   1.8756399e+11
       60.001000  -9.0242361e+10
       60.001000  -8.9808588e+10
       60.001000   1.0792300e+11
       60.001000   1.5610183e+10
       60.001000  -2.4427598e+10
       60.001000   2.9967730e+10
       60.001000   3.7146815e+10
       60.001000   2.7366314e+11
       60.001000   1.3244670e+11
       60.001000   1.0252686e+11
       60.001000  -1.0022487e+10
       60.001479  -7.3668997e+10
       60.002000  -1.5901080e+10
       60.002000   6.4539299e+09
       60.002000  -2.5152932e+10
       60.002000  -1.7974391e+10
       60.002000   3.0960195e+11
       60.002000   3.3480449e+10
       60.002000   8.6189097e+10
       60.002000  -8.3695196e+10
       60.002000  -1.9182919e+10
       60.002000  -9.2947436e+10
       60.002000   5.0821143e+10
       60.002000   8.6666044e+10
       60.002000  -5.8908850e+08
       60.002000   5.5491386e+10
       60.001571  -1.7678663e+11
       60.001000  -5.9998814e+10
       60.001000  -4.1017241e+10
       60.001000   2.6867175e+10
       60.001000  -1.4133098e+11
       60.001000   2.0142132e+11
       60.000190  -1.1854495e+11
       60.000000   1.0046718e+10
       60.000000  -6.5405176e+10
       60.000000  -8.8581611e+10
       60.000000   1.5805138e+11
       60.000000   1.0088158e+10
       59.999811  -6.5363921e+10
       59.999000  -9.1912746e+10
       59.999316   1.2267983e+11
       60.000000  -8.0931687e+10
       60.000000  -2.6537924e+10
       60.000000  -1.3740266e+11
       60.000000  -1.0661768e+11
       60.000000   6.7966865e+09
       60.000000  -7.8773576e+10
       60.000000   1.1221041e+11
       60.000000  -4.0811791e+10
       60.000000   8.1033546e+10
       59.999051  -9.8970048e+10
       59.999000   7.5151124e+10
       59.999075  -3.5713973e+10
       59.999861   1.1985735e+11
       59.999203  -9.5567924e+09
       60.000000   6.5071734e+10
       60.000000  -1.6552128e+11
       60.000000  -3.6930606e+10
       60.000000   2.2853760e+09
       60.000000  -1.3556087e+11
       60.000000   5.2050431e+10
       60.000000   7.6089554e+10
       60.000000  -2.2971741e+10
       60.000000   1.1405027e+11
       60.000000   4.8715044e+10
       60.000000   2.0765857e+11
       60.000000  -1.4502824e+10
       59.999000   2.8085488e+10
       59.999000   6.3928544e+10
       59.999000  -1.8015493e+11
       59.999000  -1.0384057e+11
       59.999000   1.2086875e+11
       59.999342  -2.0350093e+10
       59.999595  -8.2312957e+10
       59.999468   1.0698384e+11
       60.000000  -3.2548771e+10
       60.000000   1.1796293e+11
       60.000000  -3.1687980e+10
       60.000000   7.1607492e+10
       60.000000   3.3252777e+10
       60.000000  -4.8945933e+10
       60.000000  -6.2005687e+10
       60.000000  -9.6987852e+10
       60.000000   4.3405854e+10
       60.000000  -9.6126960e+10
       60.000000  -2.3185559e+10
       60.000000   6.1559970e+10
       60.000000   3.4191746e+11
       60.000000  -1.6589399e+09
       60.000000  -1.0240720e+11
       60.000000   1.1892951e+11
       60.000000   6.2025193e+10
       60.000000   1.3833909e+11
       60.000000   4.7709015e+10
       60.000000  -1.2217789e+11
       60.000000  -5.5981877e+10
       60.000000  -5.5551432e+10
       60.000000  -1.4650044e+10
       60.000000  -8.8417521e+10
       59.999949  -1.9253812e+11
       59.999000  -1.3359625e+10
       59.999000   6.8013079e+10
       59.999000  -1.5871876e+10
       59.999000   3.5147289e+10
       59.999000  -1.1956297e+11
       59.999000   7.4792651e+10
       59.999000  -4.7877794e+10
       59.998443   9.9260819e+10
       59.998620   1.0812268e+11
       59.998316   1.0012107e+11
       59.998748  -3.6039850e+10
       59.999000   6.5568866e+10
       59.999000   9.9724907e+10
       59.999000  -9.4551218e+09
       59.999000   1.1238926e+11
       59.999000  -1.7026451e+10
       59.999000   2.3803575e+11
       59.999000  -1.0048159e+11
       59.999000   7.8719344e+09
       59.999000  -4.9032597e+10
       59.999000  -8.5701044e+10
       59.999000  -2.9623029e+10
       59.999000  -7.6409718e+10
       59.999000  -8.1038334e+10
       59.999000  -9.7835521e+09
       59.999000   1.7627260e+10
       59.999000  -2.7472707e+10
       59.999000   5.5586232e+10
       59.999000   1.8917404e+10
       59.998049  -5.1477148e+10
       59.998000   3.8327034e+10
       59.998000  -1.0145923e+10
       59.998000   1.3867941e+11
       59.998000   1.5428612e+11
       59.998000   6.8714440e+10
       59.998000  -3.3663743e+09
       59.998000  -2.9917304e+10
       59.998000  -2.5064110e+09
       59.998000   3.3336430e+10
       59.998000  -1.1763841e+10
       59.998000   1.0670764e+11
       59.998000   6.3294107e+10
       59.998000   1.6152994e+11
       59.998000  -1.4326151e+11
       59.998901  -1.5294887e+11
       59.999000  -8.6752829e+10
       59.998026  -2.8988302e+10
       59.999000   3.5521871e+10
       59.999000   5.4501376e+10
       59.999000  -2.2638582e+10
       59.999000   9.9206067e+10
       59.999000   8.4459491e+10
       59.999000  -1.7142892e+11
       59.999000  -5.4643135e+10
       59.999000  -2.5108282e+08
       59.999000   1.1147542e+11
       59.999000   1.7767206e+11
       59.999000   1.8822020e+11
       59.999000   2.1394512e+11
       59.999000   1.5535514e+11
       59.998087  -9.5474184e+10
       59.998000   1.8151050e+11
       59.998000  -6.9250285e+09
       59.998000   7.4448130e+10
       59.998000  -2.4613499e+10
       59.998000   1.2758499e+11
       59.998000   1.5032963e+10
       59.998000   1.8746678e+11
       59.998000   1.7580786e+10
       59.998000   2.9815529e+10
       59.998000   6.6378612e+09
       59.998000   9.8129480e+10
       59.998000   2.1491532e+11
       59.997264  -1.1011115e+11
       59.997000   1.6792999e+10
       59.997000  -6.8777866e+10
       59.997000  -7.0033366e+10
       59.997000   6.3616104e+10
       59.997000   3.3693456e+10
       59.997000   4.0869587e+10
       59.997000  -9.1917295e+10
