1.100000000000000000e+03 6.413369962687378635e-05 3.520049070702135907e-04
1.155000000000000000e+03 0.000000000000000000e+00 2.329075198386693253e-03
1.210000000000000000e+03 0.000000000000000000e+00 1.176441579739823627e-02
1.265000000000000000e+03 0.000000000000000000e+00 3.997003427081600307e-02
1.320000000000000000e+03 0.000000000000000000e+00 9.281583082679832619e-02
1.375000000000000000e+03 2.675392167720626047e-01 1.522075586043395434e-01
1.430000000000000000e+03 2.503466737189127267e-01 1.844727637538149945e-01
1.485000000000000000e+03 2.061813722293026341e-01 1.745547587832841363e-01
1.540000000000000000e+03 1.257085428896457246e-01 1.361454170481502246e-01
1.595000000000000000e+03 8.322076378793240303e-02 9.109542122021682675e-02
1.650000000000000000e+03 3.275747028009447920e-02 5.338843150383763142e-02
1.705000000000000000e+03 1.179355442980297222e-02 2.811353194556618848e-02
1.760000000000000000e+03 8.889967487246075439e-03 1.476846060387173101e-02
1.815000000000000000e+03 0.000000000000000000e+00 9.916124515801403444e-03
1.870000000000000000e+03 1.455668226681381544e-02 9.164548582088073714e-03
