7.000000000000000000e+02 0.000000000000000000e+00 7.039746464136736218e-06
7.300000000000000000e+02 0.000000000000000000e+00 5.577481476551604647e-05
7.600000000000000000e+02 0.000000000000000000e+00 3.199669548972025211e-04
7.900000000000000000e+02 0.000000000000000000e+00 1.302081729005478885e-03
8.200000000000000000e+02 0.000000000000000000e+00 3.940101505410178659e-03
8.500000000000000000e+02 5.291139347952255809e-03 9.330049200947779231e-03
8.800000000000000000e+02 1.263528897865973805e-02 1.812862620463889796e-02
9.100000000000000000e+02 2.896558188279502177e-02 3.007125961711958062e-02
9.400000000000000000e+02 4.189771699540898592e-02 4.405114290651533648e-02
9.700000000000000000e+02 6.277756767045182540e-02 5.885575608231426864e-02
1.000000000000000000e+03 6.998984332410927711e-02 7.379136779144300495e-02
1.030000000000000000e+03 8.705875551421714265e-02 8.770713425281527476e-02
1.060000000000000000e+03 1.175055493193689904e-01 9.755913704867780201e-02
1.090000000000000000e+03 1.064801467501992338e-01 1.002034498695759113e-01
1.120000000000000000e+03 9.989971690069776589e-02 9.537912145376116480e-02
1.150000000000000000e+03 9.291264817994800140e-02 8.528593384693121393e-02
1.180000000000000000e+03 6.424532409827837798e-02 7.262550955159434440e-02
1.210000000000000000e+03 6.685275269589707747e-02 5.950371783978808393e-02
1.240000000000000000e+03 3.820262213072460333e-02 4.712598186051898674e-02
1.270000000000000000e+03 3.906591908520159334e-02 3.615021582645548681e-02
1.300000000000000000e+03 2.178078829971994562e-02 2.687348138227623612e-02
1.330000000000000000e+03 1.917116926029495405e-02 1.932075616157200026e-02
1.360000000000000000e+03 1.025733609005623909e-02 1.330261713878401648e-02
1.390000000000000000e+03 1.043166216138649918e-02 8.500279701142313821e-03
1.420000000000000000e+03 3.610578997657400190e-04 4.832557273342800996e-03
1.450000000000000000e+03 2.143785497517245332e-03 2.447739192897438899e-03
1.480000000000000000e+03 0.000000000000000000e+00 1.228053991398896354e-03
1.510000000000000000e+03 1.019353755631266512e-03 7.436760707081087199e-04
1.540000000000000000e+03 0.000000000000000000e+00 6.106510866820675891e-04
1.570000000000000000e+03 9.124106449463054548e-04 6.049563807845050826e-04
