       20.013078   2.0479547e+10
       20.029845  -3.3015394e+10
       20.044463   5.6129768e+10
       20.062390   3.7617127e+10
       20.074779  -1.4444667e+10
       20.091848   1.0403430e+10
       20.108984   1.0796166e+11
       20.122774   4.6130847e+10
       20.140067  -2.5486560e+10
       20.155205  -6.9126049e+10
       20.171600   1.4474911e+10
       20.188754   7.2913531e+10
       20.204090  -1.4057470e+10
       20.220044   4.2992950e+10
       20.235154   3.1542769e+10
       20.250334  -4.2822021e+10
       20.267072   5.3413192e+10
       20.282147   1.0491382e+11
       20.297086  -4.3634622e+09
       20.313822  -4.7911546e+10
       20.328068  -7.4658389e+10
       20.345026  -2.1148407e+09
       20.360965   7.3251349e+10
       20.375577  -1.6354430e+10
       20.393540   1.0123018e+10
       20.407820  -1.2137678e+11
       20.424938   1.1422916e+10
       20.441181  -6.7601346e+09
       20.454844  -3.3295795e+10
       20.472162  -6.1200283e+10
       20.486514  -6.5693074e+09
       20.503376   1.4540615e+10
       20.520169   1.1958219e+11
       20.535150  -1.1638923e+10
       20.551697   7.3905605e+10
       20.567732  -1.5288720e+10
       20.583414  -1.3101342e+11
       20.600174  -5.9324148e+10
       20.615625  -3.6536317e+10
       20.631232  -7.5229162e+10
       20.647934  -4.1172397e+10
       20.662446   3.4872627e+10
       20.680179   3.9648658e+10
       20.696100   3.0482700e+10
       20.710767  -1.0153454e+09
       20.728644  -2.2686972e+10
       20.741972  -2.7547211e+10
       20.759118   2.2165437e+10
       20.775351   1.8775336e+10
       20.789855   2.6615592e+10
       20.807390   4.4270626e+10
       20.822445   1.8611197e+10
       20.838172  -3.4983907e+10
       20.855024  -3.2651306e+09
       20.870306  -3.4436314e+10
       20.886879  -6.4191693e+10
       20.903416   1.0602657e+11
       20.919604   1.0147886e+11
       20.936327  -3.7197815e+09
       20.952128  -6.8361239e+10
       20.968384   9.2129870e+10
       20.985608  -1.3039759e+10
       21.001338  -3.5421828e+09
       21.018474  -4.0187856e+10
       21.035190  -1.6702517e+10
       21.049764  -8.6044703e+09
       21.066780  -2.5667252e+10
       21.081090   3.6957288e+10
       21.098244   1.4280626e+10
       21.116309   2.5149950e+10
       21.130082  -1.2938585e+10
       21.148320   9.0856583e+09
       21.164276   4.5186904e+09
       21.180252   5.7262935e+10
       21.197114  -2.1456446e+10
       21.211764   8.8650293e+09
       21.227982  -9.7861621e+09
       21.245027   2.7465849e+10
       21.261228   3.1618083e+09
       21.278303   1.1864501e+11
       21.294850   6.1780140e+09
       21.309831  -6.8577045e+10
       21.325440  -1.3338858e+10
       21.339720   4.0451624e+10
       21.354618  -6.1002937e+10
       21.371156   1.3671683e+10
       21.384926   9.9953311e+09
       21.402079  -4.4069031e+10
       21.419180  -3.1068035e+09
       21.433489  -4.4695100e+10
       21.450524  -4.7193809e+10
       21.465052   3.3874564e+09
       21.481811   3.8524672e+10
       21.497416  -7.4606310e+10
       21.512648   6.8073609e+10
       21.529926  -3.8189756e+10
       21.545489  -2.2874474e+10
       21.560962  -2.1601355e+10
       21.577684   1.7354863e+10
       21.593365   5.6249560e+10
       21.608974   9.7816077e+09
       21.625336  -3.9545709e+10
       21.641264  -2.2539768e+09
       21.657816   1.4000288e+10
       21.673301  -3.3750705e+09
       21.689708   5.7485854e+10
       21.706370   3.1583952e+10
       21.720998  -2.0949637e+10
       21.738007   7.5418143e+09
       21.753255   3.0374837e+10
       21.769455   2.9365619e+10
       21.786578  -2.3443694e+10
       21.801095  -4.8360201e+10
       21.817868   6.2286663e+10
       21.834226   4.0030212e+10
       21.849696  -4.1016754e+10
       21.866294   4.8450374e+10
       21.882176   1.6207200e+10
       21.897996  -2.0299917e+10
       21.914197  -7.6445453e+10
       21.929888  -3.7579147e+10
       21.946474  -4.2120159e+10
       21.962970   3.6086316e+09
       21.978669   3.3839213e+08
       21.995848  -4.0749159e+10
       22.011096   1.5980072e+10
       22.026553   8.3294624e+09
       22.042266  -7.7968562e+08
       22.056052  -4.7700578e+10
       22.073073   6.0523797e+10
       22.088357  -1.5876253e+10
       22.104541  -1.5432169e+10
       22.120759  -2.2031269e+10
       22.135200  -4.6864182e+10
       22.151994  -2.5609320e+10
       22.168362   5.3802426e+09
       22.183808   5.1696806e+10
       22.200438   2.8842798e+09
       22.215660   5.0499900e+10
       22.231149  -1.2079169e+09
       22.246250   2.5337427e+10
       22.261551  -5.4916292e+09
       22.278208   8.5279752e+10
       22.294120   8.6518159e+10
       22.309498   2.4219223e+09
       22.326003  -4.6762415e+10
       22.341244  -5.1020916e+09
       22.356920  -4.4581065e+10
       22.373550  -8.5939900e+09
       22.388198   2.1852114e+09
       22.405292   6.3264200e+10
       22.421448   2.5031048e+10
       22.436696  -2.1626195e+10
       22.453794   5.0530784e+10
       22.468290  -2.5557746e+10
       22.485922  -3.5962914e+10
       22.501656   2.9105494e+10
       22.516145  -1.2123440e+10
       22.532546  -5.4779118e+10
       22.547750  -1.7765345e+10
       22.563251  -3.2514384e+10
       22.579452  -1.7927851e+10
       22.595128   2.1799820e+10
       22.611298   1.8157276e+10
       22.627204   4.8047533e+10
       22.642595   1.4993336e+10
       22.659440  -3.9057533e+10
       22.675641  -5.0421297e+09
       22.691842  -2.5579444e+10
       22.707685   8.3934348e+09
       22.722376  -3.1760188e+10
       22.739360   4.1323604e+10
       22.754646   7.3839891e+10
       22.770847  -4.1222918e+09
       22.786088   6.3314004e+10
       22.801352  -3.1460825e+10
       22.819150  -4.6552848e+10
       22.835651  -4.4881606e+10
       22.851096   5.7447466e+10
       22.867744  -1.7813643e+10
       22.882915  -4.4150138e+10
       22.899647  -3.2747819e+10
       22.916063  -1.5764854e+10
       22.931312   9.5950740e+09
       22.947514  -6.4331249e+10
       22.963809   2.1129738e+10
       22.979793   2.4084056e+10
       22.996312   2.4231908e+10
       23.011560   2.4369716e+10
       23.027284   7.2037978e+10
       23.044056  -3.5506664e+10
       23.059431   1.0745536e+10
       23.075536   1.5042587e+10
       23.090768  -4.2190621e+10
       23.106034   5.4362614e+09
       23.122235   2.9285866e+10
       23.136620   2.7960382e+10
       23.153516  -2.5106234e+10
       23.169040  -4.0728585e+09
       23.184288  -8.9311167e+10
       23.200257   3.9374450e+10
       23.216430  -4.7273274e+10
       23.232625  -2.4922366e+09
       23.248241   4.5315535e+09
       23.262965   1.7143622e+10
       23.277728  -3.8063811e+09
       23.291668   5.4938675e+10
       23.306372  -2.6143602e+10
       23.324479   5.3567089e+10
       23.341981   1.8619041e+10
       23.358182   1.1632208e+10
       23.374366   1.5827961e+10
       23.390564  -2.6121076e+10
       23.406736  -3.7543405e+09
       23.422896  -2.3638954e+09
       23.438136  -2.0551344e+10
       23.454337  -6.6705966e+10
       23.468710   6.7509081e+10
       23.484739  -3.5977705e+10
       23.500926   3.1531387e+09
       23.515592   4.5296884e+09
       23.532068   3.3868999e+10
       23.547170   3.6640121e+10
       23.562744   6.5975921e+10
       23.578360   6.7345495e+10
       23.593070   1.6978946e+10
       23.608838  -7.3937776e+10
       23.625088   1.0919784e+11
       23.640732  -4.4641959e+10
       23.656584   7.9765394e+10
       23.671530   4.7569548e+10
       23.686080  -3.6361967e+10
       23.701532  -1.4028772e+10
       23.718043  -4.2806041e+09
       23.736147  -3.6480253e+10
       23.754056   3.8983167e+10
       23.769342   6.1312967e+10
       23.786496   7.5252648e+10
       23.802709   2.5012123e+09
       23.818924   8.0501829e+09
       23.835127   2.4126957e+09
       23.850528   4.1518151e+10
       23.867266   1.9100744e+10
       23.882350   2.0452857e+10
       23.897288   8.0530294e+10
       23.913132   7.3492129e+10
       23.927672  -1.6042122e+10
       23.941515   1.2233516e+11
       23.955356  -3.1518563e+10
       23.969512   1.8769387e+10
       23.984040   3.5499449e+10
       23.998008   8.2990356e+10
       24.014054   7.0356992e+10
       24.031706   9.4077494e+10
       24.047907   9.6824229e+10
       24.064230   9.8172526e+10
       24.081217   9.6724166e+10
       24.096540   5.4726876e+10
       24.113694   7.9844601e+10
       24.128040   8.6785149e+10
       24.144096   7.4150352e+10
       24.160314   9.3674677e+10
       24.174925   4.7481994e+10
       24.191464   1.1174960e+11
       24.207216   1.1030016e+11
       24.223101   1.3821358e+11
       24.238696   1.4655161e+11
       24.253928   1.1014616e+11
       24.269704   1.0589989e+11
       24.284975   1.3800767e+11
       24.299688   1.0859315e+11
       24.316049   4.5620995e+10
       24.333491   1.6861382e+11
       24.349986   1.5038498e+11
       24.366676   8.3218008e+10
       24.382279   1.3629903e+11
       24.399446   1.1807016e+11
       24.416393   7.7469589e+10
       24.431697   1.3194878e+11
       24.447898   1.7524210e+11
       24.463152   1.5002199e+11
       24.479300   1.2899657e+11
       24.495487   1.4851990e+11
       24.511699   1.6105206e+11
       24.527886   1.7078781e+11
       24.542680   1.8052344e+11
       24.558305   1.7767504e+11
       24.574506   1.0910970e+11
       24.590136   1.4681006e+11
       24.605891   1.5095289e+11
       24.621616   2.5996314e+11
       24.637276   1.0750391e+11
       24.653106   1.7876184e+11
       24.668015   2.1646224e+11
       24.682608   1.5209166e+11
       24.698097   1.6462391e+11
       24.714474   2.3448376e+11
       24.731774   1.8409556e+11
       24.749666   1.7006148e+11
       24.765936   1.9098313e+11
       24.783090   2.2448894e+11
       24.800244   1.5172908e+11
       24.816487   3.0688119e+11
       24.831824   2.5090016e+11
       24.847072   3.2076011e+11
       24.863860   2.8575261e+11
       24.879568   2.5633807e+11
       24.895492   2.5628643e+11
       24.911676   2.1568612e+11
       24.927296   1.6949285e+11
       24.943594   2.5193707e+11
       24.959784   2.7285896e+11
       24.975470   3.1894912e+11
       24.991681   2.9093296e+11
       25.007190   2.1817337e+11
       25.022364   3.0201594e+11
       25.039032   2.6840687e+11
       25.054485   3.5364766e+11
       25.070528   3.6478214e+11
       25.085776   4.0667776e+11
       25.101071   2.9756431e+11
       25.117256   3.2967236e+11
       25.132489   3.8135568e+11
       25.148673   4.3303903e+11
       25.164000   3.2392562e+11
       25.180076   4.5251183e+11
       25.194715   3.1123911e+11
       25.210461   4.3982542e+11
       25.227348   3.1533155e+11
       25.243852   3.7959914e+11
       25.260057   3.7675157e+11
       25.277355   4.0885985e+11
       25.293968   4.9130454e+11
       25.309667   5.3320051e+11
       25.325868   4.6323786e+11
       25.342426   5.4428439e+11
       25.359270   3.8763136e+11
       25.375208   5.1342139e+11
       25.390456   4.8960053e+11
       25.405856   5.7344368e+11
       25.421952   5.8597687e+11
       25.437200   6.0550130e+11
       25.452476   5.9286640e+11
       25.468677   5.1870928e+11
       25.484861   5.8157905e+11
       25.501062   5.7174069e+11
       25.516424   6.1223874e+11
       25.532464   6.5133858e+11
       25.548652   5.8137628e+11
       25.564163   5.6175039e+11
       25.580067   5.4911568e+11
       25.595648   5.2249873e+11
       25.611452   7.2379370e+11
       25.627636   6.8878740e+11
       25.643376   6.8594042e+11
       25.659014   5.7962429e+11
       25.675211   8.1168049e+11
       25.691406   7.3053260e+11
       25.707336   7.7662387e+11
       25.722791   7.5420181e+11
       25.738992   7.2758503e+11
       25.755048   8.5757040e+11
       25.770296   7.4146676e+11
       25.785528   8.0853170e+11
       25.800792   8.4623367e+11
       25.817886   8.7274985e+11
       25.835054   9.1884132e+11
       25.851379   7.8316254e+11
       25.868364   8.4183821e+11
       25.885518   9.5085023e+11
       25.901951   1.0458800e+12
       25.918152   1.0388387e+12
       25.934353   9.4091237e+11
       25.950554   9.8141108e+11
       25.966240   1.1086003e+12
       25.981956   1.1029573e+12
       25.998157   1.0176151e+12
       26.014358   9.8121114e+11
       26.030232   1.1713209e+12
       26.045760   1.0859788e+12
       26.062194   1.1320706e+12
       26.079162   1.1809589e+12
       26.095208   1.2032809e+12
       26.110472   1.2242045e+12
       26.125719   1.2129688e+12
       26.140952   1.2352908e+12
       26.157166   1.2464270e+12
       26.173351   1.3358642e+12
       26.189552   1.2589117e+12
       26.205753   1.4406323e+12
       26.221954   1.2965647e+12
       26.237440   1.2895239e+12
       26.253356   1.4936164e+12
       26.269557   1.3900976e+12
       26.285159   1.3383135e+12
       26.300951   1.4165649e+12
       26.316665   1.5507458e+12
       26.332774   1.4807847e+12
       26.349176   1.5198858e+12
       26.364740   1.5394117e+12
       26.380935   1.6204598e+12
       26.396904   1.6092246e+12
       26.412542   1.5909982e+12
       26.429386   1.7070022e+12
       26.444751   1.5321738e+12
       26.460840   1.5992397e+12
       26.475128   1.7278279e+12
       26.490376   1.6299024e+12
       26.505608   1.6843844e+12
       26.521739   1.8451319e+12
       26.537940   1.8087287e+12
       26.554914   1.7891043e+12
       26.572068   1.8114269e+12
       26.588526   1.7680327e+12
       26.604096   1.7330278e+12
       26.619928   1.7847134e+12
       26.635592   1.7860626e+12
       26.651330   1.8223677e+12
       26.667531   1.9369738e+12
       26.683732   1.9117567e+12
       26.699933   1.8879378e+12
       26.716129   2.0570751e+12
       26.732068   1.9521588e+12
       26.747536   2.0765527e+12
       26.763737   1.9534594e+12
       26.779921   1.9156583e+12
       26.796056   1.9911141e+12
       26.811306   1.9155609e+12
       26.827507   2.0231761e+12
       26.843691   2.1251984e+12
       26.859016   1.9238042e+12
       26.875076   2.1460747e+12
       26.890512   2.1026808e+12
       26.906495   2.1459774e+12
       26.922696   2.0955924e+12
       26.938886   2.2689247e+12
       26.955074   2.2632833e+12
       26.970736   2.2590401e+12
       26.986466   2.0758232e+12
       27.002653   2.2673326e+12
       27.018844   2.2491071e+12
       27.035086   2.1875364e+12
       27.050976   2.4685329e+12
       27.065945   2.3524312e+12
       27.080472   2.3677634e+12
       27.095720   2.2586529e+12
       27.111214   2.6515080e+12
       27.128292   2.3997779e+12
       27.144476   2.2095700e+12
       27.160660   2.3283716e+12
       27.174994   2.3045534e+12
       27.190176   2.4639038e+12
       27.206263   2.3408112e+12
       27.222464   2.4526217e+12
       27.237175   2.4581665e+12
       27.252866   2.5210389e+12
       27.269084   2.7041593e+12
       27.284670   2.4761993e+12
       27.300478   2.5278859e+12
       27.317198   2.5236432e+12
       27.334334   2.4089402e+12
       27.350656   2.5920608e+12
       27.366256   2.7598008e+12
       27.382796   2.5793808e+12
       27.399675   2.6254747e+12
       27.415876   2.5317452e+12
       27.431715   2.5358921e+12
       27.446394   2.6239330e+12
       27.463375   2.5749471e+12
       27.478630   2.4294831e+12
       27.494864   2.7510289e+12
       27.510120   2.7244148e+12
       27.525368   2.6628448e+12
       27.542318   2.6348325e+12
       27.557848   2.7060948e+12
       27.573096   2.7270207e+12
       27.589024   2.6724421e+12
       27.604571   2.7548902e+12
       27.620421   2.7464533e+12
       27.637188   2.8708485e+12
       27.652770   2.7743230e+12
       27.668024   2.7896560e+12
       27.683800   2.6875376e+12
       27.699426   2.8287117e+12
       27.715296   2.7937084e+12
       27.730528   2.8523869e+12
       27.746012   2.8006049e+12
       27.762008   2.7935665e+12
       27.777414   2.8130944e+12
       27.793615   2.7557195e+12
       27.809816   2.8241857e+12
       27.826017   2.7821914e+12
       27.842201   2.8814188e+12
       27.858402   2.8506105e+12
       27.873714   2.9400502e+12
       27.889770   2.8575073e+12
       27.905967   3.0434252e+12
       27.922172   3.1454491e+12
       27.938356   2.8224103e+12
       27.953952   2.9551953e+12
       27.969775   2.8223161e+12
       27.985448   2.9606942e+12
       28.001177   3.1032669e+12
       28.017361   2.9717861e+12
       28.033562   2.9731374e+12
       28.049763   3.1157102e+12
       28.065964   3.0807075e+12
       28.082165   3.0568907e+12
       28.097970   3.3029328e+12
       28.112567   3.1085316e+12
       28.128749   3.1224672e+12
       28.144953   3.2230931e+12
       28.161170   3.1671170e+12
       28.177355   3.2943095e+12
       28.193571   2.9852533e+12
       28.208888   3.1585875e+12
       28.224136   3.2815853e+12
       28.240141   3.2381935e+12
       28.256342   3.0423943e+12
       28.272543   3.3779236e+12
       28.288744   3.3443194e+12
       28.304360   3.3582552e+12
       28.320684   3.3428281e+12
       28.337347   3.3931179e+12
       28.353531   3.5818329e+12
       28.369352   3.3161221e+12
       28.384950   3.3272616e+12
       28.401151   3.2908611e+12
       28.417608   3.4236468e+12
       28.434536   3.3788570e+12
       28.450734   3.3228814e+12
       28.466794   3.4598619e+12
       28.482122   3.5828601e+12
       28.498306   3.3842648e+12
       28.514507   3.6317057e+12
       28.530691   3.5995002e+12
       28.546016   3.4260731e+12
       28.561248   3.4176375e+12
       28.577277   3.6189369e+12
       28.593461   3.4049611e+12
       28.609662   3.5321542e+12
       28.626484   3.6383738e+12
       28.642409   3.8802220e+12
       28.658209   3.7333615e+12
       28.674449   3.6144657e+12
       28.690200   3.8758892e+12
       28.705851   3.8464803e+12
       28.722052   3.4745044e+12
       28.738236   3.7163528e+12
       28.754433   3.6226253e+12
       28.770395   3.7288451e+12
       28.785822   3.8854013e+12
       28.801888   3.8322226e+12
       28.817207   4.0153453e+12
       28.833391   3.8475116e+12
       28.849609   3.8656428e+12
       28.864880   3.7201808e+12
       28.881011   3.9466488e+12
       28.897212   3.9018596e+12
       28.913396   3.9074069e+12
       28.929597   4.0318039e+12
       28.944410   4.0960770e+12
       28.959999   3.9799780e+12
       28.975600   4.0316670e+12
       28.991401   4.0777631e+12
       29.007112   4.0147970e+12
       29.022820   4.2202917e+12
       29.039014   4.1741045e+12
       29.054846   4.1432978e+12
       29.070395   4.3473944e+12
       29.086313   4.2201097e+12
       29.101791   4.3612859e+12
       29.117816   4.1948507e+12
       29.133167   4.4422926e+12
       29.149314   4.4604243e+12
       29.165561   4.4268214e+12
       29.181762   4.2519969e+12
       29.197008   4.5190142e+12
       29.213147   4.5105795e+12
       29.228504   4.4392243e+12
       29.244549   4.3804533e+12
       29.260750   4.3664258e+12
       29.276951   4.4474781e+12
       29.293152   4.5592915e+12
       29.308728   4.6780962e+12
       29.323976   4.6836440e+12
       29.339712   4.5703421e+12
       29.355447   4.6779609e+12
       29.371106   4.8806597e+12
       29.387307   4.9029864e+12
       29.403508   4.9686583e+12
       29.419709   4.9364540e+12
       29.435680   4.9979312e+12
       29.451111   5.1656742e+12
       29.467176   4.9181421e+12
       29.482496   5.0509293e+12
       29.498672   5.2270617e+12
       29.513920   5.1011759e+12
       29.530084   5.2297685e+12
       29.546314   5.4744144e+12
       29.562501   5.1961213e+12
       29.577896   5.2701829e+12
       29.593886   5.3582268e+12
       29.610104   5.2896687e+12
       29.626294   5.2756416e+12
       29.642499   5.5328718e+12
       29.658136   5.5412165e+12
       29.674414   5.4363044e+12
       29.691084   5.4544368e+12
       29.706839   5.2656308e+12
       29.722096   5.6556932e+12
       29.737328   5.6836134e+12
       29.753148   5.5787014e+12
       29.770046   5.6387809e+12
       29.786264   5.7855508e+12
       29.802465   5.9141438e+12
       29.818666   6.0469314e+12
       29.834867   6.0091347e+12
       29.851048   6.1125596e+12
       29.866281   5.9866742e+12
       29.881527   6.0006122e+12
       29.897637   5.8118065e+12
       29.913008   6.1067893e+12
       29.928244   6.0801786e+12
       29.944201   6.1682230e+12
       29.960407   6.0227626e+12
       29.976608   6.2324532e+12
       29.992809   6.2421967e+12
       30.008480   6.4574803e+12
       30.024211   6.1959666e+12
       30.040412   6.5105249e+12
       30.056596   6.3259140e+12
       30.072814   6.4181533e+12
       30.088720   6.5649236e+12
       30.104216   6.7676233e+12
       30.120417   6.6766941e+12
       30.136448   6.4445435e+12
       30.151802   6.7563054e+12
       30.167928   6.5269513e+12
       30.183216   6.9030319e+12
       30.200370   6.8722269e+12
       30.215673   6.9337052e+12
       30.230063   7.3153789e+12
       30.245991   7.0426797e+12
       30.262209   6.8063344e+12
       30.276950   7.1180965e+12
       30.292588   7.0998757e+12
       30.308800   7.1082213e+12
       30.324996   7.2703726e+12
       30.341738   7.3989663e+12
       30.358381   7.4143031e+12
       30.374582   7.3121884e+12
       30.390766   7.4925169e+12
       30.406616   7.4029863e+12
       30.421848   7.4560755e+12
       30.437352   7.9398205e+12
       30.453553   7.5259000e+12
       30.469754   7.8544411e+12
       30.485840   7.8739728e+12
       30.501155   7.6823714e+12
       30.517320   8.0011250e+12
       30.532568   7.9787098e+12
       30.549686   8.0038345e+12
       30.565080   8.1296320e+12
       30.581994   8.2666154e+12
       30.597576   8.1798816e+12
       30.612808   8.2385640e+12
       30.628747   8.4888043e+12
       30.644948   8.3139819e+12
       30.660552   8.5907887e+12
       30.675800   8.7095951e+12
       30.691551   8.6368438e+12
       30.707752   8.6941281e+12
       30.723528   8.7164566e+12
       30.738776   9.0254228e+12
       30.754321   8.7890783e+12
       30.770522   8.9554249e+12
       30.786702   9.1818955e+12
       30.802893   8.8225065e+12
       30.818968   9.2922697e+12
       30.834292   8.9804207e+12
       30.850455   8.9901652e+12
       30.865404   9.3676451e+12
       30.881872   9.2683275e+12
       30.898096   9.7618607e+12
       30.913456   9.7226672e+12
       30.928688   9.6345356e+12
       30.945428   9.8568117e+12
       30.961883   9.7546978e+12
       30.978084   9.8007965e+12
       30.993680   9.8944353e+12
       31.008928   9.7713479e+12
       31.024176   1.0099890e+13
       31.040334   1.0316573e+13
       31.057072   1.0176707e+13
       31.072888   1.0344452e+13
       31.088452   1.0516392e+13
       31.104356   1.0468810e+13
       31.119842   1.0612785e+13
       31.136026   1.0636512e+13
       31.152227   1.0804257e+13
       31.168411   1.0583294e+13
       31.184611   1.0697906e+13
       31.200779   1.0853068e+13
       31.217937   1.1085132e+13
       31.233288   1.1054328e+13
       31.248536   1.1154958e+13
       31.263768   1.0966154e+13
       31.279767   1.1451299e+13
       31.296672   1.1321221e+13
       31.313169   1.1437231e+13
       31.329370   1.1501508e+13
       31.345571   1.1604935e+13
       31.361256   1.1621671e+13
       31.377416   1.1864921e+13
       31.394147   1.1741834e+13
       31.409962   1.1622942e+13
       31.425531   1.1982246e+13
       31.441743   1.1815814e+13
       31.457712   1.2285578e+13
       31.472960   1.2084190e+13
       31.488346   1.2191812e+13
       31.504547   1.2137238e+13
       31.520731   1.2270028e+13
       31.536932   1.2376252e+13
       31.552168   1.2516033e+13
       31.567416   1.2633442e+13
       31.583501   1.2514550e+13
       31.599702   1.2634756e+13
       31.615128   1.2410997e+13
       31.631087   1.2661239e+13
       31.647221   1.2663993e+13
       31.662835   1.3115580e+13
       31.678111   1.2974317e+13
       31.693360   1.3013425e+13
       31.709092   1.3074906e+13
       31.725276   1.3409041e+13
       31.741477   1.3508274e+13
       31.757655   1.3540392e+13
       31.773571   1.3566916e+13
       31.789050   1.3582255e+13
       31.805069   1.3917789e+13
       31.820453   1.3958296e+13
       31.836568   1.3488448e+13
       31.851884   1.3766654e+13
       31.868085   1.3825338e+13
       31.884286   1.3893810e+13
       31.900487   1.4261504e+13
       31.917534   1.4506153e+13
       31.933872   1.4251633e+13
       31.950056   1.4273963e+13
       31.966262   1.4700382e+13
       31.981795   1.4680765e+13
       31.997676   1.4960370e+13
       32.014458   1.5034435e+13
       32.031061   1.4995243e+13
       32.046776   1.5084688e+13
       32.062463   1.5253833e+13
       32.078272   1.5320907e+13
       32.093520   1.5288706e+13
       32.109066   1.5123673e+13
       32.125016   1.5155791e+13
       32.140248   1.5130581e+13
       32.155669   1.5653479e+13
       32.171866   1.5810040e+13
       32.188039   1.5611449e+13
       32.204272   1.5794576e+13
       32.220456   1.6170660e+13
       32.235736   1.6218158e+13
       32.250984   1.6095073e+13
       32.267045   1.6150961e+13
       32.283256   1.6261380e+13
       32.299461   1.6325657e+13
       32.314965   1.6203970e+13
       32.330840   1.6581452e+13
       32.347064   1.6908597e+13
       32.363265   1.6840042e+13
       32.379964   1.7252480e+13
       32.396667   1.7312563e+13
       32.412851   1.7375442e+13
       32.429052   1.7639667e+13
       32.445248   1.7187997e+13
       32.461703   1.7515143e+13
       32.478440   1.7303968e+13
       32.493856   1.7603149e+13
       32.509936   1.7895339e+13
       32.525241   1.7865935e+13
       32.541442   1.8225240e+13
       32.557609   1.8145500e+13
       32.573826   1.8327229e+13
       32.589996   1.8177578e+13
       32.606209   1.8728441e+13
       32.621608   1.8806701e+13
       32.637614   1.8897545e+13
       32.653803   1.8679380e+13
       32.669999   1.9014915e+13
       32.685610   1.9205034e+13
       32.700848   1.9125294e+13
       32.716593   1.8974244e+13
       32.732319   1.9354523e+13
       32.747987   1.9353084e+13
       32.763824   1.9519433e+13
       32.779389   1.9571127e+13
       32.795590   1.9576680e+13
       32.811568   2.0296729e+13
       32.826992   1.9776546e+13
       32.843172   1.9949886e+13
       32.859281   2.0021155e+13
       32.874612   2.0282584e+13
       32.891766   2.0964882e+13
       32.907040   2.0527194e+13
       32.922272   2.1150766e+13
       32.937506   2.0529910e+13
       32.952749   2.0957729e+13
       32.968750   2.1360379e+13
       32.984922   2.0998197e+13
       33.000474   2.1437202e+13
       33.016329   2.1221833e+13
       33.031976   2.1512626e+13
       33.048243   2.1884515e+13
       33.064930   2.1989342e+13
       33.081560   2.1648133e+13
       33.098341   2.2456272e+13
       33.114206   2.2510763e+13
       33.129416   2.2596015e+13
       33.144668   2.2713426e+13
       33.160094   2.2521828e+13
       33.176158   2.2903506e+13
       33.191550   2.3366281e+13
       33.208680   2.3363444e+13
       33.224864   2.3222182e+13
       33.240120   2.3036177e+13
       33.256234   2.3318580e+13
       33.272419   2.3420611e+13
       33.287826   2.3721192e+13
       33.304590   2.3863771e+13
       33.321036   2.3880510e+13
       33.337898   2.4002116e+13
       33.353824   2.4052413e+13
       33.369072   2.4333418e+13
       33.384822   2.4306812e+13
       33.401006   2.4227072e+13
       33.416800   2.4558414e+13
       33.432779   2.4833826e+13
       33.449264   2.5021149e+13
       33.464777   2.4730277e+13
       33.481212   2.5332876e+13
       33.498162   2.4879809e+13
       33.514361   2.5243309e+13
       33.530443   2.4930065e+13
       33.545765   2.5925568e+13
       33.561949   2.5865404e+13
       33.577200   2.6096073e+13
       33.592418   2.6442795e+13
       33.608533   2.6172896e+13
       33.624719   2.6202220e+13
       33.640920   2.6427296e+13
       33.657080   2.6341964e+13
       33.673294   2.6673306e+13
       33.688872   2.6765549e+13
       33.704690   2.6947280e+13
       33.720335   2.6875931e+13
       33.735576   2.7394636e+13
       33.751668   2.7478490e+13
       33.768443   2.7200203e+13
       33.784621   2.7697934e+13
       33.801099   2.7408461e+13
       33.818012   2.7469943e+13
       33.834024   2.7997038e+13
       33.849397   2.8096273e+13
       33.865502   2.8564642e+13
       33.880765   2.8552018e+13
       33.896966   2.8434528e+13
       33.912200   2.8749091e+13
       33.927435   2.8835742e+13
       33.944405   2.8978323e+13
       33.960739   2.8579787e+13
       33.976937   2.8997819e+13
       33.993157   2.9357126e+13
       34.009373   2.9452167e+13
       34.024942   2.9397597e+13
       34.040184   2.9573735e+13
       34.055897   2.9784829e+13
       34.071621   2.9814153e+13
       34.087368   3.0201424e+13
       34.103176   3.0320235e+13
       34.118419   3.0220921e+13
       34.133935   2.9808404e+13
       34.150148   3.0490702e+13
       34.166133   3.0918523e+13
       34.181661   3.0835988e+13
       34.198587   3.1112799e+13
       34.213880   3.1404991e+13
       34.229128   3.0708632e+13
       34.244376   3.1016205e+13
       34.260522   3.1705495e+13
       34.275854   3.1677491e+13
       34.291923   3.1350266e+13
       34.308111   3.1968246e+13
       34.324296   3.1892703e+13
       34.340504   3.2085620e+13
       34.356710   3.2019864e+13
       34.372328   3.2209985e+13
       34.388095   3.2801399e+13
       34.404313   3.3157910e+13
       34.420072   3.2805516e+13
       34.435715   3.2907549e+13
       34.451910   3.2851581e+13
       34.468088   3.2897684e+13
       34.484301   3.3366053e+13
       34.500280   3.3124121e+13
       34.515686   3.3858154e+13
       34.531650   3.3637195e+13
       34.546071   3.3746219e+13
       34.562255   3.3827278e+13
       34.578456   3.3776903e+13
       34.593721   3.4288618e+13
       34.610714   3.4414420e+13
       34.626216   3.4636701e+13
       34.642256   3.4605901e+13
       34.657732   3.4980589e+13
       34.672987   3.4867294e+13
       34.688240   3.5460106e+13
       34.704081   3.4863023e+13
       34.720256   3.5240507e+13
       34.736457   3.5434823e+13
       34.752200   3.5398431e+13
       34.767868   3.5450127e+13
       34.784063   3.5918497e+13
       34.800258   3.5546529e+13
       34.816208   3.5917022e+13
       34.831440   3.6349038e+13
       34.847021   3.5771530e+13
       34.863906   3.6382520e+13
       34.879167   3.6430021e+13
       34.894400   3.6189487e+13
       34.909648   3.6582352e+13
       34.926758   3.6681589e+13
       34.943028   3.7158348e+13
       34.959229   3.7379231e+13
       34.975413   3.7446308e+13
       34.991618   3.7594483e+13
       35.007131   3.7011382e+13
       35.023033   3.7297982e+13
       35.039234   3.7549626e+13
       35.054864   3.7703393e+13
       35.070619   3.7580311e+13
       35.086820   3.7850132e+13
       35.102608   3.8087794e+13
       35.118216   3.7973101e+13
       35.134093   3.7938107e+13
       35.149624   3.8177167e+13
       35.165584   3.8391059e+13
       35.181023   3.8288950e+13
       35.197080   3.8618895e+13
       35.212411   3.8822999e+13
       35.228577   3.8824360e+13
       35.243824   3.9081597e+13
       35.259057   3.8857842e+13
       35.275196   3.9527558e+13
       35.290552   3.9292617e+13
       35.306583   3.9352704e+13
       35.322771   3.9303728e+13
       35.338259   3.9208610e+13
       35.354826   3.9102307e+13
       35.370760   3.9295226e+13
       35.386561   3.9822322e+13
       35.402248   4.0043205e+13
       35.417973   3.9984442e+13
       35.433752   4.0154989e+13
       35.449358   4.0589802e+13
       35.465570   4.0298932e+13
       35.481480   4.1058135e+13
       35.496728   4.0058361e+13
       35.512159   4.0346359e+13
       35.528331   4.0463774e+13
       35.544456   4.0599365e+13
       35.559748   4.0701399e+13
       35.575949   4.0974017e+13
       35.592150   4.0613235e+13
       35.608351   4.1169695e+13
       35.624552   4.0894205e+13
       35.639928   4.1211567e+13
       35.656684   4.1517743e+13
       35.672403   4.1632361e+13
       35.688333   4.1307933e+13
       35.704512   4.1372215e+13
       35.720707   4.1633647e+13
       35.736891   4.2212479e+13
       35.753109   4.1289608e+13
       35.769310   4.1570615e+13
       35.785498   4.1240595e+13
       35.801355   4.1848790e+13
       35.816896   4.1578894e+13
       35.833097   4.2125566e+13
       35.849085   4.1873847e+13
       35.864322   4.1966093e+13
       35.879568   4.2472216e+13
       35.894867   4.1872337e+13
       35.911048   4.1473804e+13
       35.926281   4.2732177e+13
       35.942451   4.2437113e+13
       35.958654   4.2137854e+13
       35.975670   4.1977020e+13
       35.992056   4.2116807e+13
       36.008245   4.1779796e+13
       36.024424   4.2614504e+13
       36.040016   4.1951704e+13
       36.055236   4.2164199e+13
       36.070472   4.2035525e+13
       36.086211   4.2350090e+13
       36.102388   4.2098372e+13
       36.118211   4.3072903e+13
       36.133814   4.2340193e+13
       36.150032   4.2995927e+13
       36.165984   4.2678492e+13
       36.181431   4.2444950e+13
       36.197621   4.2674223e+13
       36.213819   4.2588895e+13
       36.229960   4.2511955e+13
       36.245204   4.2272821e+13
       36.261405   4.2404218e+13
       36.277589   4.2878183e+13
       36.293790   4.2808234e+13
       36.309991   4.2367754e+13
       36.325404   4.3010905e+13
       36.341388   4.2508903e+13
       36.357594   4.2290742e+13
       36.373160   4.2959061e+13
       36.388969   4.1991447e+13
       36.405189   4.2869501e+13
       36.420904   4.2434614e+13
       36.436599   4.2517074e+13
       36.452394   4.2424754e+13
       36.468324   4.1996858e+13
       36.484880   4.2577088e+13
       36.500369   4.3046858e+13
       36.516570   4.2725229e+13
       36.532754   4.2719599e+13
       36.548955   4.2669227e+13
       36.565139   4.2424500e+13
       36.581320   4.2330782e+13
       36.596536   4.2508321e+13
       36.612741   4.1989541e+13
       36.628943   4.2782302e+13
       36.645130   4.2322248e+13
       36.660519   4.2667575e+13
       36.675768   4.2537503e+13
       36.691713   4.2576617e+13
       36.707914   4.2640900e+13
       36.723510   4.2031234e+13
       36.739308   4.2080136e+13
       36.755526   4.2464614e+13
       36.771735   4.2154171e+13
       36.787521   4.2756773e+13
       36.803126   4.2225409e+13
       36.819338   4.2112116e+13
       36.835272   4.2387532e+13
       36.850733   4.2366522e+13
       36.866725   4.2448982e+13
       36.882125   4.2380433e+13
       36.898326   4.1779156e+13
       36.914495   4.1707811e+13
       36.929713   4.1892342e+13
       36.945911   4.2093651e+13
       36.961224   4.2089421e+13
       36.977314   4.1904818e+13
       36.992707   4.1517472e+13
       37.008712   4.1605525e+13
       37.024917   4.1927082e+13
       37.041118   4.1771843e+13
       37.057908   4.1638975e+13
       37.074503   4.1510302e+13
       37.090704   4.1339682e+13
       37.106905   4.1237575e+13
       37.122681   4.1501805e+13
       37.138296   4.0889344e+13
       37.154184   4.1484955e+13
       37.169432   4.0865502e+13
       37.184910   4.1043042e+13
       37.201111   4.1083555e+13
       37.217310   4.1582689e+13
       37.233496   4.1126829e+13
       37.249679   4.0782829e+13
       37.265881   4.0764616e+13
       37.282098   4.1395184e+13
       37.297400   4.0378633e+13
       37.313501   4.0291907e+13
       37.329685   4.0893112e+13
       37.345886   4.0266668e+13
       37.362070   4.0672120e+13
       37.378282   4.0052667e+13
       37.393846   4.0540615e+13
       37.409656   4.0125305e+13
       37.425849   4.0014809e+13
       37.441584   4.0045535e+13
       37.457235   3.9846950e+13
       37.473070   3.9736454e+13
       37.488661   4.0109747e+13
       37.504571   4.0280296e+13
       37.519839   3.9971252e+13
       37.535383   3.9799234e+13
       37.551432   3.9895677e+13
       37.566680   3.9824332e+13
       37.582035   3.9908190e+13
       37.599030   3.9455128e+13
       37.613440   3.9554367e+13
       37.628656   3.9087322e+13
       37.643888   3.9048136e+13
       37.659974   3.9229872e+13
       37.676175   3.9011712e+13
       37.691648   3.8660721e+13
       37.707577   3.8922155e+13
       37.723778   3.8962669e+13
       37.739979   3.8548757e+13
       37.755640   3.8431270e+13
       37.771381   3.8438226e+13
       37.787582   3.8196297e+13
       37.803759   3.8457732e+13
       37.819622   3.8759715e+13
       37.835185   3.8010227e+13
       37.851386   3.8577875e+13
       37.867376   3.8614194e+13
       37.882608   3.8155539e+13
       37.897972   3.8017079e+13
       37.914104   3.7867433e+13
       37.929374   3.7709398e+13
       37.945575   3.7646442e+13
       37.961776   3.7267486e+13
       37.977096   3.7882674e+13
       37.993161   3.7443594e+13
       38.009362   3.7591772e+13
       38.024808   3.7496657e+13
       38.040056   3.6611541e+13
       38.055931   3.6840817e+13
       38.072132   3.6780658e+13
       38.087759   3.7100819e+13
       38.103526   3.7079811e+13
       38.120069   3.6568023e+13
       38.135586   3.7097918e+13
       38.150137   3.6479865e+13
       38.166321   3.6876928e+13
       38.182522   3.6766433e+13
       38.198504   3.6636363e+13
       38.213924   3.6489514e+13
       38.230000   3.6523037e+13
       38.245326   3.6527197e+13
       38.261496   3.5988843e+13
       38.276728   3.5576330e+13
       38.292912   3.5907676e+13
       38.309096   3.5566473e+13
       38.324456   3.5956546e+13
       38.340481   3.6124299e+13
       38.356682   3.5915928e+13
       38.372168   3.5847380e+13
       38.388056   3.5454442e+13
       38.404244   3.5535506e+13
       38.419896   3.5577418e+13
       38.435636   3.4939790e+13
       38.451376   3.5252960e+13
       38.467434   3.4924341e+13
       38.483856   3.5061333e+13
       38.499423   3.4707546e+13
       38.515624   3.4711706e+13
       38.531600   3.4508928e+13
       38.547026   3.4222256e+13
       38.563096   3.4489284e+13
       38.578411   3.4490649e+13
       38.594612   3.3960684e+13
       38.610813   3.4389907e+13
       38.627014   3.3749483e+13
       38.643215   3.4381450e+13
       38.658568   3.4406584e+13
       38.674603   3.3692053e+13
       38.690814   3.3859806e+13
       38.707019   3.3183028e+13
       38.723880   3.3535348e+13
       38.740421   3.3738058e+13
       38.756056   3.3361899e+13
       38.771797   3.3273777e+13
       38.788015   3.2518697e+13
       38.803800   3.2919956e+13
       38.819426   3.2921320e+13
       38.835627   3.3023357e+13
       38.851544   3.2321410e+13
       38.867029   3.1892119e+13
       38.883230   3.1942421e+13
       38.899288   3.2714212e+13
       38.914632   3.2894550e+13
       38.930768   3.2048585e+13
       38.946016   3.1664037e+13
       38.961248   3.2177155e+13
       38.977404   3.1486394e+13
       38.992758   3.1826131e+13
       39.008821   3.1399636e+13
       39.025022   3.1462523e+13
       39.041169   3.1321267e+13
       39.057390   3.1175817e+13
       39.072984   3.1328191e+13
       39.088809   3.0767466e+13
       39.105010   3.1000937e+13
       39.121211   3.1068019e+13
       39.137412   3.0715630e+13
       39.153208   3.0503065e+13
       39.168797   2.9908783e+13
       39.184688   3.0709936e+13
       39.200428   3.0230309e+13
       39.217366   3.0282010e+13
       39.233416   3.0344897e+13
       39.248749   2.9912809e+13
       39.265050   3.0122511e+13
       39.282925   2.9789698e+13
       39.297437   2.9568743e+13
       39.312656   2.9514179e+13
       39.328756   2.9514145e+13
       39.344136   2.9419032e+13
       39.360141   2.9529459e+13
       39.375616   2.9374222e+13
       39.391526   2.9586720e+13
       39.407727   2.9583890e+13
       39.423328   2.9211926e+13
       39.439112   2.9060884e+13
       39.454808   2.8821753e+13
       39.470056   2.9144711e+13
       39.485288   2.9028624e+13
       39.500882   2.8642679e+13
       39.516784   2.8269317e+13
       39.532284   2.7961673e+13
       39.548277   2.8312596e+13
       39.563515   2.7942031e+13
       39.578887   2.8573999e+13
       39.595071   2.8511045e+13
       39.611272   2.7997861e+13
       39.627473   2.8127863e+13
       39.643674   2.8234096e+13
       39.658984   2.7720911e+13
       39.675059   2.7539108e+13
       39.691260   2.7730632e+13
       39.706728   2.7065040e+13
       39.722662   2.7179662e+13
       39.738224   2.7167045e+13
       39.754064   2.7175401e+13
       39.769720   2.6997793e+13
       39.785466   2.7122202e+13
       39.801667   2.6739053e+13
       39.817851   2.6614578e+13
       39.833706   2.6606155e+13
       39.849568   2.7025592e+13
       39.866471   2.6758497e+13
       39.882672   2.6354374e+13
       39.898856   2.7042272e+13
       39.915057   2.6196308e+13
       39.931241   2.6001921e+13
       39.947442   2.6389198e+13
       39.963626   2.5804704e+13
       39.978896   2.6088513e+13
       39.994128   2.6559684e+13
       40.008540   2.6194713e+13
       40.024396   2.5494165e+13
       40.039856   2.5487141e+13
       40.055781   2.5378046e+13
       40.071982   2.5134721e+13
       40.088166   2.5775079e+13
       40.104918   2.4815858e+13
       40.121568   2.5101065e+13
       40.137761   2.4868926e+13
       40.153960   2.5109389e+13
       40.169808   2.5017073e+13
       40.185372   2.4887004e+13
       40.201288   2.4471697e+13
       40.216774   2.4531788e+13
       40.232975   2.4793225e+13
       40.249048   2.4524731e+13
       40.264377   2.4424026e+13
       40.280561   2.4397427e+13
       40.296779   2.3857676e+13
       40.312040   2.3738794e+13
       40.328181   2.3372424e+13
       40.343536   2.4089685e+13
       40.359566   2.3738696e+13
       40.375767   2.3699513e+13
       40.391264   2.3710667e+13
       40.407169   2.3028297e+13
       40.422750   2.3208636e+13
       40.438564   2.3147081e+13
       40.454772   2.3084128e+13
       40.470956   2.3442044e+13
       40.487157   2.2888311e+13
       40.503341   2.2747057e+13
       40.519559   2.2972140e+13
       40.535480   2.2967913e+13
       40.550961   2.2401596e+13
       40.566976   2.2639264e+13
       40.582363   2.2857356e+13
       40.598472   2.2025375e+13
       40.613765   2.2306387e+13
       40.629966   2.2148354e+13
       40.646167   2.1986127e+13
       40.662351   2.2019653e+13
       40.678569   2.1953903e+13
       40.694770   2.1464490e+13
       40.710971   2.1566528e+13
       40.726445   2.1415487e+13
       40.742350   2.1190339e+13
       40.758557   2.1727228e+13
       40.774758   2.1486700e+13
       40.790959   2.1005676e+13
       40.806680   2.1342618e+13
       40.822361   2.1043364e+13
       40.838176   2.0956641e+13
       40.853746   2.0790220e+13
       40.869672   2.0896453e+13
       40.885165   2.0990103e+13
       40.901366   2.0655893e+13
       40.917567   2.0708994e+13
       40.933751   2.0644643e+13
       40.949952   2.0275477e+13
       40.966144   2.0117445e+13
       40.981392   1.9987377e+13
       40.997555   1.9967770e+13
       41.012874   2.0013880e+13
       41.028954   2.0050202e+13
       41.045141   1.9827851e+13
       41.060632   1.9995607e+13
       41.076560   1.9482424e+13
       41.092750   1.9384515e+13
       41.108369   1.9387280e+13
       41.124146   1.9197089e+13
       41.140347   1.9009693e+13
       41.156088   1.9213804e+13
       41.171732   1.9373170e+13
       41.187568   1.8903332e+13
       41.203117   1.8907495e+13
       41.219301   1.8896278e+13
       41.235296   1.8817945e+13
       41.250686   1.8911595e+13
       41.266792   1.8714412e+13
       41.282105   1.8587141e+13
       41.298306   1.8329834e+13
       41.314491   1.8515768e+13
       41.330690   1.8444426e+13
       41.346909   1.8298978e+13
       41.362280   1.8476522e+13
       41.377528   1.7974525e+13
       41.393512   1.7949325e+13
       41.409696   1.8340799e+13
       41.425897   1.7794058e+13
       41.441488   1.7745088e+13
       41.457282   1.7715694e+13
       41.473466   1.7717060e+13
       41.489216   1.7237435e+13
       41.504851   1.7195457e+13
       41.521052   1.7277921e+13
       41.537253   1.7426102e+13
       41.553192   1.7385522e+13
       41.568655   1.7258251e+13
       41.584685   1.7182715e+13
       41.600042   1.6775798e+13
       41.616168   1.6882032e+13
       41.631459   1.6848443e+13
       41.647660   1.6701597e+13
       41.663861   1.6684787e+13
       41.679176   1.6844154e+13
       41.695246   1.6862300e+13
       41.710656   1.6388267e+13
       41.726648   1.6021899e+13
       41.742849   1.6038646e+13
       41.758400   1.6466474e+13
       41.774251   1.5998035e+13
       41.790452   1.6112659e+13
       41.806128   1.5709936e+13
       41.821829   1.5928029e+13
       41.838011   1.5874865e+13
       41.853856   1.6039825e+13
       41.869406   1.5707015e+13
       41.885602   1.5521019e+13
       41.901556   1.5507005e+13
       41.916992   1.5216141e+13
       41.933048   1.5681722e+13
       41.948377   1.5162946e+13
       41.964528   1.5298544e+13
       41.979776   1.5129326e+13
       41.995946   1.5050994e+13
       42.012147   1.5305442e+13
       42.028331   1.4848188e+13
       42.044549   1.4922263e+13
       42.060000   1.4997737e+13
       42.075951   1.5057830e+13
       42.092152   1.4733409e+13
       42.107728   1.4789307e+13
       42.123537   1.4477470e+13
       42.139738   1.4582307e+13
       42.155939   1.4847940e+13
       42.172133   1.4592032e+13
       42.188330   1.4238248e+13
       42.204216   1.4095598e+13
       42.219726   1.4498258e+13
       42.235692   1.4247943e+13
       42.251097   1.4226939e+13
       42.267312   1.4049332e+13
       42.283496   1.3787832e+13
       42.299697   1.3952792e+13
       42.315898   1.3846496e+13
       42.331152   1.3938748e+13
       42.348200   1.3728983e+13
       42.364501   1.3659040e+13
       42.380702   1.3537363e+13
       42.396886   1.3418482e+13
       42.412392   1.3510735e+13
       42.428305   1.3261819e+13
       42.444506   1.3236620e+13
       42.460127   1.3093969e+13
       42.475874   1.3261726e+13
       42.491608   1.3289660e+13
       42.507276   1.3317594e+13
       42.523096   1.3078466e+13
       42.538678   1.2766629e+13
       42.554592   1.2762404e+13
       42.569840   1.2601576e+13
       42.585281   1.2604342e+13
       42.601336   1.2618294e+13
       42.616683   1.2511997e+13
       42.632884   1.2692339e+13
       42.649085   1.2714680e+13
       42.665286   1.2257427e+13
       42.680576   1.2285361e+13
       42.696671   1.2149702e+13
       42.712872   1.2239158e+13
       42.729056   1.2130066e+13
       42.744536   1.2236301e+13
       42.760418   1.1970606e+13
       42.776004   1.2237638e+13
       42.791826   1.1702084e+13
       42.808027   1.1918780e+13
       42.824211   1.1865617e+13
       42.839976   1.1977445e+13
       42.855596   1.1370581e+13
       42.872138   1.1763454e+13
       42.888688   1.1795583e+13
       42.904182   1.1678101e+13
       42.920366   1.1448761e+13
       42.936416   1.1485085e+13
       42.951648   1.1360612e+13
       42.966952   1.1269696e+13
       42.983136   1.1328391e+13
       42.999338   1.0987192e+13
       43.014639   1.1057074e+13
       43.030756   1.0947981e+13
       43.046957   1.0918588e+13
       43.062356   1.1096133e+13
       43.079063   1.0791288e+13
       43.094848   1.0926887e+13
       43.110727   1.0736697e+13
       43.126911   1.0567480e+13
       43.143112   1.0849893e+13
       43.158808   1.0449968e+13
       43.174514   1.0524044e+13
       43.190320   1.0347837e+13
       43.205916   1.0333824e+13
       43.221816   1.0230325e+13
       43.237301   1.0237286e+13
       43.253296   1.0272212e+13
       43.268703   1.0248412e+13
       43.284792   9.7645929e+12
       43.300105   1.0066581e+13
       43.316288   9.9365153e+12
       43.331536   9.9854234e+12
       43.346753   1.0039924e+13
       43.362890   9.9504075e+12
       43.378264   9.7000938e+12
       43.393512   9.8175153e+12
       43.409495   9.9279457e+12
       43.425696   9.8244464e+12
       43.441897   9.3937607e+12
       43.458071   9.7656607e+12
       43.474274   9.3391697e+12
       43.489968   9.5824323e+12
       43.505667   9.3894462e+12
       43.521448   9.2356107e+12
       43.537052   8.9055978e+12
       43.553236   9.3753742e+12
       43.569192   9.0621401e+12
       43.584655   8.8635611e+12
       43.600856   9.0648768e+12
       43.616936   9.1515374e+12
       43.632240   8.9124097e+12
       43.648425   8.9613180e+12
       43.664643   8.7151992e+12
       43.679912   8.8899485e+12
       43.696045   8.5809092e+12
       43.712246   9.0828451e+12
       43.727656   8.6829207e+12
       43.743606   8.4340055e+12
       43.759822   8.4801174e+12
       43.776016   8.1738747e+12
       43.792217   8.4786597e+12
       43.808401   8.4213025e+12
       43.824096   8.5205473e+12
       43.840244   8.2059153e+12
       43.856973   8.3331248e+12
       43.873149   8.2100506e+12
       43.889372   8.1443040e+12
       43.905288   8.2085931e+12
       43.920753   7.6017304e+12
       43.936755   8.0491353e+12
       43.952032   7.9931764e+12
       43.967360   7.5988451e+12
       43.983561   8.0420553e+12
       43.999762   7.7889456e+12
       44.015024   7.6826503e+12
       44.031164   7.7525324e+12
       44.046520   7.7986446e+12
       44.062566   7.5693048e+12
       44.078767   7.5175407e+12
       44.094951   7.3595109e+12
       44.111152   7.6964555e+12
       44.127336   7.2587792e+12
       44.143537   7.2307851e+12
       44.159208   7.5062075e+12
       44.174922   7.3202131e+12
       44.190688   7.5033522e+12
       44.206324   7.1943133e+12
       44.222519   7.1467439e+12
       44.238436   7.2068385e+12
       44.253915   7.0012689e+12
       44.269889   6.9215403e+12
       44.285312   7.0837059e+12
       44.301496   6.6949678e+12
       44.317671   6.7872218e+12
       44.332904   6.8599006e+12
       44.349115   6.9367741e+12
       44.366218   6.7479833e+12
       44.381648   6.6794407e+12
       44.397702   6.6989866e+12
       44.413886   6.7269220e+12
       44.430087   6.4332639e+12
       44.445608   6.5381021e+12
       44.461472   6.6834891e+12
       44.477656   6.6890528e+12
       44.493352   6.5086515e+12
       44.508592   6.5421799e+12
       44.524266   6.4274956e+12
       44.540096   6.3925106e+12
       44.555661   6.3477380e+12
       44.571576   6.3169477e+12
       44.587046   6.1547236e+12
       44.603056   6.1197386e+12
       44.618448   6.0777625e+12
       44.634552   6.1839991e+12
       44.649800   6.0483414e+12
       44.665051   5.8413738e+12
       44.681252   6.0133274e+12
       44.697436   5.8720768e+12
       44.713637   5.8356937e+12
       44.728995   5.7531689e+12
       44.745018   5.6580600e+12
       44.760488   5.6608275e+12
       44.776407   5.9166751e+12
       44.791968   5.7097076e+12
       44.807782   5.6901034e+12
       44.823440   5.5544458e+12
       44.839177   5.4159918e+12
       44.855361   5.4732904e+12
       44.871562   5.4998279e+12
       44.887746   5.4578520e+12
       44.903947   5.4550266e+12
       44.920131   5.2117052e+12
       44.936136   5.2550215e+12
       44.951516   5.3011343e+12
       44.967717   5.2297956e+12
       44.983901   5.1598551e+12
       45.000096   5.0563570e+12
       45.015328   5.2045408e+12
       45.031487   5.2520519e+12
       45.047671   5.1597397e+12
       45.063872   4.9919230e+12
       45.080073   4.8366903e+12
       45.095506   4.8464491e+12
       45.111453   4.8645974e+12
       45.127048   4.8715598e+12
       45.142877   4.8799204e+12
       45.158528   4.7498560e+12
       45.174262   4.7819866e+12
       45.190024   4.8812324e+12
       45.205664   4.7092211e+12
       45.221865   4.6840242e+12
       45.237768   4.8084382e+12
       45.253263   4.5189753e+12
       45.269248   4.8307525e+12
       45.284655   4.4993427e+12
       45.300870   4.5104999e+12
       45.317008   4.4167896e+12
       45.332272   4.3160882e+12
       45.348456   4.4670688e+12
       45.365596   4.4111108e+12
       45.381860   4.3257900e+12
       45.397245   4.3327526e+12
       45.413277   4.2767947e+12
       45.429461   4.4054036e+12
       45.445662   4.1816577e+12
       45.461846   4.2067974e+12
       45.477472   4.4095126e+12
       45.493265   4.1088640e+12
       45.509466   4.2234906e+12
       45.525216   4.2024886e+12
       45.540851   4.2360177e+12
       45.556696   3.9605373e+12
       45.572236   3.9199601e+12
       45.588176   3.9688698e+12
       45.603408   3.7465224e+12
       45.618822   4.0750787e+12
       45.635002   3.9715810e+12
       45.651174   3.8554993e+12
       45.667368   3.8778426e+12
       45.682616   3.9673011e+12
       45.698809   3.9323169e+12
       45.715011   3.7127659e+12
       45.731212   3.7253217e+12
       45.746608   3.6693640e+12
       45.762614   3.6609462e+12
       45.778815   3.5993956e+12
       45.794972   3.4497564e+12
       45.810590   3.6510736e+12
       45.826401   3.6286736e+12
       45.842602   3.4860256e+12
       45.858328   3.5125637e+12
       45.873987   3.5195266e+12
       45.890171   3.3223475e+12
       45.906056   3.4327797e+12
       45.921556   3.3502557e+12
       45.937774   3.3096787e+12
       45.953797   3.2886770e+12
       45.969161   3.2844541e+12
       45.985377   3.1781602e+12
       46.001528   3.1515656e+12
       46.016776   3.1515374e+12
       46.032963   3.2647661e+12
       46.049164   3.1472864e+12
       46.065365   3.2437363e+12
       46.080768   2.9794421e+12
       46.096767   3.0954673e+12
       46.112951   2.9989611e+12
       46.128496   3.0115171e+12
       46.144353   2.9136127e+12
       46.159992   3.0128592e+12
       46.175755   2.9051672e+12
       46.191488   2.8128557e+12
       46.207157   2.9442615e+12
       46.222984   2.9554194e+12
       46.238559   2.8854797e+12
       46.254476   2.8910446e+12
       46.269716   2.7931402e+12
       46.284976   2.8001034e+12
       46.300346   2.7707125e+12
       46.316564   2.5973036e+12
       46.332764   2.6448156e+12
       46.348949   2.8293543e+12
       46.365166   2.7985653e+12
       46.380448   2.6601123e+12
       46.396552   2.6754649e+12
       46.412739   2.4573126e+12
       46.428950   2.4768600e+12
       46.445155   2.5858942e+12
       46.461356   2.4963794e+12
       46.477557   2.6110066e+12
       46.493741   2.5103060e+12
       46.509942   2.4962958e+12
       46.526143   2.5801619e+12
       46.542337   2.4277267e+12
       46.558535   2.4836282e+12
       46.574746   2.4220781e+12
       46.590942   2.4010768e+12
       46.607135   2.3702878e+12
       46.623152   2.2010739e+12
       46.638550   2.2136302e+12
       46.654648   2.4401161e+12
       46.669952   2.3450085e+12
       46.686136   2.2233345e+12
       46.702337   2.2512714e+12
       46.717608   2.1268010e+12
       46.733722   2.1225785e+12
       46.749906   2.1169579e+12
       46.765336   2.2022224e+12
       46.781291   2.0399997e+12
       46.797492   2.1909812e+12
       46.813676   1.9770239e+12
       46.829312   1.9224651e+12
       46.845086   2.0301014e+12
       46.860800   1.9014363e+12
       46.876497   1.9573380e+12
       46.892304   1.9405315e+12
       46.907899   2.0971060e+12
       46.923800   1.8873434e+12
       46.939048   1.8845194e+12
       46.954502   1.8886865e+12
       46.970528   1.8173490e+12
       46.985904   1.7516045e+12
       47.002105   1.9417366e+12
       47.018288   1.7543458e+12
       47.033536   1.6913978e+12
       47.049691   1.7878483e+12
       47.065892   1.8535378e+12
       47.081248   1.7262711e+12
       47.097294   1.7108630e+12
       47.113483   1.5821980e+12
       47.129679   1.7094097e+12
       47.145250   1.6450635e+12
       47.161081   1.7065583e+12
       47.176752   1.4939995e+12
       47.192000   1.5051579e+12
       47.207701   1.6337678e+12
       47.223496   1.6001828e+12
       47.239086   1.5442261e+12
       47.254976   1.5637739e+12
       47.270488   1.5134102e+12
       47.286689   1.5399492e+12
       47.302890   1.5622935e+12
       47.318968   1.4895580e+12
       47.334216   1.3944508e+12
       47.349448   1.4545475e+12
       47.364696   1.3538474e+12
       47.380878   1.5272009e+12
       47.397079   1.4390849e+12
       47.413280   1.4306682e+12
       47.429468   1.4082692e+12
       47.445678   1.3900648e+12
       47.461168   1.3858429e+12
       47.477067   1.4109838e+12
       47.492648   1.4501070e+12
       47.508452   1.2669113e+12
       47.524636   1.2515035e+12
       47.540837   1.2850338e+12
       47.556608   1.3800864e+12
       47.572222   1.3115458e+12
       47.588406   1.2695716e+12
       47.604336   1.2094204e+12
       47.619791   1.1199063e+12
       47.635992   1.3366052e+12
       47.652046   1.3519586e+12
       47.667378   1.2652410e+12
       47.683595   1.2344527e+12
       47.699796   1.1938768e+12
       47.715041   1.0959733e+12
       47.731179   1.1253091e+12
       47.746536   1.1392643e+12
       47.762566   1.3196092e+12
       47.778016   1.1587854e+12
       47.793951   1.2021035e+12
       47.810152   9.9513794e+11
       47.826336   1.1167571e+12
       47.841976   1.2076152e+12
       47.857712   1.1991988e+12
       47.873913   1.1124813e+12
       47.890106   1.1124542e+12
       47.905936   1.1026396e+12
       47.921491   1.1795154e+12
       47.937692   1.1697007e+12
       47.953664   1.1081515e+12
       47.968912   1.0689739e+12
       47.984295   1.1220798e+12
       48.000407   1.0661235e+12
       48.015641   1.0101672e+12
       48.030888   9.8916676e+11
       48.047082   1.0394762e+12
       48.062368   1.0576263e+12
       48.078467   9.5972305e+11
       48.094651   1.1079088e+12
       48.110852   9.9462504e+11
       48.126344   9.7642109e+11
       48.142254   9.4283660e+11
       48.157840   1.0322966e+12
       48.173646   9.4977397e+11
       48.189849   9.6093295e+11
       48.205568   8.8260507e+11
       48.221242   1.0531626e+12
       48.237443   1.0475428e+12
       48.253644   9.0070153e+11
       48.269845   9.0486939e+11
       48.285804   1.0390729e+12
       48.301233   8.8244401e+11
       48.317431   9.3135538e+11
       48.333552   9.3971795e+11
       48.348850   9.6905404e+11
       48.365048   9.6063786e+11
       48.380296   8.9489414e+11
       48.396436   8.1097342e+11
       48.412654   9.1301763e+11
       48.428040   9.0599972e+11
       48.444056   8.8639772e+11
       48.459536   8.5700809e+11
       48.475441   8.8494605e+11
       48.491642   8.0941476e+11
       48.507826   9.1425554e+11
       48.524044   8.9325532e+11
       48.539760   8.2890992e+11
       48.555446   7.3799810e+11
       48.571647   8.5682122e+11
       48.587825   8.2183876e+11
       48.603725   8.2460856e+11
       48.619233   9.1686528e+11
       48.635434   7.3926307e+11
       48.651635   8.4130744e+11
       48.667728   7.7556387e+11
       48.683037   8.2307717e+11
       48.699208   7.4195308e+11
       48.714456   7.8387347e+11
       48.730606   7.8524514e+11
       48.746807   6.5098820e+11
       48.762991   6.6354575e+11
       48.779192   7.9774954e+11
       48.795393   7.6276716e+11
       48.811594   7.2918302e+11
       48.827795   6.9000596e+11
       48.843996   7.4870521e+11
       48.860197   7.1931580e+11
       48.875880   6.6895293e+11
       48.891573   6.0600594e+11
       48.907368   7.1224517e+11
       48.922967   7.1920984e+11
       48.939151   7.4155511e+11
       48.955096   6.8420109e+11
       48.970536   6.4222766e+11
       48.986754   7.6105097e+11
       49.002840   7.4144926e+11
       49.018088   6.0299776e+11
       49.033357   6.8267060e+11
       49.049541   6.4069722e+11
       49.064816   6.2808671e+11
       49.080064   7.3013130e+11
       49.095312   6.0146747e+11
       49.111345   7.1609617e+11
       49.126808   6.2658289e+11
       49.142747   6.9087522e+11
       49.158931   6.1534431e+11
       49.175122   6.0273385e+11
       49.190761   5.1601709e+11
       49.206517   6.1246881e+11
       49.222701   6.1663720e+11
       49.238902   5.7326565e+11
       49.255086   5.4527470e+11
       49.271287   5.7181481e+11
       49.287488   4.8230160e+11
       49.303689   5.6197458e+11
       49.319720   5.3817833e+11
       49.335091   6.5420538e+11
       49.351292   5.4931164e+11
       49.367448   6.1779882e+11
       49.382696   6.1217963e+11
       49.398861   6.2473750e+11
       49.415062   6.9322467e+11
       49.430408   5.0723349e+11
       49.446434   6.0788003e+11
       49.462618   5.9387149e+11
       49.478839   5.7287179e+11
       49.494400   6.2178373e+11
       49.510251   4.9032365e+11
       49.526452   5.8397907e+11
       49.542128   5.6297942e+11
       49.557837   4.7206811e+11
       49.574038   5.0699777e+11
       49.590239   5.4752037e+11
       49.606440   5.6986595e+11
       49.622368   4.7755644e+11
       49.637842   4.9151264e+11
       49.654026   4.7191128e+11
       49.670112   4.4531871e+11
       49.685445   5.0961132e+11
       49.701608   4.5785060e+11
       49.716856   5.0816089e+11
       49.733031   5.4029419e+11
       49.749232   5.1789638e+11
       49.764554   4.0461348e+11
       49.780614   4.7310082e+11
       49.796801   4.3392428e+11
       49.812296   5.3037630e+11
       49.828186   5.5551847e+11
       49.844404   5.5549242e+11
       49.860605   4.6178479e+11
       49.876806   4.7014817e+11
       49.893007   4.8130802e+11
       49.909191   4.2954743e+11
       49.925392   4.4769846e+11
       49.941576   4.0292905e+11
       49.957512   3.7214192e+11
       49.972983   4.8816928e+11
       49.989154   5.0632034e+11
       50.005256   4.9510852e+11
       50.020581   4.7830380e+11
       50.036751   4.6149904e+11
       50.051984   4.2651728e+11
       50.068200   3.4679208e+11
       50.083496   3.9570431e+11
       50.098728   3.9987313e+11
       50.114787   4.9492706e+11
       50.130224   3.4389201e+11
       50.145472   4.3894595e+11
       50.161390   4.3612360e+11
       50.176968   4.9062881e+11
       50.192792   5.1437290e+11
       50.208448   4.6401068e+11
       50.224177   4.2343608e+11
       50.239928   4.2201203e+11
       50.255579   4.5274728e+11
       50.271780   4.5272145e+11
       50.287981   3.7159812e+11
       50.304182   4.4987334e+11
       50.320168   4.5124579e+11
       50.335564   4.0368007e+11
       50.351634   4.5678715e+11
       50.366952   3.9104442e+11
       50.383136   3.5466461e+11
       50.399337   4.0217876e+11
       50.415521   4.1893181e+11
       50.431722   4.2729545e+11
       50.447088   3.7134041e+11
       50.463107   3.3356238e+11
       50.479291   3.8247482e+11
       50.494816   3.9363495e+11
       50.510676   3.5026403e+11
       50.526894   3.8099941e+11
       50.542560   3.4182318e+11
       50.558296   3.9493033e+11
       50.574497   3.4876295e+11
       50.590668   3.7530371e+11
       50.606515   4.4658791e+11
       50.622061   3.0673897e+11
       50.638254   2.9692567e+11
       50.654468   3.8359045e+11
       50.670669   4.0034359e+11
       50.686870   3.0803458e+11
       50.703071   3.4576123e+11
       50.719256   2.7582395e+11
       50.734488   3.8905522e+11
       50.750657   3.5547201e+11
       50.766841   4.4353509e+11
       50.783042   3.5961552e+11
       50.798448   2.5332425e+11
       50.814427   3.0083858e+11
       50.830611   2.7424659e+11
       50.846829   2.4765457e+11
       50.862440   2.9796538e+11
       50.878231   3.2730271e+11
       50.894432   2.9651603e+11
       50.910168   2.7551701e+11
       50.925810   4.3768648e+11
       50.941654   3.8452810e+11
       50.957219   3.4814851e+11
       50.973420   2.8939721e+11
       50.989408   3.2432752e+11
       51.004822   1.8308049e+11
       51.021006   2.7673662e+11
       51.037151   2.9209166e+11
       51.052408   2.9206617e+11
       51.068626   2.4869547e+11
       51.084827   2.9900638e+11
       51.100128   2.3745869e+11
       51.116212   3.3251306e+11
       51.132413   3.2409821e+11
       51.147872   2.7653285e+11
       51.163815   3.2544555e+11
       51.179368   2.2614559e+11
       51.195217   3.3797879e+11
       51.211392   2.1490890e+11
       51.227594   2.3026405e+11
       51.243786   3.2671673e+11
       51.259576   2.7216025e+11
       51.275171   2.8192251e+11
       51.291372   2.9028652e+11
       51.307556   2.3153538e+11
       51.323774   2.0354532e+11
       51.339975   3.3075915e+11
       51.356048   1.8671580e+11
       51.371377   3.0973494e+11
       51.387561   2.6916086e+11
       51.403762   1.9642741e+11
       51.419963   2.0898617e+11
       51.436149   1.4464213e+11
       51.452362   2.1452845e+11
       51.467768   2.5924658e+11
       51.483767   2.2985838e+11
       51.499951   2.2703664e+11
       51.516141   2.3400250e+11
       51.531722   2.3257901e+11
       51.547537   2.3115549e+11
       51.563721   2.2833377e+11
       51.579456   2.4229083e+11
       51.595123   1.7654862e+11
       51.610952   2.7439966e+11
       51.626525   1.1637409e+11
       51.642448   3.0371205e+11
       51.657927   2.4915573e+11
       51.673928   2.2256409e+11
       51.689176   2.1974240e+11
       51.704511   2.3929244e+11
       51.720657   1.7914321e+11
       51.735920   2.3504732e+11
       51.752116   1.1617232e+11
       51.768317   2.1402342e+11
       51.783648   2.1959119e+11
       51.799688   1.6643316e+11
       51.815124   1.9437266e+11
       51.831075   1.2163938e+11
       51.847265   1.7474709e+11
       51.862856   1.3557141e+11
       51.878656   2.6558194e+11
       51.894857   1.6907873e+11
       51.910568   1.8023948e+11
       51.926242   2.2915249e+11
       51.942426   1.5362282e+11
       51.958296   2.2490757e+11
       51.973811   1.6895316e+11
       51.989776   2.9616725e+11
       52.005196   2.9194747e+11
       52.021256   2.9611707e+11
       52.036581   1.9961394e+11
       52.052782   2.1077471e+11
       52.068966   1.1147512e+11
       52.084232   1.9394576e+11
       52.100370   1.8273483e+11
       52.115726   1.1699283e+11
       52.131787   1.5891476e+11
       52.147971   1.0156218e+11
       52.164172   1.8822758e+11
       52.180356   1.6023791e+11
       52.195936   2.1893866e+11
       52.211741   1.8255960e+11
       52.227416   8.0463582e+10
       52.243126   1.4615554e+11
       52.259327   2.2582980e+11
       52.275128   1.0276033e+11
       52.290729   1.6006286e+11
       52.306930   7.4745663e+10
       52.322888   1.2785353e+11
       52.338332   2.3409425e+11
       52.354368   2.1868874e+11
       52.369715   1.5154859e+11
       52.385833   1.5012542e+11
       52.401102   1.7247219e+11
       52.417286   1.4168614e+11
       52.433487   1.7102409e+11
       52.449671   1.7938858e+11
       52.465072   1.4720426e+11
       52.481090   1.3179877e+11
       52.497291   1.3317208e+11
       52.512816   1.1497014e+11
       52.528676   1.7227280e+11
       52.544877   2.2817721e+11
       52.560544   2.1277175e+11
       52.576279   1.6660517e+11
       52.592480   2.0992551e+11
       52.608288   1.9172360e+11
       52.623882   1.9309695e+11
       52.639768   1.8608094e+11
       52.655016   7.9790381e+10
       52.670448   1.4827896e+11
       52.686638   1.4685587e+11
       52.702728   1.9716743e+11
       52.718037   1.9854082e+11
       52.734221   1.7055135e+11
       52.750422   1.6633182e+11
       52.765704   1.4253704e+11
       52.781824   1.8166274e+11
       52.798025   9.4947487e+10
       52.814226   1.6343609e+11
       52.830427   1.8019008e+11
       52.845944   1.3402360e+11
       52.861829   1.3819350e+11
       52.877440   1.8431040e+11
       52.893231   1.6191389e+11
       52.908936   1.7726967e+11
       52.924608   1.4089087e+11
       52.940824   1.2129082e+11
       52.956674   1.7160245e+11
       52.972224   2.0233881e+11
       52.988437   1.2261479e+11
       53.004621   2.1766991e+11
       53.020656   8.2016580e+10
       53.036006   1.2533709e+11
       53.052207   1.4488762e+11
       53.068368   1.4905762e+11
       53.083616   1.9936929e+11
       53.099713   1.6998171e+11
       53.115969   1.3360295e+11
       53.132161   7.9047194e+10
       53.148362   2.5380161e+11
       53.163808   8.0396065e+10
       53.179747   1.3210599e+11
       53.195931   7.8948491e+10
       53.212132   1.2646373e+11
       53.228316   1.5999668e+11
       53.244016   1.8234374e+11
       53.259710   1.7253145e+11
       53.275909   1.5712623e+11
       53.292120   5.3632349e+10
       53.308008   1.0674055e+11
       53.323256   6.6167161e+10
       53.338706   8.2921347e+10
       53.354924   1.6539243e+11
       53.371000   9.4057932e+10
       53.386326   9.9626244e+10
       53.402496   8.9814000e+10
       53.417728   7.0214157e+10
       53.433912   9.9552444e+10
       53.449208   6.1775583e+10
       53.465297   9.3910346e+10
       53.481481   1.9036385e+11
       53.496924   1.4839228e+11
       53.512861   1.1341191e+11
       53.528432   5.6059760e+10
       53.544275   1.2874330e+11
       53.559921   1.7346219e+11
       53.575687   1.3848181e+11
       53.591871   8.8120898e+10
       53.607656   1.0347691e+11
       53.623256   1.6217817e+11
       53.639136   4.3303840e+10
       53.654641   1.0759804e+11
       53.670842   1.2015761e+11
       53.686848   1.3411544e+11
       53.702227   1.4248032e+11
       53.718428   1.4525227e+11
       53.734629   2.3581501e+10
       53.750830   5.4318120e+10
       53.766088   1.5496639e+11
       53.782232   8.9224947e+10
       53.798416   7.6616386e+10
       53.814617   8.6379531e+10
       53.830805   1.1292147e+11
       53.847014   1.1569346e+11
       53.862560   6.3934377e+10
       53.878421   1.1424629e+11
       53.894639   1.3519530e+11
       53.910312   7.7843296e+10
       53.926032   2.1889529e+10
       53.942242   1.0575905e+11
       53.958426   5.9592952e+10
       53.974296   1.4486072e+11
       53.989811   8.1915832e+10
       54.005792   3.5749693e+10
       54.021230   3.8521734e+10
       54.037288   1.0141779e+11
       54.052632   4.8260530e+10
       54.068784   1.4191772e+11
       54.084034   8.1769303e+10
       54.100235   2.5815587e+10
       54.116436   1.0129577e+11
       54.132622   1.0266961e+11
       54.148005   5.5105328e+10
       54.164022   1.1660319e+11
       54.180206   9.8401812e+10
       54.196407   5.6430452e+10
       54.212608   1.1932656e+11
       54.228809   5.6381718e+10
       54.245010   2.0037534e+11
       54.260728   9.8279989e+10
       54.276405   1.9954597e+10
       54.292586   6.6071960e+10
       54.308456   6.7445851e+10
       54.323981   1.3313848e+11
       54.339936   1.1353889e+11
       54.355366   4.7797642e+10
       54.371416   5.3366249e+10
       54.386751   1.2465183e+11
       54.402895   6.0308803e+10
       54.418119   8.6850941e+10
       54.434336   8.9623100e+10
       54.449608   3.0873042e+10
       54.465722   1.5529147e+11
       54.481104   7.8364368e+10
       54.497111   3.4994859e+10
       54.513320   7.9714025e+10
       54.528848   1.0485794e+11
       54.544727   8.1063700e+10
       54.560911   1.4535817e+11
       54.577112   4.1123770e+09
       54.593296   1.3831849e+11
       54.609497   6.2789659e+10
       54.625681   1.2009298e+11
       54.641882  -2.9757672e+09
       54.658066   5.4327559e+10
       54.674016   1.0463970e+11
       54.689468   4.0296749e+10
       54.705666   1.0039653e+11
       54.721855   9.3381133e+10
       54.738071   1.2831273e+11
       54.754272   6.9562700e+10
       54.769520   7.3733181e+10
       54.785691   1.3942591e+11
       54.801892   7.5082990e+10
       54.818076   5.4085316e+10
       54.834277   1.5892858e+11
       54.850461  -1.7272934e+10
       54.865976   5.2614516e+10
       54.881846   3.4413325e+10
       54.898047   2.8796208e+10
       54.913704   1.1406423e+11
       54.929946   7.3491301e+10
       54.946200   7.3467128e+10
       54.961851   6.7850027e+10
       54.978052   1.2235694e+11
       54.994231   1.0415578e+11
       55.010164   6.9175801e+10
       55.025408   6.9151673e+10
       55.040822   1.4596441e+10
       55.057006   8.5882198e+10
       55.073136   7.7468659e+10
       55.088391   2.9904629e+10
       55.104592   1.4873029e+11
       55.119848   6.3413979e+10
       55.135977   6.0593387e+10
       55.151344  -1.3537078e+10
       55.167379   1.6541261e+11
       55.183567   7.7299826e+10
       55.199083   8.1470414e+10
       55.214982   8.4242773e+10
       55.230568   4.2271709e+10
       55.246384   2.4070557e+10
       55.262585   6.7391680e+10
       55.278786   1.5825273e+11
       55.294980   2.1201815e+10
       55.310798   8.1301770e+10
       55.326372   5.4711265e+10
       55.342573   6.7271284e+10
       55.358552   7.1231971e+09
       55.373975   3.3665552e+10
       55.390048  -6.9072667e+09
       55.405377   7.5564411e+10
       55.421528   6.9947446e+10
       55.436776   3.2171104e+10
       55.452946   9.0872859e+10
       55.468256   4.8901825e+10
       55.484331   8.1037162e+10
       55.500532   5.7243163e+10
       55.515968   2.9254495e+10
       55.531917   2.7832229e+10
       55.548101   3.3401156e+10
       55.563696   8.5111746e+10
       55.579477  -2.0445599e+08
       55.595168   1.0324076e+11
       55.610871   1.2331631e+10
       55.627072   5.9847537e+10
       55.643237   5.2832390e+10
       55.659103  -1.2908560e+10
       55.674641   1.2235656e+10
       55.690842   5.1362178e+10
       55.706848   1.3243572e+11
       55.722227   4.4323054e+10
       55.738344   9.5384771e+08
       55.753629   4.9868014e+10
       55.769830   5.5436965e+10
       55.785088   5.6811221e+10
       55.801232   2.0433193e+10
       55.817433   6.0957976e+10
       55.832832   7.2119872e+10
       55.848835   7.7688840e+10
       55.864328  -3.1397284e+10
       55.880226   9.5817950e+10
       55.896414   3.0077077e+10
       55.912639   6.6407156e+10
       55.928320   6.9179675e+10
       55.944041   4.8182238e+10
       55.959816   4.3963600e+10
       55.975426   4.6736153e+10
       55.991296   2.5738727e+10
       56.006828   5.7874152e+10
       56.022792   8.0221951e+10
       56.038230   1.2214501e+11
       56.054288   1.2911226e+11
       56.069630   8.5743120e+10
       56.085753   3.9577546e+10
       56.101017   4.2350101e+10
       56.117201   4.0927985e+10
       56.133419  -2.4411640e+09
       56.148760   6.8844811e+10
       56.163995   9.5387337e+10
       56.180005   8.8372277e+10
       56.195499   8.1357221e+10
       56.211424  -5.3571066e+09
       56.227000   3.2371295e+10
       56.242826   4.0736809e+10
       56.258488  -4.4579276e+10
       56.274202  -8.2490730e+09
       56.290412   5.0452834e+10
       56.306224   6.8605991e+10
       56.321814   2.1042205e+10
       56.337720  -2.6521577e+10
       56.353216  -4.1737128e+09
       56.369216   8.2492867e+10
       56.384601  -1.1212566e+10
       56.400712   2.6515844e+10
       56.415959  -3.5030253e+10
       56.431204   8.2397462e+10
       56.447421   4.8816029e+10
       56.462659   1.1031446e+11
       56.477932   6.4148937e+10
       56.493168   8.1958121e+09
       56.509192   5.9906596e+10
       56.524648  -3.0376872e+09
       56.540577   1.2417768e+11
       56.556128   2.6277578e+10
       56.571962  -1.0100297e+10
       56.587608  -7.5841035e+10
       56.603364   2.3409659e+10
       56.619565   4.2961107e+10
       56.635766   7.0901955e+10
       56.651967   3.7320560e+10
       56.668151   4.8482644e+10
       56.684352   5.6848240e+10
       56.700553   9.4576730e+10
       56.716592   6.5190044e+10
       56.731953   5.3980388e+10
       56.748140   6.2345995e+10
       56.764357   1.1126036e+11
       56.780541   2.1744349e+09
       56.795816   4.5495872e+10
       56.811926   2.0303926e+10
       56.828127   7.9005930e+10
       56.844311   8.8769812e+10
       56.859776  -1.3324959e+10
       56.875684   4.2580612e+10
       56.891250  -1.3372469e+10
       56.907081   2.4356080e+10
       56.923282   1.1748224e+10
       56.939466   6.4857340e+10
       56.955216   3.9665393e+10
       56.970851   4.9429295e+10
       56.987069   6.0603004e+09
       57.003270  -6.3875091e+10
       57.019471   2.2791602e+10
       57.035668   5.9121914e+10
       57.051675   6.7487596e+10
       57.067074  -1.0837208e+10
       57.083275   9.5404755e+10
       57.099476   2.5469379e+10
       57.115677   7.2985566e+10
       57.131861   1.5634316e+10
       57.148062   4.0778782e+10
       57.164263   5.6135621e+10
       57.179672   5.8908366e+10
       57.195665   5.6088182e+10
       57.211866   3.2294508e+10
       57.228067   4.7651356e+10
       57.244251   4.7627670e+10
       57.259896   5.4595126e+10
       57.275653   8.3934310e+10
       57.291854   6.5733579e+10
       57.307640   6.7108111e+10
       57.323250   2.2340960e+10
       57.339125   1.1131400e+10
       57.354658   5.8647623e+10
       57.370859   3.6252205e+10
       57.386880  -9.9131696e+09
       57.402128   5.4381855e+10
       57.417462   1.1012951e+10
       57.433646   9.7679730e+10
       57.449847  -3.0167172e+09
       57.466048  -3.5199752e+10
       57.481352   1.5112955e+10
       57.497450   2.0682212e+10
       57.513651  -3.1114184e+09
       57.529852   3.3218966e+10
       57.545344   5.8363491e+10
       57.561254   1.0122773e+09
       57.577455   6.3909093e+10
       57.593088   8.0664227e+10
       57.608857   3.7377595e+09
       57.625033   9.3201031e+10
       57.641232   9.7372075e+10
       57.657426   1.7649173e+10
       57.673627   5.0414269e+09
       57.689811   3.8575392e+10
       57.706012   6.3923895e+09
       57.722196  -7.1932271e+10
       57.738397   8.0451470e+10
       57.754581   1.7507375e+10
       57.770782   3.4262531e+10
       57.786966   6.0805344e+10
       57.803151   5.9383477e+10
       57.819349   9.0234856e+09
       57.834696  -5.9513556e+10
       57.850736   4.2533840e+10
       57.866937   1.1661656e+11
       57.882408   1.3123724e+10
       57.898322  -3.5838049e+10
       57.913894   5.2227001e+10
       57.929717   2.5636957e+10
       57.945400   5.9170929e+10
       57.961126  -3.7731649e+09
       57.977327   3.1159044e+10
       57.993511   7.5878909e+10
       58.009376  -1.1570260e+11
       58.024913   2.1300610e+10
       58.041114  -9.4841190e+09
       58.057120   4.7819825e+10
       58.072516   1.2840401e+10
       58.088717   9.2516074e+10
       58.104918  -8.1802913e+09
       58.121112  -1.6593285e+10
       58.136360   2.6728339e+10
       58.152521   1.1324184e+10
       58.168722   2.1088222e+10
       58.184088  -8.2982333e+09
       58.200124   6.2988030e+10
       58.215588   4.8982115e+10
       58.231521  -9.7672502e+09
       58.247096   4.6138482e+10
       58.262911   4.3318459e+10
       58.278576   4.0498414e+10
       58.294296   5.7253655e+10
       58.310072   6.4221218e+10
       58.325715  -1.5193018e+09
       58.341568  -4.4888094e+10
       58.357117   1.2415882e+10
       58.373048  -1.9767019e+10
       58.388519   1.9359908e+10
       58.404560   1.3743410e+10
       58.419921  -1.0373172e+11
       58.436056  -1.8463075e+10
       58.451306  -1.2893681e+10
       58.467507   3.1826210e+10
       58.482784   1.5023856e+10
       58.498894  -1.7784959e+09
       58.515107   9.3838109e+09
       58.531311   4.2917845e+10
       58.546776  -2.7017352e+10
       58.562696   5.5454861e+10
       58.578914  -2.8462687e+10
       58.595115   4.7018340e+10
       58.610768  -1.8722153e+10
       58.626517   2.8794219e+10
       58.642248   5.3938891e+10
       58.657902   2.8747156e+10
       58.673728  -1.7418046e+10
       58.689287   1.0000997e+11
       58.705471  -2.0845397e+09
       58.721672   6.7803566e+10
       58.737688   7.6169452e+10
       58.753057  -1.1942755e+10
       58.769241  -3.5768664e+09
       58.785432  -5.1140341e+10
       58.800664  -2.8792147e+10
       58.816860   5.7874762e+10
       58.833062   4.6665370e+10
       58.848408   5.5031264e+10
       58.864447   1.4458985e+10
       58.880631   3.2612512e+10
       58.896832   3.2260980e+09
       58.913016  -5.8319646e+10
       58.929217  -1.2201483e+10
       58.945401   1.0942128e+11
       58.961602   6.7450777e+10
       58.977786   1.9887366e+10
       58.993987  -2.3481370e+10
       59.010171   2.6831523e+10
       59.026372  -3.7510704e+10
       59.042556   1.6163283e+09
       59.058536  -3.0566540e+10
       59.073938   3.6525152e+10
       59.090127   2.3917546e+10
       59.106248  -5.3008746e+10
       59.121527   4.0649349e+10
       59.137711   1.2591807e+11
       59.152976   2.9416498e+10
       59.169096  -1.3681053e+09
       59.184472   1.9581860e+10
       59.200501   2.5151288e+10
       59.215964  -3.4996227e+10
       59.231917  -2.1037399e+10
       59.247448   8.6603058e+10
       59.262696   4.8827272e+10
       59.278486  -3.0895475e+10
       59.294176  -9.9454789e+09
       59.309871   6.6933858e+10
       59.325656   5.3881166e+09
       59.341256   8.6462154e+10
       59.357136  -9.9526311e+10
       59.372636   1.9300015e+10
       59.388604   5.2941954e+09
       59.404026   8.4970003e+10
       59.420096   2.4507743e+09
       59.435411  -2.4139114e+10
       59.451612   4.9943740e+10
       59.467813  -6.3336610e+10
       59.483072   1.7737410e+10
       59.499215  -1.8613352e+09
       59.515416  -1.4468916e+10
       59.530816   7.2198038e+10
       59.546801   3.1625827e+10
       59.562296   2.0416481e+10
       59.578186   5.6747079e+10
       59.594387   3.4351872e+10
       59.610008   1.6151389e+10
       59.625789   4.1296077e+10
       59.641990   1.0139661e+11
       59.658184   4.4045586e+10
       59.674006   6.2698206e+09
       59.689576  -3.1505919e+10
       59.705777   1.4612290e+10
       59.721728   2.1580003e+10
       59.737146   1.4565364e+10
       59.753287   1.1745424e+10
       59.769457   7.5272519e+09
       59.784765  -2.2838512e+09
       59.800966  -4.1457844e+10
       59.817167   1.4447999e+10
       59.833351   1.5822785e+10
       59.849569   1.3185262e+11
       59.865770   1.0182888e+10
       59.881971  -3.7380499e+10
       59.898172  -2.4819872e+10
       59.914356   1.7103670e+10
       59.929936   5.7628955e+10
       59.945758   4.2224926e+10
       59.961950   3.8006760e+10
       59.978151   4.4257045e+09
       59.994361  -3.0553584e+10
       60.010176  -6.2736405e+10
       60.025746   4.3505852e+10
       60.041964  -2.2234582e+10
       60.057920   5.0450063e+10
       60.073168   1.2674311e+10
       60.088567   4.2614499e+09
       60.104751  -1.5337249e+10
       60.120896   4.6161534e+10
       60.136153  -9.7912432e+09
       60.152354   1.9548185e+10
       60.168555   1.6728257e+10
       60.183888  -1.4722319e+09
       60.199957  -3.9247981e+10
       60.215384  -1.1306784e+10
       60.230632   4.7395536e+10
       60.246548  -4.3513062e+10
       60.262122   1.3124259e+11
       60.277962   8.1746344e+09
       60.293608   1.7938829e+10
       60.309364   2.7702975e+10
       60.325120   1.1130915e+09
       60.340766  -1.4290929e+10
       60.356616   3.0429064e+10
       60.372151   3.4600328e+10
       60.388352   9.4086783e+09
       60.404453   4.7137532e+10
       60.420260  -4.6205670e+09
       60.435940   7.9249947e+10
       60.452155   3.8677736e+10
       60.468340  -9.4177845e+10
       60.484541  -4.7143739e+09
       60.500742  -7.6047708e+10
       60.516064  -5.6659037e+08
       60.532144  -4.1138801e+10
       60.549116  -1.8790533e+10
       60.564804  -2.0212223e+10
       60.580747   2.5906005e+10
       60.596931  -1.7462647e+10
       60.613132   7.3399033e+10
       60.629316   7.7570299e+10
       60.645016  -6.3471310e+09
       60.660701   1.0408231e+10
       60.676902   6.3517623e+10
       60.692728   8.0272984e+10
       60.708304   1.5930790e+10
       60.724505  -1.9048489e+10
       60.740488  -3.8647207e+10
       60.755907  -2.7484801e+10
       60.771968  -1.4924138e+10
       60.787292   2.4202924e+10
       60.803493  -4.7130410e+10
       60.819694   5.9789810e+09
       60.834945   5.0698975e+10
       60.851094  -7.2368976e+10
       60.867297   1.8492702e+10
       60.883481   1.6904734e+09
       60.898936   2.5436973e+10
       60.914866   3.3802936e+10
       60.930416  -1.0184911e+11
       60.946251   1.1384316e+10
       60.961896   8.5643908e+09
       60.977128   6.7266736e+10
       60.992837  -2.2243628e+10
       61.009021   1.5028952e+09
       61.024856   1.4063530e+10
       61.040406   2.3827724e+10
       61.056336   1.4016633e+10
       61.071568  -4.6130818e+10
       61.086992  -2.2384321e+10
       61.103048  -6.1558279e+10
       61.118376  -8.4488922e+09
       61.134513  -2.2454659e+10
       61.149776   1.4391159e+11
       61.165946   6.8613288e+09
       61.182147  -9.1038436e+10
       61.197488   7.8124301e+10
       61.212736  -1.6978999e+10
       61.227968  -1.0648934e+11
