       20.012800   1.4248449e+11
       20.030859   1.9979963e+11
       20.043710   1.0548237e+11
       20.060864  -8.5052844e+10
       20.078000  -1.1881375e+11
       20.092295   9.7487022e+09
       20.111100   1.0632966e+10
       20.125000   2.0516096e+10
       20.142386  -2.5298431e+10
       20.159734  -5.1080089e+10
       20.174725   5.8959143e+09
       20.192360  -5.8047270e+09
       20.207060   1.1319908e+11
       20.222332   6.1903266e+10
       20.238959   6.5510195e+10
       20.253720   6.4901014e+10
       20.269227  -6.3710888e+10
       20.285775   1.2099658e+11
       20.301084   1.7763277e+11
       20.317640   1.3737176e+10
       20.332888   3.9327989e+10
       20.348510   1.9148667e+11
       20.365220   1.1378120e+11
       20.379800   2.1608529e+11
       20.396847   7.3634272e+10
       20.412060   5.7511958e+10
       20.426384  -4.2767004e+10
       20.444328  -4.8236926e+10
       20.458975   1.5927963e+11
       20.475724   2.6021170e+11
       20.492090   5.1298536e+10
       20.506845   1.1802126e+11
       20.523825   1.3333630e+11
       20.538792   1.2127832e+11
       20.554440   1.7773708e+11
       20.571594   1.9192819e+11
       20.587275   7.3208355e+10
       20.603322   3.3688515e+11
       20.619474   1.9609089e+11
       20.634536  -9.6208211e+10
       20.652049   5.6473632e+10
       20.668000   1.0556354e+11
       20.683857   2.4308573e+11
       20.701323   1.0924363e+10
       20.715944   9.3951419e+09
       20.733099   3.8861826e+10
       20.750225   2.5815560e+11
       20.764520   8.1777470e+10
       20.782480   1.3943098e+11
       20.797110   1.5656243e+10
       20.813886  -3.1141793e+10
       20.831040   1.5602969e+11
       20.846728   5.4476181e+10
       20.864015  -2.7861477e+11
       20.878932   3.9612115e+10
       20.895800   3.0217001e+10
       20.913248  -5.1843949e+10
       20.928952   1.4420699e+11
       20.945550   5.1399922e+10
       20.962045  -2.1852229e+10
       20.977745   1.0170529e+11
       20.995231  -2.1121555e+10
       21.011148   4.5456455e+10
       21.027047  -8.2654232e+10
       21.044475  -5.8307120e+10
       21.059242  -6.7980233e+10
       21.077120  -4.8938362e+10
       21.092368  -1.1563155e+11
       21.107616  -1.9236422e+11
       21.124722   6.8079000e+10
       21.139230  -5.2729854e+10
       21.156030   1.5441415e+11
       21.172396   5.4194902e+10
       21.187100   2.1514564e+10
       21.204167  -7.4700940e+10
       21.219675   1.2011637e+11
       21.235764  -5.1467114e+10
       21.251800   6.0620969e+10
       21.267048   1.3182684e+10
       21.284100   1.0723624e+11
       21.301114   3.2556853e+10
       21.316109   1.1417617e+11
       21.331695   3.0833454e+09
       21.345990   1.2036526e+11
       21.360942  -1.4147790e+10
       21.377408   5.5738555e+10
       21.391250   8.6860603e+09
       21.408248  -1.6772369e+10
       21.423450  -2.4323982e+10
       21.437760  -6.7476749e+10
       21.455803   4.5828156e+10
       21.469460   7.5526376e+10
       21.485331   7.3347961e+10
       21.501515   2.3643980e+09
       21.516220   1.2207340e+10
       21.533300   1.3427396e+11
       21.548810   9.8961172e+10
       21.564926   2.2998072e+09
       21.580951   4.9316714e+10
       21.596200   8.6737671e+10
       21.612370   8.8716460e+10
       21.628270   1.3100212e+11
       21.643678   9.9097522e+10
       21.660184   1.0013586e+11
       21.675432   9.5347093e+10
       21.691140   1.0870205e+10
       21.707745  -1.8379280e+09
       21.722448   8.4938763e+10
       21.739513   1.5696378e+09
       21.755630   1.1928797e+11
       21.769925  -4.2081077e+10
       21.788012   1.3432879e+11
       21.801600  -4.5897854e+10
       21.818354   5.6272363e+10
       21.833880  -2.0873542e+10
       21.849903   8.0973938e+10
       21.866816   6.2623906e+10
       21.881965   5.7062152e+10
       21.897499   1.9972117e+10
       21.913690  -2.0936749e+10
       21.929891  -2.8716141e+10
       21.946075   1.3515344e+11
       21.961864  -3.3512957e+10
       21.978258  -8.3545579e+09
       21.995360   5.1805228e+10
       22.010320   1.3404414e+11
       22.025320   1.4048264e+11
       22.041702   5.4505969e+10
       22.055628   4.7877123e+10
       22.072485   8.1816452e+10
       22.086832   5.2903543e+10
       22.102095   5.9026699e+10
       22.120184   4.8477399e+10
       22.133739   1.9411927e+10
       22.150534   3.2781466e+10
       22.166841   4.0569629e+10
       22.182284  -2.0013373e+10
       22.198240   6.7118440e+10
       22.214441  -6.5559016e+10
       22.230642   1.1961308e+09
       22.246843  -6.8744417e+10
       22.262512   3.3048977e+10
       22.278730  -5.5408488e+10
       22.294570   7.5562259e+09
       22.309630   1.3698860e+11
       22.325831  -3.4636863e+10
       22.341425   1.5570784e+11
       22.356482  -2.1489757e+10
       22.373434   4.6932543e+10
       22.389635  -7.8579352e+10
       22.405836   3.9684143e+10
       22.421960  -3.4137660e+10
       22.437234   6.5369100e+09
       22.454370  -8.2035549e+09
       22.469689   5.6463428e+10
       22.485822   1.8945725e+11
       22.501997  -9.3101677e+10
       22.516628  -2.2914283e+10
       22.533125   9.3439351e+10
       22.548928   1.9560207e+10
       22.564176  -4.3242278e+10
       22.580602   1.9538346e+10
       22.596672   8.2315218e+10
       22.612373   9.1529427e+10
       22.628124   4.9028170e+10
       22.643800  -3.7800742e+10
       22.660372  -8.2793206e+09
       22.676605   6.4649036e+09
       22.691671   1.0062256e+11
       22.708171   1.5631877e+10
       22.722970  -1.2107281e+11
       22.739886   7.6504698e+10
       22.755105  -5.0968428e+10
       22.770432   6.1650449e+10
       22.787586   2.0977988e+10
       22.801950  -2.3389165e+10
       22.818011   2.4586403e+10
       22.835030   5.2245678e+10
       22.850608  -1.2439330e+10
       22.868046  -8.2665501e+10
       22.883390  -3.8386226e+10
       22.898965  -4.3972897e+10
       22.915166  -6.9875614e+10
       22.931350  -3.8525637e+10
       22.947551  -2.9338486e+10
       22.963280   5.3723286e+10
       22.978953  -4.0514935e+10
       22.995154   3.7620270e+09
       23.010725  -3.5070407e+10
       23.025824   4.0603019e+10
       23.042516  -7.7645131e+10
       23.057741   7.2623938e+09
       23.072930   1.2754402e+10
       23.088343  -2.6078688e+10
       23.104576  -1.0369610e+11
       23.121730   3.3735704e+09
       23.136070  -1.4627192e+11
       23.151240   5.1226224e+09
       23.167260   3.4623582e+10
       23.182704   4.9349603e+10
       23.199464  -5.7817949e+10
       23.214500   1.4161063e+10
       23.230101  -4.8681584e+10
       23.245680  -2.2874353e+10
       23.260928  -2.2923365e+10
       23.276160  -2.4819184e+10
       23.290496  -7.1040004e+10
       23.305923  -5.2620258e+10
       23.323653   3.9674361e+10
       23.340802   1.2458152e+11
       23.357935  -1.5829551e+10
       23.374611   9.4933855e+10
       23.390258   6.9457164e+08
       23.407278   7.2673737e+10
       23.423392   1.7218811e+10
       23.438680   5.2260612e+10
       23.454881   1.2423987e+11
       23.469175   5.9914677e+09
       23.485266   6.8736437e+10
       23.500616   1.5128547e+10
       23.515060   7.6924756e+09
       23.530869   1.8863731e+11
       23.545650   8.1470262e+10
       23.560624   1.2574664e+11
       23.575872   1.4885921e+10
       23.590550   8.5018625e+10
       23.606414   7.5735898e+10
       23.622592   1.4032811e+11
       23.637839   5.7170607e+10
       23.653080   1.2176290e+11
       23.668010   2.3437377e+11
       23.682305   1.5306325e+11
       23.696840   2.5643990e+11
       23.712667   1.1418270e+11
       23.730465   1.6584708e+11
       23.746666   1.8426776e+11
       23.762950   1.7867920e+11
       23.781045   1.6200940e+11
       23.795340   1.9151142e+11
       23.811453   1.8407605e+11
       23.828516   1.4155017e+11
       23.844040   1.3042113e+11
       23.860056   2.1717632e+11
       23.875520   2.4298484e+11
       23.891458   1.9122470e+11
       23.907627   1.9856453e+11
       23.922102   3.0194170e+11
       23.936528   3.1482222e+11
       23.950804   2.2797173e+11
       23.965024   3.4612399e+11
       23.979488   3.0359849e+11
       23.993170   2.2413559e+11
       24.008351   3.9954098e+11
       24.025250   3.0160950e+11
       24.041654   3.9759949e+11
       24.058635   2.8858686e+11
       24.074836   2.5529593e+11
       24.091037   4.2700777e+11
       24.107224   4.2880747e+11
       24.122472   3.4565114e+11
       24.138640   4.4533510e+11
       24.154841   4.4344118e+11
       24.171025   4.8587226e+11
       24.188022   3.6023799e+11
       24.202969   6.1321242e+11
       24.218640   4.7834391e+11
       24.234846   4.3951275e+11
       24.251030   3.9329420e+11
       24.266688   4.7266288e+11
       24.280944   5.3910350e+11
       24.295184   5.2612869e+11
       24.311638   5.3346950e+11
       24.329390   5.1680102e+11
       24.346852   4.1148276e+11
       24.364420   5.4625785e+11
       24.380834   6.0346434e+11
       24.397970   6.2742723e+11
       24.414904   6.3476822e+11
       24.430224   6.6057800e+11
       24.446375   5.4971935e+11
       24.460670   7.1404456e+11
       24.477740   6.8260150e+11
       24.494013   7.3796133e+11
       24.509389   6.3818406e+11
       24.525430   6.5475971e+11
       24.540888   7.6921958e+11
       24.557510   8.6705770e+11
       24.573368   8.3007420e+11
       24.588616   7.7277515e+11
       24.604418   1.0183630e+12
       24.620619   7.0988957e+11
       24.636360   7.4493420e+11
       24.652021   9.1295360e+11
       24.667475   9.7385455e+11
       24.682083   1.0384492e+12
       24.697595   1.0180879e+12
       24.714256   9.1646421e+11
       24.732009   1.0567807e+12
       24.748340   1.0475007e+12
       24.765494   1.1564205e+12
       24.782594   1.0972751e+12
       24.798779   1.2006543e+12
       24.814979   1.2874118e+12
       24.832074   1.2855194e+12
       24.847520   1.3408802e+12
       24.863566   1.3537629e+12
       24.879000   1.2318241e+12
       24.894951   1.4035378e+12
       24.911152   1.3351582e+12
       24.926744   1.4329971e+12
       24.943116   1.4865112e+12
       24.959755   1.5307909e+12
       24.975481   1.4993490e+12
       24.991550   1.5824131e+12
       25.007595   1.6691710e+12
       25.022542   1.7651633e+12
       25.038464   1.7798932e+12
       25.053944   1.7576858e+12
       25.069957   1.7336316e+12
       25.085194   1.8462458e+12
       25.100530   2.0493569e+12
       25.116704   2.0548526e+12
       25.131952   2.0769703e+12
       25.149100   2.2782345e+12
       25.164448   2.2172431e+12
       25.179696   2.3631013e+12
       25.194944   2.4240034e+12
       25.211716   2.3242277e+12
       25.228155   2.4405361e+12
       25.244333   2.5549976e+12
       25.260527   2.5881968e+12
       25.277314   2.7876145e+12
       25.294468   2.6176579e+12
       25.311143   2.7081102e+12
       25.327776   2.8151844e+12
       25.344160   3.0312241e+12
       25.359740   3.0330267e+12
       25.375918   3.1973541e+12
       25.392131   3.1788412e+12
       25.408315   3.3782591e+12
       25.424368   3.4096118e+12
       25.439700   3.5370019e+12
       25.455848   3.6588514e+12
       25.471090   3.5535358e+12
       25.488244   3.6162854e+12
       25.503560   3.8489473e+12
       25.518808   3.9763375e+12
       25.534855   3.9208876e+12
       25.551842   4.2144963e+12
       25.568274   4.2421555e+12
       25.585150   4.1811650e+12
       25.600420   4.3473397e+12
       25.615280   4.6095518e+12
       25.630528   4.5928864e+12
       25.646245   4.6297802e+12
       25.662017   5.0064984e+12
       25.677654   5.0267704e+12
       25.693865   5.5013728e+12
       25.709768   5.5752042e+12
       25.725016   5.5419171e+12
       25.740264   5.9334105e+12
       25.755512   5.9038172e+12
       25.770870   5.9591800e+12
       25.786945   6.1973831e+12
       25.801270   6.3598646e+12
       25.818424   6.5685178e+12
       25.835560   6.5426185e+12
       25.851858   6.8325341e+12
       25.868059   7.0430344e+12
       25.884260   6.7290232e+12
       25.900461   7.4529537e+12
       25.916645   7.3882703e+12
       25.932846   7.9182794e+12
       25.949020   7.5340873e+12
       25.965766   8.3577490e+12
       25.982415   8.3152282e+12
       25.998168   8.4333851e+12
       26.013400   8.4591986e+12
       26.029001   9.0612359e+12
       26.045185   9.4287206e+12
       26.061144   9.2125940e+12
       26.076604   9.3584542e+12
       26.092805   9.8293638e+12
       26.109006   9.8958086e+12
       26.125120   1.0486765e+13
       26.140391   1.0614157e+13
       26.156592   1.0734161e+13
       26.171864   1.0643622e+13
       26.187112   1.0913222e+13
       26.203195   1.1136652e+13
       26.218608   1.1267737e+13
       26.235320   1.1851306e+13
       26.251769   1.2226179e+13
       26.267330   1.2420058e+13
       26.283183   1.3188314e+13
       26.299384   1.3310166e+13
       26.315080   1.3317511e+13
       26.330328   1.3889999e+13
       26.345970   1.4185457e+13
       26.361808   1.4805964e+13
       26.377056   1.4907500e+13
       26.392573   1.5204804e+13
       26.408984   1.5446702e+13
       26.425760   1.6179868e+13
       26.441064   1.6641544e+13
       26.456476   1.6826190e+13
       26.473560   1.6977591e+13
       26.488808   1.7324761e+13
       26.504980   1.8301715e+13
       26.521181   1.8628569e+13
       26.538195   1.8720871e+13
       26.555360   1.9036645e+13
       26.571016   1.9055072e+13
       26.586968   2.0022791e+13
       26.603169   2.0695011e+13
       26.618760   2.0717132e+13
       26.634571   2.1391198e+13
       26.650240   2.1668188e+13
       26.665973   2.1952565e+13
       26.681752   2.2440097e+13
       26.697750   2.2981189e+13
       26.714248   2.2946058e+13
       26.729480   2.3817740e+13
       26.745194   2.4342210e+13
       26.761960   2.4704156e+13
       26.777346   2.5306195e+13
       26.793530   2.5402191e+13
       26.809688   2.6170449e+13
       26.824920   2.6377257e+13
       26.841100   2.6746591e+13
       26.856398   2.7034662e+13
       26.872501   2.7930354e+13
       26.888685   2.8440049e+13
       26.904128   2.8532352e+13
       26.920070   2.9337547e+13
       26.935608   2.9815846e+13
       26.951472   3.0046664e+13
       26.968242   3.0338429e+13
       26.984352   3.0849972e+13
       27.000550   3.2096570e+13
       27.016848   3.1773327e+13
       27.032460   3.3021771e+13
       27.048661   3.3215652e+13
       27.064845   3.4011614e+13
       27.081302   3.4464057e+13
       27.098072   3.4800147e+13
       27.113318   3.4934928e+13
       27.128554   3.5699493e+13
       27.143800   3.5982024e+13
       27.159051   3.6547126e+13
       27.175235   3.6713304e+13
       27.191436   3.7464941e+13
       27.206760   3.7588641e+13
       27.222821   3.8142662e+13
       27.238240   3.8480600e+13
       27.253504   3.8652319e+13
       27.268080   3.9095528e+13
       27.283000   3.9922886e+13
       27.297670   3.9503607e+13
       27.313540   4.0334659e+13
       27.331177   4.0678137e+13
       27.349265   4.0574673e+13
       27.367760   4.0485983e+13
       27.386138   4.1643932e+13
       27.402704   4.1464745e+13
       27.417948   4.1311415e+13
       27.432988   4.1357548e+13
       27.447601   4.1922651e+13
       27.463680   4.1379631e+13
       27.479003   4.2031537e+13
       27.495204   4.2628037e+13
       27.511405   4.1802446e+13
       27.526688   4.2456199e+13
       27.542790   4.2221607e+13
       27.558991   4.1691516e+13
       27.575175   4.1704404e+13
       27.591393   4.1881665e+13
       27.607594   4.1722795e+13
       27.623160   4.0937835e+13
       27.639584   4.0745721e+13
       27.655640   4.0193468e+13
       27.670888   3.9465761e+13
       27.686120   3.8756524e+13
       27.702157   3.7858905e+13
       27.718939   3.7144127e+13
       27.734848   3.6658361e+13
       27.750080   3.5363665e+13
       27.765328   3.4512219e+13
       27.780560   3.3348651e+13
       27.795808   3.1981927e+13
       27.810975   3.2148107e+13
       27.825288   3.0995620e+13
       27.840536   3.0447061e+13
       27.856708   2.9813545e+13
       27.872909   2.9394267e+13
       27.889940   2.9113504e+13
       27.906311   2.8138317e+13
       27.922495   2.8732971e+13
       27.938696   2.8121618e+13
       27.954880   2.7469634e+13
       27.971098   2.7277521e+13
       27.987299   2.7201761e+13
       28.003492   2.6850817e+13
       28.019239   2.6823076e+13
       28.034878   2.5975323e+13
       28.050718   2.6209838e+13
       28.065960   2.5966013e+13
       28.081191   2.6608686e+13
       28.096601   2.5921611e+13
       28.112856   2.5629767e+13
       28.129040   2.5398870e+13
       28.145241   2.5382211e+13
       28.161425   2.5252892e+13
       28.177626   2.5105104e+13
       28.192880   2.5339619e+13
       28.209011   2.4318261e+13
       28.225195   2.5247199e+13
       28.241396   2.4848237e+13
       28.257580   2.4726306e+13
       28.273088   2.4925730e+13
       28.288310   2.4319919e+13
       28.304159   2.4585830e+13
       28.320350   2.4628271e+13
       28.336551   2.4120343e+13
       28.352744   2.4325308e+13
       28.368936   2.4578292e+13
       28.385143   2.4607805e+13
       28.401355   2.3977984e+13
       28.417556   2.3835737e+13
       28.433740   2.4001918e+13
       28.449941   2.3298223e+13
       28.465875   2.3569676e+13
       28.480248   2.3253823e+13
       28.495480   2.3102343e+13
       28.510728   2.3490148e+13
       28.526895   2.3451327e+13
       28.543113   2.3251827e+13
       28.558472   2.3022778e+13
       28.573720   2.3318240e+13
       28.588956   2.3318203e+13
       28.604912   2.2928476e+13
       28.621118   2.3017089e+13
       28.637319   2.2675381e+13
       28.653520   2.3057646e+13
       28.669721   2.2802741e+13
       28.685905   2.3016941e+13
       28.701688   2.3207132e+13
       28.716920   2.2832180e+13
       28.731860   2.2776737e+13
       28.746709   2.3081434e+13
       28.762910   2.2767429e+13
       28.779294   2.2344459e+13
       28.796295   2.2881862e+13
       28.812408   2.2632498e+13
       28.827697   2.2865167e+13
       28.843898   2.2702606e+13
       28.860099   2.2709957e+13
       28.875386   2.2728389e+13
       28.892351   2.2949977e+13
       28.909490   2.2336779e+13
       28.925903   2.2839092e+13
       28.941392   2.3527938e+13
       28.956640   2.2368067e+13
       28.973124   2.2624746e+13
       28.989707   2.3326520e+13
       29.005908   2.2883235e+13
       29.021632   2.2798243e+13
       29.037310   2.3003209e+13
       29.052745   2.2886820e+13
       29.067695   2.3174896e+13
       29.083896   2.3298600e+13
       29.100320   2.3477711e+13
       29.117298   2.3509071e+13
       29.133352   2.3492414e+13
       29.148600   2.3512693e+13
       29.163900   2.3086030e+13
       29.180064   2.3446134e+13
       29.195327   2.3654795e+13
       29.211470   2.3082229e+13
       29.227656   2.3639948e+13
       29.243037   2.3560497e+13
       29.259824   2.3473658e+13
       29.275520   2.3621372e+13
       29.291441   2.3774627e+13
       29.307006   2.4583521e+13
       29.322836   2.4186408e+13
       29.339044   2.3907495e+13
       29.355713   2.4668370e+13
       29.372427   2.4515045e+13
       29.388234   2.4611046e+13
       29.403493   2.4588849e+13
       29.419049   2.3962724e+13
       29.435000   2.4516750e+13
       29.450448   2.4788205e+13
       29.466482   2.4339379e+13
       29.481853   2.4902640e+13
       29.498054   2.5257204e+13
       29.514240   2.4873020e+13
       29.529488   2.5004112e+13
       29.545640   2.5020699e+13
       29.560968   2.5620897e+13
       29.576200   2.5692890e+13
       29.591448   2.5271768e+13
       29.608140   2.5301283e+13
       29.625294   2.5779588e+13
       29.641795   2.5853428e+13
       29.657996   2.5297485e+13
       29.674180   2.5526462e+13
       29.690398   2.5387912e+13
       29.706599   2.6108157e+13
       29.722800   2.6025013e+13
       29.738995   2.6263224e+13
       29.755168   2.5716516e+13
       29.770859   2.6414599e+13
       29.785376   2.6673126e+13
       29.800777   2.6645388e+13
       29.816929   2.6390485e+13
       29.833190   2.6118961e+13
       29.849345   2.6682222e+13
       29.863625   2.6307273e+13
       29.879793   2.7127249e+13
       29.895112   2.6844643e+13
       29.912030   2.7256461e+13
       29.928396   2.6990477e+13
       29.943840   2.7444773e+13
       29.959088   2.7066131e+13
       29.974982   2.7261865e+13
       29.991183   2.7289534e+13
       30.007936   2.7282112e+13
       30.024576   2.7810283e+13
       30.040769   2.8142686e+13
       30.056551   2.8007830e+13
       30.071808   2.7653197e+13
       30.087040   2.7985599e+13
       30.102556   2.7976331e+13
       30.118520   2.8151750e+13
       30.133941   2.7647520e+13
       30.150000   2.8591237e+13
       30.165326   2.8833144e+13
       30.181510   2.8500673e+13
       30.197711   2.9422228e+13
       30.213895   2.9047279e+13
       30.230096   2.8326966e+13
       30.245440   2.9701005e+13
       30.261481   2.9167225e+13
       30.276920   2.9063767e+13
       30.292168   2.8952921e+13
       30.308050   2.9702717e+13
       30.324854   3.0129311e+13
       30.341426   2.9329582e+13
       30.357628   2.9652751e+13
       30.373837   2.9942676e+13
       30.390031   3.0400667e+13
       30.405862   3.0121756e+13
       30.421760   3.0485556e+13
       30.438368   3.0215880e+13
       30.453825   3.0875180e+13
       30.470026   3.1076455e+13
       30.486210   3.1669268e+13
       30.502344   3.2114330e+13
       30.517629   3.1659967e+13
       30.533830   3.1405066e+13
       30.549088   3.1597107e+13
       30.565232   3.1935052e+13
       30.580584   3.2550027e+13
       30.596634   3.2459497e+13
       30.612080   3.1831528e+13
       30.627305   3.2967321e+13
       30.643208   3.2666248e+13
       30.659421   3.2579412e+13
       30.675040   3.2945060e+13
       30.690806   3.2745565e+13
       30.706536   3.2908057e+13
       30.722201   3.2987439e+13
       30.738398   3.3582099e+13
       30.754610   3.4071487e+13
       30.770528   3.4058527e+13
       30.785995   3.3713129e+13
       30.802008   3.4204364e+13
       30.817397   3.4176629e+13
       30.833598   3.4071324e+13
       30.849752   3.5641133e+13
       30.865000   3.4713971e+13
       30.881201   3.4833985e+13
       30.897385   3.5421258e+13
       30.913603   3.5592984e+13
       30.929790   3.6328007e+13
       30.945236   3.5652019e+13
       30.961206   3.5683384e+13
       30.976720   3.5635333e+13
       30.992591   3.6331571e+13
       31.008775   3.6242889e+13
       31.024976   3.6737819e+13
       31.041177   3.6780265e+13
       31.056944   3.6843026e+13
       31.072579   3.7077547e+13
       31.088780   3.7197561e+13
       31.104981   3.7035005e+13
       31.121165   3.7854984e+13
       31.137168   3.8165226e+13
       31.152416   3.7987895e+13
       31.167768   3.8255659e+13
       31.183912   3.8251934e+13
       31.199180   3.8222352e+13
       31.216317   3.8231554e+13
       31.232554   3.8584275e+13
       31.248727   3.9084745e+13
       31.265754   3.8914802e+13
       31.282158   3.8791030e+13
       31.297632   3.9356141e+13
       31.313560   3.8862994e+13
       31.329128   3.9309906e+13
       31.344945   3.9810376e+13
       31.361146   4.0009807e+13
       31.376840   3.9466795e+13
       31.392974   4.0042988e+13
       31.409715   4.0310753e+13
       31.425916   3.9882247e+13
       31.441790   3.9946856e+13
       31.457024   4.0294037e+13
       31.472485   4.0378962e+13
       31.488703   4.0186856e+13
       31.504902   4.0508180e+13
       31.521089   4.1420504e+13
       31.537288   4.0742671e+13
       31.552520   4.0945795e+13
       31.568691   4.1562619e+13
       31.584000   4.1183980e+13
       31.600093   4.1171020e+13
       31.616254   4.1568067e+13
       31.632481   4.2129485e+13
       31.648696   4.1704673e+13
       31.664240   4.2212532e+13
       31.680674   4.2772103e+13
       31.696720   4.2701891e+13
       31.711968   4.2960423e+13
       31.727650   4.2803408e+13
       31.743448   4.3420232e+13
       31.759035   4.2842131e+13
       31.774928   4.3724904e+13
       31.790416   4.3996364e+13
       31.806608   4.3612184e+13
       31.822988   4.3292645e+13
       31.840023   4.3613970e+13
       31.856152   4.4232641e+13
       31.871400   4.4358198e+13
       31.886648   4.3680366e+13
       31.902827   4.4348902e+13
       31.918144   4.4365494e+13
       31.934229   4.4832722e+13
       31.950430   4.4939810e+13
       31.966631   4.5606500e+13
       31.982815   4.5634173e+13
       31.998384   4.4830754e+13
       32.014234   4.5961009e+13
       32.030435   4.5663632e+13
       32.046128   4.5986805e+13
       32.061820   4.6164074e+13
       32.077608   4.6219450e+13
       32.093199   4.5923921e+13
       32.109712   4.6163984e+13
       32.126336   4.6836215e+13
       32.141808   4.6636723e+13
       32.158009   4.7026383e+13
       32.174080   4.7971951e+13
       32.189328   4.7275651e+13
       32.204560   4.7342108e+13
       32.219824   4.7840734e+13
       32.236014   4.7044702e+13
       32.252215   4.7402966e+13
       32.268416   4.8252497e+13
       32.284600   4.8466704e+13
       32.300801   4.8501765e+13
       32.316985   4.7816546e+13
       32.333186   4.8623599e+13
       32.348760   4.8967088e+13
       32.364571   4.8915346e+13
       32.380232   4.9188653e+13
       32.395947   4.9533989e+13
       32.412140   4.9099944e+13
       32.427984   4.9733392e+13
       32.443559   4.9240248e+13
       32.459760   4.9585583e+13
       32.475961   5.0617955e+13
       32.492145   5.0730585e+13
       32.508346   5.0592040e+13
       32.524530   5.0791473e+13
       32.540731   5.0861625e+13
       32.556915   5.1170023e+13
       32.572168   5.1312203e+13
       32.588300   5.1572583e+13
       32.603648   5.1716610e+13
       32.618896   5.1201304e+13
       32.634144   5.1544793e+13
       32.650104   5.2663968e+13
       32.666305   5.2174518e+13
       32.681878   5.1781105e+13
       32.697683   5.2586312e+13
       32.714405   5.3048001e+13
       32.731083   5.3411806e+13
       32.747293   5.2072795e+13
       32.763112   5.3151340e+13
       32.778360   5.3228879e+13
       32.793320   5.2846548e+13
       32.808080   5.2423586e+13
       32.824088   5.4255654e+13
       32.839482   5.3498408e+13
       32.855584   5.3058824e+13
       32.870884   5.2983073e+13
       32.887085   5.3760578e+13
       32.903286   5.4046814e+13
       32.919470   5.4776300e+13
       32.935671   5.4803974e+13
       32.951056   5.4284975e+13
       32.967060   5.6211234e+13
       32.983269   5.4931323e+13
       32.999475   5.4898051e+13
       33.015676   5.5344966e+13
       33.031280   5.5548093e+13
       33.046544   5.5710590e+13
       33.061792   5.6366201e+13
       33.077920   5.6923928e+13
       33.094288   5.6731825e+13
       33.109865   5.6079851e+13
       33.126066   5.6563703e+13
       33.142267   5.6024389e+13
       33.158264   5.6752028e+13
       33.173826   5.7712373e+13
       33.190760   5.6883100e+13
       33.206008   5.7518396e+13
       33.221255   5.7215481e+13
       33.237456   5.7889561e+13
       33.252736   5.7440743e+13
       33.268843   5.7978155e+13
       33.284229   5.8247770e+13
       33.301040   5.8051974e+13
       33.317461   5.8678036e+13
       33.332960   5.7800744e+13
       33.348863   5.8665052e+13
       33.365064   5.8701962e+13
       33.381265   5.8570806e+13
       33.397466   5.9207949e+13
       33.413200   5.8670482e+13
       33.428851   5.9145101e+13
       33.445035   5.9966931e+13
       33.461236   5.8964052e+13
       33.477420   5.8807041e+13
       33.493408   5.9599321e+13
       33.508475   5.9663934e+13
       33.522770   5.9396110e+13
       33.537119   5.9578923e+13
       33.552368   5.9464390e+13
       33.567632   5.9553012e+13
       33.582880   6.0550296e+13
       33.599011   6.0411753e+13
       33.615195   6.0334157e+13
       33.631396   6.0297193e+13
       33.646856   6.1287089e+13
       33.662798   6.0566782e+13
       33.678999   6.0614773e+13
       33.694600   6.0707090e+13
       33.709848   6.1028418e+13
       33.725585   6.0524195e+13
       33.741328   6.1177961e+13
       33.756987   6.1837267e+13
       33.773188   6.1427235e+13
       33.789706   6.1368108e+13
       33.806320   6.1693130e+13
       33.821568   6.1792834e+13
       33.836972   6.2186191e+13
       33.853050   6.1977468e+13
       33.868394   6.2243391e+13
       33.884595   6.2788191e+13
       33.900796   6.2865733e+13
       33.916980   6.3292334e+13
       33.932288   6.2716083e+13
       33.947520   6.3035565e+13
       33.962784   6.2398368e+13
       33.978032   6.3005962e+13
       33.993985   6.3210938e+13
       34.009517   6.3203524e+13
       34.024754   6.3140704e+13
       34.041134   6.3399240e+13
       34.057755   6.4307874e+13
       34.073956   6.3968023e+13
       34.089720   6.3943988e+13
       34.104968   6.4806450e+13
       34.120195   6.4152632e+13
       34.136009   6.4416708e+13
       34.153176   6.4893174e+13
       34.170145   6.4701074e+13
       34.186346   6.4468342e+13
       34.202620   6.6392755e+13
       34.219774   6.5312310e+13
       34.236910   6.5720442e+13
       34.253100   6.6161818e+13
       34.269298   6.6754638e+13
       34.287207   6.6843262e+13
       34.303685   6.6972517e+13
       34.319886   6.6745326e+13
       34.335360   6.6680659e+13
       34.351934   6.6599371e+13
       34.367840   6.6911466e+13
       34.383663   6.6992703e+13
       34.399344   6.7389754e+13
       34.415067   6.7435900e+13
       34.431266   6.7530065e+13
       34.447460   6.8196760e+13
       34.463328   6.7740557e+13
       34.478560   6.7384085e+13
       34.494284   6.7716496e+13
       34.511230   6.8538329e+13
       34.527431   6.8063657e+13
       34.543710   6.8621387e+13
       34.560816   6.8059912e+13
       34.577000   6.8586245e+13
       34.593201   6.8456939e+13
       34.609385   6.7974880e+13
       34.624728   6.8665584e+13
       34.640770   6.8962905e+13
       34.656971   6.8630443e+13
       34.673888   6.7967391e+13
       34.689704   6.8671023e+13
       34.705574   6.8526942e+13
       34.721191   6.8774398e+13
       34.736440   6.9005231e+13
       34.752160   6.9405977e+13
       34.767937   6.8979325e+13
       34.783569   6.9075337e+13
       34.799440   6.8853687e+13
       34.814981   6.9261821e+13
       34.831157   6.9560989e+13
       34.847339   6.9697632e+13
       34.863550   6.9706842e+13
       34.879768   6.9427939e+13
       34.895912   6.9562736e+13
       34.911170   6.9448205e+13
       34.927371   7.0024404e+13
       34.942567   7.0004063e+13
       34.958745   6.8903303e+13
       34.974120   7.0463885e+13
       34.989368   6.8674242e+13
       35.004604   6.9287378e+13
       35.020538   7.0380701e+13
       35.036744   7.0247702e+13
       35.052360   6.9492307e+13
       35.068146   6.9978009e+13
       35.084330   6.9704648e+13
       35.100088   6.9817282e+13
       35.115732   7.0221723e+13
       35.131933   7.0838553e+13
       35.148134   7.0332486e+13
       35.164076   6.9325917e+13
       35.179523   6.9931666e+13
       35.195720   6.9972273e+13
       35.211921   6.9894680e+13
       35.228122   6.9975918e+13
       35.244304   6.9394129e+13
       35.259552   7.0601958e+13
       35.274800   6.9820708e+13
       35.290048   7.0191905e+13
       35.305267   6.9713541e+13
       35.321307   6.9671038e+13
       35.337495   6.9597139e+13
       35.353696   6.9840902e+13
       35.369880   7.1061660e+13
       35.386081   7.0712577e+13
       35.401720   6.9881461e+13
       35.417466   7.0274821e+13
       35.433650   7.0001460e+13
       35.449448   6.9222056e+13
       35.464696   7.0047584e+13
       35.480562   7.0457565e+13
       35.497192   7.0747500e+13
       35.512655   7.0618195e+13
       35.528688   6.9310587e+13
       35.544040   7.0104717e+13
       35.560258   7.1499081e+13
       35.576459   7.0355844e+13
       35.592643   7.0564517e+13
       35.607927   7.0568187e+13
       35.624045   7.0403792e+13
       35.639408   6.9921735e+13
       35.656238   7.0448070e+13
       35.671904   7.0508993e+13
       35.687849   6.9831167e+13
       35.704050   6.9916100e+13
       35.719648   6.9450665e+13
       35.735435   6.9199467e+13
       35.751636   6.9866164e+13
       35.768280   6.9363792e+13
       35.785038   6.9600168e+13
       35.801239   6.9367438e+13
       35.817760   6.8837363e+13
       35.834641   6.8805943e+13
       35.850600   6.9422775e+13
       35.866026   6.8353413e+13
       35.882225   6.9476287e+13
       35.898412   6.9156755e+13
       35.914592   6.8523255e+13
       35.929840   6.9276756e+13
       35.945088   6.9082811e+13
       35.960320   6.8456699e+13
       35.975584   6.8835284e+13
       35.992436   6.8135297e+13
       36.008835   6.7656934e+13
       36.025036   6.7745561e+13
       36.041220   6.7786169e+13
       36.057421   6.8774222e+13
       36.073622   6.8303247e+13
       36.089823   6.8164709e+13
       36.105552   6.7666031e+13
       36.120800   6.7750964e+13
       36.136030   6.7252286e+13
       36.151248   6.6613246e+13
       36.166539   6.6633539e+13
       36.182016   6.6766491e+13
       36.198227   6.6637187e+13
       36.214416   6.6849555e+13
       36.230615   6.6301011e+13
       36.246768   6.6779328e+13
       36.262018   6.6520744e+13
       36.279172   6.6847617e+13
       36.294512   6.5957403e+13
       36.309760   6.7499518e+13
       36.325821   6.6262092e+13
       36.342005   6.6106932e+13
       36.357504   6.5495595e+13
       36.373424   6.5700575e+13
       36.389000   6.6173352e+13
       36.405404   6.5885218e+13
       36.421455   6.5225862e+13
       36.437185   6.4741960e+13
       36.453412   6.5794654e+13
       36.469218   6.6043959e+13
       36.484803   6.5565598e+13
       36.501015   6.5458457e+13
       36.517482   6.4699371e+13
       36.534434   6.3960600e+13
       36.550480   6.4363196e+13
       36.565728   6.4409345e+13
       36.580960   6.5040953e+13
       36.596221   6.4370517e+13
       36.612422   6.4813744e+13
       36.628623   6.4383401e+13
       36.643952   6.4780456e+13
       36.660025   6.3860693e+13
       36.675448   6.4049052e+13
       36.691410   6.3432175e+13
       36.707611   6.3465396e+13
       36.723795   6.3890155e+13
       36.739424   6.2698901e+13
       36.755746   6.3528125e+13
       36.771912   6.3633375e+13
       36.787616   6.2514149e+13
       36.803416   6.3038639e+13
       36.819018   6.1627607e+13
       36.834912   6.2346019e+13
       36.850160   6.2429106e+13
       36.865621   6.1899032e+13
       36.881805   6.2447532e+13
       36.897888   6.1112222e+13
       36.913190   6.2074421e+13
       36.929368   6.2731885e+13
       36.944600   6.1126933e+13
       36.960776   6.0373388e+13
       36.976960   6.1169368e+13
       36.992328   6.1405746e+13
       37.008345   6.1294912e+13
       37.024563   6.1073267e+13
       37.040764   6.0454543e+13
       37.056954   6.0098076e+13
       37.073159   6.0223642e+13
       37.088816   5.9446088e+13
       37.104064   5.9942875e+13
       37.119769   6.0266056e+13
       37.135560   5.9333365e+13
       37.151171   6.0245698e+13
       37.167355   6.0181037e+13
       37.183556   5.9739614e+13
       37.199740   5.8834626e+13
       37.215768   5.9240916e+13
       37.231125   5.9591801e+13
       37.247326   5.8843797e+13
       37.263509   5.8334039e+13
       37.279694   5.8130863e+13
       37.295894   5.8623956e+13
       37.311224   5.7796537e+13
       37.327314   5.8537112e+13
       37.343501   5.7814964e+13
       37.359712   5.8128912e+13
       37.375200   5.8163981e+13
       37.391101   5.8182429e+13
       37.407302   5.7700375e+13
       37.422944   5.7288502e+13
       37.438704   5.7238616e+13
       37.454905   5.6924627e+13
       37.470688   5.7785249e+13
       37.486290   5.6889496e+13
       37.502508   5.7118487e+13
       37.518709   5.7031664e+13
       37.534910   5.6207938e+13
       37.550928   5.6019537e+13
       37.566295   5.5655683e+13
       37.582496   5.6189408e+13
       37.598697   5.5943754e+13
       37.614898   5.6414686e+13
       37.630152   5.4745094e+13
       37.646285   5.5566931e+13
       37.662498   5.4673025e+13
       37.677880   5.5380357e+13
       37.693144   5.5742323e+13
       37.709104   5.4916751e+13
       37.725305   5.4698800e+13
       37.741506   5.4442065e+13
       37.757690   5.3924921e+13
       37.773891   5.4185310e+13
       37.789616   5.3862087e+13
       37.805293   5.4240676e+13
       37.821112   5.3688441e+13
       37.836689   5.3664412e+13
       37.852587   5.3703176e+13
       37.867816   5.3483378e+13
       37.883298   5.2849881e+13
       37.899497   5.3054864e+13
       37.915584   5.2487855e+13
       37.930885   5.2436123e+13
       37.947102   5.2535834e+13
       37.963303   5.2140583e+13
       37.979504   5.2199664e+13
       37.995705   5.1579095e+13
       38.011088   5.1407316e+13
       38.027090   5.1242925e+13
       38.042568   5.1412817e+13
       38.057800   5.0980630e+13
       38.073693   5.1582690e+13
       38.089312   5.0855003e+13
       38.105086   5.0943634e+13
       38.121287   4.9948150e+13
       38.137480   5.0094034e+13
       38.153681   4.9948111e+13
       38.169520   5.0387647e+13
       38.185083   5.0548305e+13
       38.201284   4.9495569e+13
       38.217482   5.0402364e+13
       38.233515   4.9536162e+13
       38.248887   4.9091046e+13
       38.265088   4.9543510e+13
       38.281289   4.8963573e+13
       38.297490   4.9465903e+13
       38.312768   4.8318977e+13
       38.328875   4.8666169e+13
       38.344248   4.7835058e+13
       38.360260   4.8154548e+13
       38.375744   4.7814704e+13
       38.391679   4.8344737e+13
       38.407240   4.8270843e+13
       38.423081   4.7901450e+13
       38.438727   4.7506200e+13
       38.454474   4.7639156e+13
       38.470684   4.7421206e+13
       38.486885   4.6994560e+13
       38.503080   4.7040712e+13
       38.518949   4.7631692e+13
       38.534471   4.6440441e+13
       38.550440   4.7011106e+13
       38.565873   4.6237248e+13
       38.581952   4.6207679e+13
       38.597200   4.6482844e+13
       38.612476   4.5635111e+13
       38.628660   4.5502118e+13
       38.643928   4.5557505e+13
       38.660000   4.5417124e+13
       38.675400   4.5435574e+13
       38.691430   4.5407852e+13
       38.708374   4.4807600e+13
       38.724803   4.4532398e+13
       38.741010   4.4054040e+13
       38.757818   4.4724435e+13
       38.773864   4.3727106e+13
       38.789619   4.4323627e+13
       38.805353   4.3793557e+13
       38.821011   4.3954216e+13
       38.836840   4.4018838e+13
       38.852406   4.2953175e+13
       38.868590   4.3363162e+13
       38.884791   4.2956832e+13
       38.900975   4.2803523e+13
       38.917064   4.2578186e+13
       38.932394   4.2304831e+13
       38.948560   4.2061026e+13
       38.963808   4.2158892e+13
       38.979980   4.1390575e+13
       38.996181   4.1691597e+13
       39.012365   4.2053565e+13
       39.027768   4.1817148e+13
       39.043767   4.1628748e+13
       39.059264   4.1455124e+13
       39.075169   4.0660952e+13
       39.091360   4.0795755e+13
       39.107001   4.0492850e+13
       39.122240   4.0618419e+13
       39.137956   4.0079115e+13
       39.153736   4.0252703e+13
       39.169358   4.0248991e+13
       39.185559   4.0049511e+13
       39.201760   3.9406782e+13
       39.217961   3.9916501e+13
       39.234145   3.9637605e+13
       39.250363   3.9323619e+13
       39.266564   3.9172158e+13
       39.282720   3.8612538e+13
       39.297968   3.8632836e+13
       39.314150   3.8510925e+13
       39.329448   3.8882128e+13
       39.344680   3.8387149e+13
       39.360736   3.8246769e+13
       39.376160   3.8815588e+13
       39.391385   3.7796097e+13
       39.406629   3.8259644e+13
       39.422506   3.7903180e+13
       39.438707   3.7290002e+13
       39.455432   3.7685215e+13
       39.471632   3.7445104e+13
       39.487310   3.6758050e+13
       39.503144   3.7077541e+13
       39.518729   3.6874368e+13
       39.534640   3.7005479e+13
       39.550131   3.6466175e+13
       39.566315   3.6837378e+13
       39.582368   3.6122622e+13
       39.597616   3.5913908e+13
       39.612864   3.5971144e+13
       39.628119   3.5405984e+13
       39.644320   3.5815972e+13
       39.660521   3.4885132e+13
       39.675826   3.4787230e+13
       39.691903   3.5424384e+13
       39.707320   3.5125173e+13
       39.723291   3.4875829e+13
       39.739475   3.5125139e+13
       39.755676   3.5280259e+13
       39.771860   3.4949652e+13
       39.787528   3.4617198e+13
       39.803245   3.4641191e+13
       39.819463   3.4125897e+13
       39.835272   3.4825844e+13
       39.850865   3.4009510e+13
       39.866768   3.3885753e+13
       39.882250   3.3769383e+13
       39.898451   3.3843241e+13
       39.914494   3.3590203e+13
       39.929838   3.3876451e+13
       39.946054   3.2916061e+13
       39.962255   3.3318662e+13
       39.978440   3.2489400e+13
       39.993719   3.2548483e+13
       40.009841   3.2736847e+13
       40.025200   3.2265878e+13
       40.040448   3.2971367e+13
       40.056410   3.2452379e+13
       40.072611   3.2208576e+13
       40.090053   3.2291668e+13
       40.107595   3.2223317e+13
       40.124168   3.1970279e+13
       40.140847   3.2175266e+13
       40.157597   3.1399563e+13
       40.173800   3.1822480e+13
       40.190001   3.1501108e+13
       40.206202   3.1225908e+13
       40.222403   3.1006114e+13
       40.238604   3.0786320e+13
       40.254967   3.0697653e+13
       40.271991   3.0407678e+13
       40.288120   3.0204506e+13
       40.303391   3.0208184e+13
       40.319575   3.0306051e+13
       40.334848   2.9859092e+13
       40.350080   3.0211829e+13
       40.365328   2.9801807e+13
       40.381345   2.9607869e+13
       40.396808   2.9463797e+13
       40.412730   2.9256931e+13
       40.428278   2.9419440e+13
       40.444108   2.9027887e+13
       40.460316   2.8534756e+13
       40.476500   2.8302035e+13
       40.492718   2.8822836e+13
       40.508512   2.8939173e+13
       40.524120   2.8388790e+13
       40.540008   2.8170843e+13
       40.555496   2.8508804e+13
       40.571668   2.7823599e+13
       40.587862   2.7635202e+13
       40.603970   2.7951001e+13
       40.619309   2.7518818e+13
       40.635480   2.7653624e+13
       40.650728   2.7659148e+13
       40.666895   2.7060746e+13
       40.682210   2.7086587e+13
       40.698311   2.6900037e+13
       40.713720   2.6999752e+13
       40.729716   2.6678381e+13
       40.745200   2.6484444e+13
       40.761101   2.6039332e+13
       40.777302   2.6164904e+13
       40.793503   2.6351422e+13
       40.809192   2.6081763e+13
       40.824905   2.6277516e+13
       40.840697   2.6068804e+13
       40.856313   2.5754821e+13
       40.872525   2.5466693e+13
       40.888726   2.5474065e+13
       40.904910   2.5117604e+13
       40.921111   2.5071416e+13
       40.937295   2.5023382e+13
       40.953496   2.5198820e+13
       40.969656   2.4463750e+13
       40.984904   2.4408328e+13
       41.001099   2.4419394e+13
       41.017300   2.4345504e+13
       41.032648   2.4151567e+13
       41.048685   2.3979793e+13
       41.064144   2.4472892e+13
       41.079392   2.4321434e+13
       41.093975   2.4406375e+13
       41.109506   2.3663917e+13
       41.125120   2.3261284e+13
       41.140882   2.3283432e+13
       41.156592   2.3266795e+13
       41.172276   2.3431151e+13
       41.188080   2.3095005e+13
       41.203661   2.3117153e+13
       41.219560   2.2564923e+13
       41.235046   2.2666486e+13
       41.251230   2.2631381e+13
       41.267288   2.2450373e+13
       41.282520   2.2555629e+13
       41.297816   2.2579624e+13
       41.314000   2.1962754e+13
       41.329248   2.2341348e+13
       41.344480   2.1922093e+13
       41.360603   2.1733697e+13
       41.376804   2.2154769e+13
       41.392240   2.1440015e+13
       41.408206   2.1947890e+13
       41.424379   2.1441833e+13
       41.440585   2.1066903e+13
       41.456792   2.1476894e+13
       41.472464   2.1135208e+13
       41.488194   2.1050237e+13
       41.504395   2.1162882e+13
       41.520596   2.0808268e+13
       41.536440   2.1312449e+13
       41.551998   2.0909817e+13
       41.568199   2.0287407e+13
       41.584400   2.0222752e+13
       41.600601   2.0606887e+13
       41.616680   2.0590250e+13
       41.631986   2.0158068e+13
       41.648187   2.0599456e+13
       41.664388   2.0036146e+13
       41.679672   2.0106312e+13
       41.695790   1.9783096e+13
       41.711991   1.9873578e+13
       41.727388   1.9675948e+13
       41.743388   1.9496788e+13
       41.759594   1.9432133e+13
       41.775160   1.9241891e+13
       41.790408   1.8770924e+13
       41.806180   1.8735820e+13
       41.821888   1.8922340e+13
       41.837582   1.9099625e+13
       41.853783   1.8595415e+13
       41.869984   1.8772701e+13
       41.886185   1.8785615e+13
       41.902128   1.8567670e+13
       41.917570   1.8508556e+13
       41.933788   1.8153943e+13
       41.949989   1.7984016e+13
       41.966120   1.7919362e+13
       41.981414   1.7760517e+13
       41.998550   1.8096634e+13
       42.013833   1.7570261e+13
       42.029975   1.7562860e+13
       42.045344   1.7880508e+13
       42.061379   1.7141746e+13
       42.077580   1.7455700e+13
       42.093781   1.7261765e+13
       42.109320   1.7239588e+13
       42.125183   1.7102906e+13
       42.140832   1.6729824e+13
       42.157090   1.6857245e+13
       42.173786   1.7084396e+13
       42.189970   1.6493384e+13
       42.205808   1.6570939e+13
       42.221372   1.6642953e+13
       42.237568   1.6471181e+13
       42.253540   1.6249542e+13
       42.268975   1.6504397e+13
       42.285064   1.5715769e+13
       42.300393   1.6140536e+13
       42.316579   1.6393544e+13
       42.332796   1.5752666e+13
       42.348980   1.5809906e+13
       42.365166   1.6048139e+13
       42.381362   1.5462667e+13
       42.396784   1.5614097e+13
       42.412784   1.5481109e+13
       42.428280   1.5241003e+13
       42.444175   1.5276080e+13
       42.459754   1.5146785e+13
       42.475571   1.5213260e+13
       42.491240   1.5192931e+13
       42.506973   1.4842012e+13
       42.523174   1.4984208e+13
       42.539000   1.4614820e+13
       42.554248   1.4888144e+13
       42.569760   1.4692362e+13
       42.585957   1.4793927e+13
       42.601947   1.4478099e+13
       42.617346   1.4511330e+13
       42.633530   1.4568570e+13
       42.649731   1.4570403e+13
       42.665915   1.4049573e+13
       42.681168   1.4276725e+13
       42.697317   1.3800219e+13
       42.713518   1.3975659e+13
       42.728912   1.3571181e+13
       42.744920   1.3768783e+13
       42.761121   1.3358765e+13
       42.777305   1.3493574e+13
       42.792904   1.3159277e+13
       42.808724   1.3890625e+13
       42.824400   1.3155558e+13
       42.840126   1.3113067e+13
       42.855880   1.3373463e+13
       42.871122   1.2893264e+13
       42.886365   1.3100100e+13
       42.901913   1.3270000e+13
       42.918114   1.2883991e+13
       42.934120   1.2922763e+13
       42.949516   1.2706666e+13
       42.965700   1.2189529e+13
       42.981918   1.2741731e+13
       42.998112   1.2577347e+13
       43.013360   1.2396341e+13
       43.029521   1.2204254e+13
       43.045705   1.2243026e+13
       43.061088   1.2086029e+13
       43.076336   1.2287325e+13
       43.092308   1.1895776e+13
       43.108509   1.2110001e+13
       43.124080   1.1912373e+13
       43.139911   1.1977001e+13
       43.156095   1.1738742e+13
       43.172305   1.1838461e+13
       43.188505   1.1655608e+13
       43.204715   1.1679605e+13
       43.220916   1.1498600e+13
       43.236800   1.1145835e+13
       43.252301   1.1579837e+13
       43.268502   1.1040539e+13
       43.284544   1.0972192e+13
       43.299904   1.1167948e+13
       43.316105   1.1188252e+13
       43.332324   1.0872425e+13
       43.349460   1.0829934e+13
       43.364784   1.0704335e+13
       43.380909   1.0556573e+13
       43.397110   1.0870529e+13
       43.412528   1.0129922e+13
       43.428483   1.0454959e+13
       43.444003   1.0563912e+13
       43.459869   1.0349663e+13
       43.476074   1.0597132e+13
       43.492265   1.0493695e+13
       43.508466   1.0109534e+13
       43.524200   1.0037494e+13
       43.539448   9.8564888e+12
       43.555052   1.0006074e+13
       43.570944   1.0057774e+13
       43.586454   1.0120556e+13
       43.602655   9.8305851e+12
       43.618688   9.7548516e+12
       43.634040   9.6403338e+12
       43.650184   9.4777973e+12
       43.665459   9.6458508e+12
       43.681643   9.4833144e+12
       43.696927   9.4371309e+12
       43.713045   9.2745945e+12
       43.729246   9.0972832e+12
       43.744656   9.2062369e+12
       43.760635   9.3946061e+12
       43.776844   9.0381483e+12
       43.793050   8.8977745e+12
       43.809251   8.7961850e+12
       43.825435   8.8940576e+12
       43.841144   8.8792711e+12
       43.856854   8.9383594e+12
       43.873055   8.8330763e+12
       43.889256   8.4618436e+12
       43.905120   8.5892663e+12
       43.920641   8.6335798e+12
       43.936825   8.8976709e+12
       43.952848   8.5024291e+12
       43.968210   8.4451647e+12
       43.984328   8.3010973e+12
       43.999595   8.1625706e+12
       44.015796   8.1588656e+12
       44.031056   8.0554295e+12
       44.046290   7.7543781e+12
       44.061550   8.1514442e+12
       44.077600   8.0553956e+12
       44.093048   8.0129064e+12
       44.108985   7.9648765e+12
       44.124544   7.7413939e+12
       44.140404   7.8854386e+12
       44.156595   7.7284434e+12
       44.172798   7.5215827e+12
       44.188520   7.4661654e+12
       44.204208   7.6416071e+12
       44.220409   7.4347464e+12
       44.236280   7.4919884e+12
       44.251811   7.5326085e+12
       44.267995   7.3552979e+12
       44.284196   7.3220432e+12
       44.300380   7.2924822e+12
       44.316488   7.2906244e+12
       44.331809   7.0782233e+12
       44.348946   6.8584347e+12
       44.365149   6.7734677e+12
       44.381351   6.9433690e+12
       44.396696   7.0283142e+12
       44.412753   6.7309570e+12
       44.428954   6.8750022e+12
       44.444440   6.9230100e+12
       44.460373   6.7013746e+12
       44.476574   6.7438419e+12
       44.492775   6.7401374e+12
       44.508448   6.5498989e+12
       44.524160   6.4834009e+12
       44.540361   6.5628056e+12
       44.556562   6.3965765e+12
       44.572763   6.2321943e+12
       44.588964   6.5443049e+12
       44.605410   6.0881171e+12
       44.622165   6.3466685e+12
       44.637536   6.0160679e+12
       44.653664   5.9957418e+12
       44.668969   6.1268591e+12
       44.685160   6.1785610e+12
       44.700408   5.9606196e+12
       44.716555   6.0381778e+12
       44.731888   5.9402831e+12
       44.747120   5.8350010e+12
       44.762368   5.6927815e+12
       44.778342   6.0196673e+12
       44.793864   5.5173079e+12
       44.809744   5.6188754e+12
       44.825360   5.5486840e+12
       44.840624   5.4360145e+12
       44.856364   5.3159575e+12
       44.872565   5.5338780e+12
       44.888368   5.5357146e+12
       44.903950   5.4156577e+12
       44.920146   5.4359631e+12
       44.936322   5.3491499e+12
       44.952536   5.0628746e+12
       44.968880   5.3232733e+12
       44.985808   5.3731287e+12
       45.001105   5.2124407e+12
       45.017306   4.9169312e+12
       45.033490   5.1939518e+12
       45.048768   4.9889390e+12
       45.064875   4.8467198e+12
       45.080248   4.8614847e+12
       45.096260   4.6952563e+12
       45.112461   4.8965552e+12
       45.127960   4.8540672e+12
       45.143846   4.6712169e+12
       45.159456   4.9094534e+12
       45.175248   4.5751597e+12
       45.191449   4.6841152e+12
       45.207186   4.5160400e+12
       45.222831   4.5714362e+12
       45.239035   4.6286794e+12
       45.255253   4.5492541e+12
       45.271454   4.4901443e+12
       45.287655   4.3202224e+12
       45.303856   4.4457998e+12
       45.319920   4.5196649e+12
       45.335241   4.5436644e+12
       45.351416   4.2019835e+12
       45.366664   4.4014359e+12
       45.382812   4.2407484e+12
       45.399041   4.0671328e+12
       45.414408   3.9932482e+12
       45.430417   4.0985103e+12
       45.446614   4.0172383e+12
       45.462810   4.0135349e+12
       45.479016   3.8528475e+12
       45.494600   3.7918912e+12
       45.510392   3.7383224e+12
       45.526577   3.8712876e+12
       45.542803   3.8140250e+12
       45.558592   3.7161313e+12
       45.574205   3.5923815e+12
       45.590088   3.8509340e+12
       45.605590   3.4501535e+12
       45.621568   3.7160935e+12
       45.636975   3.4759908e+12
       45.653176   3.4150347e+12
       45.669280   3.6311092e+12
       45.684578   3.6070905e+12
       45.700779   3.5627563e+12
       45.716040   3.1176510e+12
       45.732181   3.3171038e+12
       45.748365   3.4223661e+12
       45.764566   3.2358229e+12
       45.780750   3.3170760e+12
       45.796237   3.1970201e+12
       45.812146   3.3022825e+12
       45.828353   3.1859204e+12
       45.844554   3.0640177e+12
       45.860755   3.0233774e+12
       45.876973   3.0104401e+12
       45.893174   3.2172806e+12
       45.909375   3.1175404e+12
       45.925576   2.9494660e+12
       45.941480   2.8423384e+12
       45.956961   2.7721483e+12
       45.972960   2.9438983e+12
       45.988346   2.8995643e+12
       46.004440   3.0232957e+12
       46.019731   2.6409844e+12
       46.035915   2.5504787e+12
       46.051153   2.8016442e+12
       46.067298   2.6908230e+12
       46.082648   2.6668048e+12
       46.098671   2.6704896e+12
       46.114882   2.5910653e+12
       46.130360   2.5097941e+12
       46.146271   2.4746947e+12
       46.161840   2.5337858e+12
       46.177656   2.3934147e+12
       46.193840   2.4598933e+12
       46.210041   2.1108258e+12
       46.226650   2.5651474e+12
       46.243804   2.4635608e+12
       46.260610   2.2363869e+12
       46.277094   2.2216032e+12
       46.294230   2.2770007e+12
       46.311196   2.2529827e+12
       46.327380   2.1273868e+12
       46.343581   2.1440000e+12
       46.359720   2.2492630e+12
       46.374968   2.1975420e+12
       46.390201   2.2160021e+12
       46.406366   1.9943690e+12
       46.422569   1.9537293e+12
       46.437960   2.1624172e+12
       46.453971   2.1254713e+12
       46.469429   2.0682098e+12
       46.485350   1.8798204e+12
       46.500936   1.9056681e+12
       46.515610   1.9315159e+12
       46.530959   1.8871826e+12
       46.546680   1.9130303e+12
       46.562361   1.8003628e+12
       46.578160   2.0275196e+12
       46.593424   1.7061556e+12
       46.608672   1.6618224e+12
       46.624165   1.8114106e+12
       46.640168   1.6248683e+12
       46.655567   1.6691849e+12
       46.671662   1.5251207e+12
       46.686953   1.7005652e+12
       46.703160   1.6562320e+12
       46.718408   1.5731146e+12
       46.734555   1.4678347e+12
       46.750756   1.4899890e+12
       46.766120   1.6414243e+12
       46.782158   1.5656944e+12
       46.797632   1.3976210e+12
       46.813560   1.5638313e+12
       46.829128   1.4917952e+12
       46.844952   1.2202970e+12
       46.861155   1.5379508e+12
       46.876872   1.4308242e+12
       46.892565   1.2479759e+12
       46.908362   1.4843674e+12
       46.923584   1.3809346e+12
       46.939139   1.3606110e+12
       46.955331   1.3864593e+12
       46.971540   1.0761769e+12
       46.987592   1.2663967e+12
       47.002955   1.2091358e+12
       47.019088   1.3734994e+12
       47.034340   1.1407858e+12
       47.050541   1.0927593e+12
       47.065816   1.2478886e+12
       47.081943   1.1684653e+12
       47.098144   1.1481419e+12
       47.113547   1.1518278e+12
       47.129542   1.1979918e+12
       47.145730   1.0373063e+12
       47.161931   1.0169829e+12
       47.177520   9.2278475e+11
       47.193316   1.1351672e+12
       47.209500   1.0298879e+12
       47.225248   1.1905580e+12
       47.240885   1.1074411e+12
       47.257097   1.0815773e+12
       47.273292   1.0815696e+12
       47.289505   1.0113809e+12
       47.305706   8.9871413e+11
       47.321890   8.7285035e+11
       47.337968   8.8577088e+11
       47.353275   1.1221629e+12
       47.369493   9.7994623e+11
       47.385694   7.7862973e+11
       47.400960   9.3560629e+11
       47.417096   7.6568664e+11
       47.432456   8.8203206e+11
       47.448498   8.9125896e+11
       47.464699   7.2687997e+11
       47.480900   8.7646912e+11
       47.496448   8.0628060e+11
       47.512285   6.9546094e+11
       47.528486   7.9518462e+11
       47.544678   7.4346486e+11
       47.560415   8.2471986e+11
       47.575672   8.5056873e+11
       47.591290   7.0465859e+11
       47.607168   8.9118530e+11
       47.622675   8.4869999e+11
       47.638648   7.4896168e+11
       47.654060   6.4552965e+11
       47.670278   8.2466893e+11
       47.686392   6.6583078e+11
       47.701680   6.6951733e+11
       47.717881   7.0460070e+11
       47.733120   7.6554030e+11
       47.749266   6.7873020e+11
       47.764600   6.6948872e+11
       47.780668   6.4177853e+11
       47.796112   5.7159032e+11
       47.812070   7.3780165e+11
       47.828271   5.2171064e+11
       47.844445   6.8792202e+11
       47.860072   5.6786834e+11
       47.875849   7.8394527e+11
       47.892058   5.4753874e+11
       47.908259   5.4199114e+11
       47.924080   4.9950612e+11
       47.939661   5.6413966e+11
       47.955560   6.3616071e+11
       47.971063   5.6597267e+11
       47.987264   5.1240650e+11
       48.003320   4.8469653e+11
       48.018666   6.3243936e+11
       48.034850   5.1423275e+11
       48.051048   5.0314467e+11
       48.066296   5.7701270e+11
       48.082453   6.2871828e+11
       48.097792   6.2686461e+11
       48.113855   5.1419868e+11
       48.130043   6.4531978e+11
       48.145516   4.8832898e+11
       48.161458   5.7512519e+11
       48.177032   3.8673759e+11
       48.192860   5.4556183e+11
       48.209061   4.4397722e+11
       48.224760   4.4027681e+11
       48.240446   3.8671088e+11
       48.256630   5.1229150e+11
       48.272504   5.1413174e+11
       48.288049   5.4921569e+11
       48.304000   5.6398407e+11
       48.319451   5.4735565e+11
       48.335635   4.6608675e+11
       48.351836   5.5288316e+11
       48.368037   4.1990189e+11
       48.384238   3.5340801e+11
       48.400439   4.7714189e+11
       48.415720   4.9006351e+11
       48.431826   4.0694783e+11
       48.448022   4.1986948e+11
       48.464226   4.3463801e+11
       48.480427   5.6760633e+11
       48.495944   4.0876898e+11
       48.511829   5.2142174e+11
       48.527440   4.2168432e+11
       48.543231   4.4753415e+11
       48.558920   4.0689665e+11
       48.574633   4.5306209e+11
       48.590834   4.4012768e+11
       48.607035   3.2561536e+11
       48.622928   4.7335878e+11
       48.638420   4.3826196e+11
       48.654621   5.4906799e+11
       48.670822   4.7149315e+11
       48.687023   5.1027123e+11
       48.703223   4.1053397e+11
       48.719408   4.2345588e+11
       48.735626   3.4957485e+11
       48.750880   3.5880305e+11
       48.767011   3.9019371e+11
       48.783212   5.6933410e+11
       48.798624   3.5139717e+11
       48.814614   4.5481586e+11
       48.830120   3.2368191e+11
       48.845368   3.8646946e+11
       48.861200   5.1020379e+11
       48.876848   5.5082892e+11
       48.892602   3.8091073e+11
       48.908803   3.4766104e+11
       48.924592   3.4765504e+11
       48.940205   4.4183950e+11
       48.956406   3.9566175e+11
       48.972590   1.8326560e+11
       48.988584   3.4024372e+11
       49.004006   3.2730970e+11
       49.020064   3.6054748e+11
       49.035395   3.4946036e+11
       49.051595   2.2940786e+11
       49.067796   3.7530483e+11
       49.083056   2.7741480e+11
       49.099198   3.0326517e+11
       49.114552   2.9956561e+11
       49.130600   3.8451589e+11
       49.146801   2.2752604e+11
       49.162280   2.1089843e+11
       49.178186   3.3463306e+11
       49.193760   3.5863665e+11
       49.209571   3.6601840e+11
       49.225755   3.5308460e+11
       49.241956   3.3091644e+11
       49.257720   3.3460451e+11
       49.273341   2.6441773e+11
       49.289519   3.8076497e+11
       49.305436   3.3828129e+11
       49.320910   1.9606658e+11
       49.337111   3.0502638e+11
       49.353295   2.8839895e+11
       49.369408   3.3641202e+11
       49.384738   3.9550634e+11
       49.401892   3.8811330e+11
       49.417152   2.7729549e+11
       49.433300   3.1238052e+11
       49.448648   2.7174384e+11
       49.464685   1.9232289e+11
       49.480886   2.5511103e+11
       49.497087   3.9177405e+11
       49.512624   2.1631582e+11
       49.528479   2.5878843e+11
       49.544683   1.6459257e+11
       49.560908   2.6431821e+11
       49.576632   3.3080018e+11
       49.592303   3.0863235e+11
       49.608501   2.2736465e+11
       49.624360   4.0465895e+11
       49.639896   3.7695055e+11
       49.656080   1.7933000e+11
       49.672104   3.4184937e+11
       49.687499   4.0648457e+11
       49.703700   2.4026087e+11
       49.719848   3.0489611e+11
       49.735085   2.1624104e+11
       49.751286   2.3470452e+11
       49.767470   2.2915869e+11
       49.783671   4.0460626e+11
       49.799040   2.5500450e+11
       49.815056   2.3468374e+11
       49.831240   3.3256276e+11
       49.846768   2.5498902e+11
       49.862625   2.8268696e+11
       49.878239   3.2146613e+11
       49.893993   2.6051428e+11
       49.909736   2.7159041e+11
       49.924992   2.8266656e+11
       49.940240   2.3833658e+11
       49.955831   2.9189080e+11
       49.971720   3.6022001e+11
       49.987216   3.1773695e+11
       50.003397   2.4755083e+11
       50.019450   3.1588007e+11
       50.034819   2.4015337e+11
       50.050959   3.2325761e+11
       50.066204   2.1428725e+11
       50.082404   2.6599472e+11
       50.097644   1.9950243e+11
       50.112930   3.1400354e+11
       50.129008   2.0318636e+11
       50.145209   3.4354370e+11
       50.160680   2.7335772e+11
       50.176599   2.7519974e+11
       50.192154   3.1028546e+11
       50.207996   3.6568677e+11
       50.223640   3.1396957e+11
       50.238857   4.0446147e+11
       50.254527   2.4562575e+11
       50.270766   2.4377411e+11
       50.286600   1.9021009e+11
       50.302151   2.7516143e+11
       50.318352   2.5484111e+11
       50.334553   9.2311718e+10
       50.350754   2.6406605e+11
       50.366840   3.3424247e+11
       50.382156   2.4558797e+11
       50.398340   2.2711460e+11
       50.414541   1.5692884e+11
       50.429800   1.6615857e+11
       50.445926   2.4002880e+11
       50.462096   1.8092432e+11
       50.477541   2.1416340e+11
       50.492792   2.0123073e+11
       50.508730   2.3631671e+11
       50.524931   2.4000590e+11
       50.540520   2.4738886e+11
       50.556316   3.0833108e+11
       50.572500   1.4026129e+11
       50.588248   1.9935667e+11
       50.603885   1.6795538e+11
       50.620103   2.3997888e+11
       50.635992   2.6213688e+11
       50.651505   1.6794200e+11
       50.667706   1.6424382e+11
       50.683720   3.0275476e+11
       50.699091   4.4188370e+10
       50.715216   2.8058351e+11
       50.730493   3.1012907e+11
       50.746694   2.4179047e+11
       50.762879   3.5075153e+11
       50.778206   1.0511330e+11
       50.794280   2.2146188e+11
       50.810498   2.4177315e+11
       50.825928   2.5839069e+11
       50.841890   1.9189904e+11
       50.858101   2.8054459e+11
       50.874285   1.0693443e+11
       50.890486   1.3463326e+11
       50.906670   1.6602584e+11
       50.922871   3.3224004e+11
       50.939470   2.0664859e+11
       50.956256   2.5835680e+11
       50.972760   2.1402771e+11
       50.989641   2.2879852e+11
       51.005825   1.9739756e+11
       51.022026   9.7662366e+10
       51.038356   1.5675812e+11
       51.055412   9.7654126e+10
       51.071629   2.9315787e+10
       51.087830   1.8629576e+11
       51.104031   1.9367917e+11
       51.121110   8.4709709e+10
       51.137416   2.0105855e+11
       51.153600   1.7519832e+11
       51.169048   9.2085093e+10
       51.184973   1.9550588e+11
       51.201180   1.8072692e+11
       51.217370   1.4193864e+11
       51.233571   7.5447301e+10
       51.249240   1.6224630e+11
       51.264488   1.1791744e+11
       51.280140   1.9917585e+11
       51.296341   1.1790960e+11
       51.312525   8.0968269e+10
       51.328448   3.1182329e+11
       51.343906   2.2132272e+11
       51.359931   1.5667835e+11
       51.375329   1.7144947e+11
       51.391440   4.2164633e+10
       51.406731   1.4743247e+11
       51.422915   1.0679749e+11
       51.439116   1.8066854e+11
       51.454400   1.2895235e+11
       51.469648   3.3613250e+09
       51.485685   1.1047610e+11
       51.501128   1.4186916e+11
       51.516360   1.8619034e+11
       51.532271   1.6587102e+11
       51.548455   1.4185798e+11
       51.564656   1.7509797e+11
       51.580320   1.9171612e+11
       51.596041   1.8986557e+11
       51.611800   1.1783393e+11
       51.627420   5.6883525e+10
       51.643285   1.5291719e+11
       51.658828   6.7957487e+10
       51.674792   1.1781940e+11
       51.690040   1.2150954e+11
       51.705431  -1.1468786e+10
       51.721520   2.0091784e+11
       51.736768   1.7690495e+11
       51.752000  -1.3326344e+10
       51.768201   1.6212289e+11
       51.783480   7.7163287e+10
       51.799586   6.2384802e+10
       51.815770   1.0855309e+11
       51.831988   1.1224333e+11
       51.847472   8.0843045e+10
       51.863390   1.0300203e+11
       51.879591   7.1601769e+10
       51.895775   4.5742133e+10
       51.911967   1.2495021e+10
       51.927688   1.3623198e+11
       51.943378   1.3068797e+11
       51.959192   1.5654077e+11
       51.974780   1.0482500e+11
       51.990981   9.7434143e+10
       52.007165   2.3555939e+10
       52.023366   3.6480695e+10
       52.039550   1.6945210e+11
       52.055648   1.0850203e+11
       52.070935   6.9714430e+10
       52.087144   9.9261073e+10
       52.102392   8.6329692e+10
       52.118555   1.4173256e+11
       52.133888   4.1998252e+10
       52.149940   7.5238693e+10
       52.165368   1.0478540e+11
       52.181325   7.3385370e+10
       52.196848   1.1401333e+11
       52.212070   6.7838352e+10
       52.227904   5.1213324e+10
       52.243560   7.3372609e+10
       52.259296   1.7864111e+11
       52.275040   1.3615993e+11
       52.290681   5.4894450e+10
       52.306865   2.1647643e+10
       52.322768   1.1214122e+11
       52.338250   7.5200699e+10
       52.354451   9.9206936e+10
       52.370480   1.8046620e+11
       52.385836   2.1370682e+11
       52.402020   4.3791603e+10
       52.418221   8.6266600e+10
       52.434405   9.7344800e+10
       52.449688   2.2108216e+11
       52.465790   3.8238894e+10
       52.481991   1.3427321e+11
       52.498162   1.3981084e+11
       52.513644   8.8095471e+10
       52.529560   4.9833042e+09
       52.545128  -1.9028972e+10
       52.560945   1.4349277e+11
       52.577146   4.9744959e+09
       52.593313   1.1024325e+11
       52.609070   8.6624257e+09
       52.624715  -6.8909057e+10
       52.640568   4.3747214e+10
       52.656100   1.2315982e+11
       52.672301   1.1576948e+11
       52.688280   1.2869473e+11
       52.703686   8.9907604e+10
       52.719870   2.0071707e+11
       52.736071   4.0036451e+10
       52.752240   1.6377403e+11
       52.767488   1.3791505e+11
       52.783657  -2.4499461e+09
       52.798970   1.9146878e+11
       52.815056   3.4481965e+10
       52.831260   2.8938610e+10
       52.846744   1.4160908e+10
       52.862679   1.6375477e+11
       52.878880   1.4158961e+11
       52.894504  -3.9406482e+10
       52.910299   1.8036852e+11
       52.925976   1.7841173e+10
       52.941673   1.1941644e+11
       52.957885   1.2680127e+11
       52.973744  -7.2663470e+10
       52.989304   1.8404902e+11
       53.005240   7.5080994e+10
       53.020723   1.2863766e+11
       53.036752   6.2147695e+10
       53.052000   1.5633555e+11
       53.067342  -2.4979567e+09
       53.083496   2.7049425e+10
       53.098760   1.0830922e+11
       53.114946   3.8125568e+10
       53.131130   7.5060472e+10
       53.146504   6.3976727e+10
       53.162549  -1.5441244e+10
       53.178000  -4.4993677e+10
       53.193951   7.6897349e+10
       53.209480   2.2279772e+11
       53.225336   6.0270581e+10
       53.240976  -1.1333777e+11
       53.256224   1.1567184e+11
       53.271939   7.6885112e+10
       53.287720   1.0273890e+11
       53.302968   4.5483481e+10
       53.318525   1.1012159e+11
       53.334448   8.7956750e+10
       53.349910   1.0385786e+10
       53.365925   2.9959409e+09
       53.381280   8.6102804e+10
       53.397496   6.7631753e+10
       53.413640   3.2538873e+10
       53.428888   1.0825828e+11
       53.445065  -6.9043669e+10
       53.462164   3.8072574e+10
       53.478450  -6.7201373e+10
       53.494651  -3.9500576e+10
       53.510835   1.1748123e+11
       53.527036   2.1441667e+10
       53.543220   1.3779232e+11
       53.559421   4.1752784e+10
       53.575605  -8.1149582e+09
       53.592324   1.3039818e+11
       53.608990   8.4224205e+10
       53.625191   4.9131463e+10
       53.641392   2.3273089e+10
       53.657259   9.3452034e+10
       53.672782   1.3223418e+11
       53.688995   5.8357180e+10
       53.705196   2.3264492e+10
       53.721240   8.7902868e+10
       53.736504   1.1191008e+11
       53.751799   9.3439267e+10
       53.768000   7.6815334e+10
       53.783248  -1.5530312e+10
       53.799385   4.1720631e+10
       53.815586   8.7890355e+10
       53.830976  -1.9230230e+10
       53.846988   7.3111298e+10
       53.863189   9.3424855e+10
       53.879390   6.0179154e+10
       53.894968   2.1392850e+10
       53.910775  -2.6627798e+10
       53.926984  -2.6204590e+09
       53.942704   1.3999408e+10
       53.958388   6.6099577e+09
       53.974586   8.4176599e+10
       53.990797   1.0449024e+11
       54.006704   4.1694681e+10
       54.022199   5.0927114e+10
       54.038200   3.9843973e+10
       54.053601   5.2770170e+10
       54.069785  -4.4847313e+09
       54.085986   1.1371315e+11
       54.102176   5.0917655e+10
       54.117424   2.1365852e+10
       54.133589   3.4292100e+10
       54.149716  -4.3278336e+10
       54.165154   6.0144627e+10
       54.181175   6.5683423e+10
       54.196648   1.5816087e+10
       54.212560   3.7976744e+10
       54.228128   9.3381094e+10
       54.243952   5.4595016e+10
       54.259617   2.3196434e+10
       54.274872   1.8571935e+11
       54.290565  -5.0681928e+10
       54.306368   5.2741127e+10
       54.321950   5.4586271e+10
       54.337864   6.5658958e+09
       54.353369   4.1654742e+10
       54.369570  -8.2499770e+08
       54.385608   1.4322928e+11
       54.400955   1.0074956e+11
       54.417156   2.5026165e+10
       54.433340   2.8718251e+10
       54.449558   6.9347769e+10
       54.466686   3.4255575e+10
       54.482960   6.9344501e+10
       54.498328   6.7496010e+10
       54.514345  -5.6245976e+10
       54.530546   9.7042744e+10
       54.546735   5.0869371e+10
       54.562942   4.6960085e+09
       54.579149   3.2397508e+10
       54.595350   1.1365829e+11
       54.611048  -5.4408554e+10
       54.626735   1.4689888e+11
       54.642936  -4.1483524e+10
       54.658776   2.5002322e+10
       54.674338  -1.3783487e+10
       54.690272  -1.1166917e+11
       54.705740   9.3332057e+10
       54.721768   1.9455722e+10
       54.737000   5.8238549e+10
       54.752343   5.2696471e+10
       54.768512   1.9451335e+10
       54.783760   4.1612347e+10
       54.799946   4.3457785e+10
       54.816130   1.0624999e+11
       54.831475   1.7598750e+10
       54.847515   1.3395024e+11
       54.862980   5.6380248e+10
       54.878934   1.9441436e+10
       54.894480   6.7458714e+10
       54.910336   3.2366793e+10
       54.925960   5.4527893e+10
       54.941721  -1.7501436e+10
       54.957922   5.8218950e+10
       54.973704  -4.5207172e+10
       54.989324   1.9432005e+10
       55.005200  -2.6741088e+10
       55.020726   2.6816881e+10
       55.036910   5.6365533e+10
       55.052928   1.2839223e+11
       55.068295  -7.8458626e+10
       55.084408   1.0189935e+10
       55.099680   3.6044882e+10
       55.115881   1.6347776e+11
       55.132049   7.6673574e+10
       55.147366  -2.3058703e+10
       55.163467   5.4508677e+10
       55.179668   8.2210541e+10
       55.195112   1.1175928e+11
       55.210360  -3.7838481e+10
       55.226271  -6.7389600e+10
       55.241840  -6.1850155e+10
       55.257656   1.5053889e+11
       55.273336   1.2022387e+10
       55.289058   9.4001709e+08
       55.304832   1.0251681e+11
       55.320460   8.2200099e+10
       55.336328   7.8505242e+10
       55.351845  -1.7533171e+10
       55.367824   3.2331258e+10
       55.383264   1.2652061e+11
       55.399463   8.2194619e+10
       55.415649   1.5791527e+11
       55.431883   1.0164509e+10
       55.449051   7.6650826e+10
       55.465252   9.5118498e+10
       55.482362  -3.4163527e+10
       55.498654   2.3088460e+10
       55.515670   4.8943644e+10
       55.532056   9.1420679e+10
       55.548240   1.6529454e+11
       55.564458  -6.4654862e+09
       55.580659  -2.3088307e+10
       55.596860  -9.8811001e+10
       55.613061   8.3065745e+09
       55.629245   8.0333605e+10
       55.645008  -1.7551519e+10
       55.660630  -8.3180954e+09
       55.676848   4.8933989e+10
       55.693049  -3.2329266e+10
       55.709246   3.2310322e+10
       55.725437   8.3000961e+09
       55.741652   5.2624117e+10
       55.757853   1.1172312e+11
       55.773992   1.1991194e+10
       55.789255   1.0064015e+11
       55.805456  -3.9722923e+10
       55.821640   9.6944710e+10
       55.837841   1.9375276e+10
       55.853200   4.5994769e+09
       55.869226   3.5995469e+10
       55.885410   1.8559123e+11
       55.900928  -4.6373148e+09
       55.916795  -6.5584862e+10
       55.932996   1.2094836e+11
       55.948640   2.8604012e+10
       55.963888  -1.2027926e+10
       55.979582   2.3061869e+10
       55.995776  -5.0813736e+10
       56.011961  -4.6426960e+09
       56.027858   8.4006393e+10
       56.043128   2.6752656e+10
       56.058570  -5.0816657e+10
       56.074624  -6.3745466e+10
       56.089989  -5.6358682e+10
       56.106120  -1.0991864e+11
       56.121390  -1.2035146e+10
       56.137525  -8.4063803e+10
       56.152845   6.5532107e+10
       56.168960   7.2918934e+10
       56.184344   1.7512144e+10
       56.199592   8.9539483e+10
       56.215580   4.1520195e+10
       56.231769  -7.1139581e+10
       56.247304   3.5978340e+10
       56.263149  -1.2470007e+11
       56.279341   8.8657546e+08
       56.295525   6.9220222e+10
       56.311286   2.6741598e+10
       56.326970  -1.2100868e+11
       56.342808   7.8452852e+10
       56.358355   3.2280510e+10
       56.374556  -3.9748022e+10
       56.390536   3.7820031e+10
       56.405778  -4.5289714e+10
       56.421129  -6.5059422e+09
       56.437359  -1.9434560e+10
       56.453513  -9.7003666e+10
       56.468760   1.1169229e+11
       56.484963   2.3041974e+10
       56.500272  -7.6689563e+10
       56.516365  -6.5089304e+09
       56.531768   6.3671710e+10
       56.547750  -7.6690972e+10
       56.563951  -2.4979028e+10
       56.579486  -2.4979474e+10
       56.595346  -8.4079794e+10
       56.611554  -1.2101765e+11
       56.627755   3.4119119e+10
       56.643956  -1.0206206e+10
       56.660140   1.1353377e+11
       56.676341  -3.9756951e+10
       56.692200  -9.7010351e+10
       56.707726   6.4140607e+09
       56.723910   3.7810499e+10
       56.740111   9.3216273e+10
       56.756312   6.4129620e+09
       56.772424  -8.3623592e+09
       56.787714  -1.0070627e+11
       56.803915   1.1952547e+10
       56.819168   1.5645963e+10
       56.835300  -7.6697923e+10
       56.851501  -3.2373322e+10
       56.866880  -2.8236849e+09
       56.882873   5.8122773e+10
       56.899053  -7.1158508e+10
       56.914592   6.9203432e+10
       56.930438  -8.3654369e+09
       56.946639  -1.1733111e+11
       56.962304  -5.6384614e+10
       56.977560   1.3796246e+10
       56.993242   1.0102261e+10
       57.009443   2.3030125e+10
       57.025312  -8.4088639e+10
       57.040560   7.6588947e+10
       57.055808   4.5191922e+10
       57.071230   1.0101162e+10
       57.087288  -2.8683332e+10
       57.102632  -7.4855305e+10
       57.118833  -2.4989961e+10
       57.135032   1.2830018e+11
       57.150280  -1.7602817e+10
       57.166421   4.1496906e+10
       57.181744   6.5506081e+10
       57.197821   1.7631822e+11
       57.214022   3.7802729e+10
       57.229504  -1.2062926e+10
       57.245424   8.7668003e+10
       57.260984  -1.5756906e+10
       57.276809   4.7036611e+10
       57.292993  -5.6388283e+10
       57.308713  -2.3144692e+10
       57.324393   8.6454943e+08
       57.340224   1.0098828e+10
       57.355814   3.0414341e+10
       57.371998  -2.8294060e+09
       57.388199  -3.9766889e+10
       57.404383  -1.9451353e+10
       57.420432   8.6418922e+08
       57.435768  -8.3702021e+09
       57.451911   3.0414068e+10
       57.467136  -6.9317004e+10
       57.483337   4.5189005e+10
       57.498608   1.7485930e+10
       57.514739  -8.5938863e+10
       57.530120  -1.2287628e+11
       57.546154  -3.9767056e+10
       57.561632   7.1045246e+10
       57.577543  -7.1163817e+10
       57.594376   6.5504698e+10
       57.610928  -6.3776251e+10
       57.626608  -4.6763176e+09
       57.642347   2.6720553e+10
       57.658548   4.3342460e+10
       57.674352   1.0244241e+11
       57.689933  -1.5757272e+10
       57.706134  -1.3910315e+10
       57.722335  -3.9766421e+10
       57.738325  -5.4541291e+10
       57.753720  -8.3694017e+09
       57.769921  -6.3775428e+10
       57.786056   4.5589315e+09
       57.801306  -9.8155540e+08
       57.817507   1.3793549e+10
       57.832784  -6.1928034e+10
       57.848909   3.0415680e+10
       57.865110  -5.4540247e+10
       57.880528  -3.0530759e+10
       57.896512   2.6722420e+10
       57.912008  -9.1477171e+10
       57.927892  -8.4089505e+10
       57.943507  -3.6070663e+10
       57.959316   1.0101314e+10
       57.975016   6.4077709e+09
       57.990701  -8.3669940e+09
       58.006902   8.3976784e+10
       58.022744  -1.5242253e+11
       58.038304   2.1183600e+10
       58.054505   1.9336957e+10
       58.070488  -1.0212750e+10
       58.085921   1.1949944e+10
       58.102110   3.5959514e+10
       58.118248   3.9653503e+10
       58.133527   5.2581852e+10
       58.149711   1.0429450e+11
       58.165912  -9.7691099e+08
       58.182096   4.7041997e+10
       58.198297   5.9970349e+10
       58.214481  -1.3395089e+11
       58.230699   1.3015196e+11
       58.246200   2.7180764e+09
       58.262101  -3.4219118e+10
       58.278302  -2.4984542e+10
       58.293944  -1.0209367e+10
       58.309704   8.7204636e+08
       58.325889  -2.4983992e+10
       58.342072   6.4129510e+09
       58.358267   7.8441025e+10
       58.374115  -5.2686791e+10
       58.389629  -6.9308641e+10
       58.405821   5.0737921e+10
       58.422009   4.5659844e+09
       58.438086  -1.5749849e+10
       58.453376   8.7674584e+10
       58.468663  -3.4219420e+10
       58.484864   2.3032937e+10
       58.500120   1.1352879e+11
       58.516249   6.3662203e+10
       58.531616   1.1948483e+10
       58.547668  -6.5218551e+09
       58.563869   1.7485492e+10
       58.580070  -3.2382430e+10
       58.595592  -3.0538434e+10
       58.611455  -1.7613777e+10
       58.627629  -2.3158481e+10
       58.643312  -8.3883637e+09
       58.659024  -1.0073765e+11
       58.675225   3.7770950e+10
       58.691032  -1.5796226e+10
       58.706627  -1.0076158e+11
       58.722544   5.4364788e+10
       58.738029  -4.1685127e+10
       58.754230   9.8662440e+10
       58.770414   8.9411103e+10
       58.786520  -2.3267728e+10
       58.801799  -2.9748609e+09
       58.818000  -1.7776065e+10
       58.833248   3.7599864e+10
       58.849402  -1.2300395e+10
       58.865603  -7.5133887e+10
       58.881804   3.7479577e+10
       58.897256   5.5895959e+10
       58.913211   3.7367521e+10
       58.929407   2.0677554e+10
       58.945608  -8.8365445e+10
       58.961792  -3.3047447e+10
       58.977464  -5.7156964e+10
       58.993177   9.4173005e+10
       59.009378   3.8638249e+10
       59.025579  -1.0556313e+11
       59.041780   5.4950500e+10
       59.057688   5.1071670e+10
       59.073182  -6.5489590e+10
       59.089383  -1.4011430e+10
       59.105567  -2.1661570e+10
       59.121682   5.3765108e+10
       59.137003  -3.7061528e+10
       59.153192  -4.2970947e+10
       59.168425  -1.3832665e+10
       59.184605   5.2195858e+10
       59.200807   2.9522692e+10
       59.216171  -6.1354959e+09
       59.232192  -1.2248851e+09
       59.247664   9.0420449e+10
       59.263577   1.5773699e+10
       59.279778  -3.3098867e+10
       59.295376   8.6006458e+10
       59.311163  -1.4762949e+10
       59.326856   8.7520481e+10
       59.342548  -4.2316425e+09
       59.358352   2.7634514e+10
       59.373600  -7.3605860e+10
       59.388848   5.5870665e+10
       59.404096   1.2978829e+11
       59.419360   1.3311974e+10
       59.434608  -5.5319543e+10
       59.449856   8.2710395e+10
       59.465104   6.3555343e+10
       59.480336   2.5720383e+10
       59.495584   5.9679488e+10
       59.510832   5.0921492e+10
       59.526080   2.5285063e+10
       59.541328  -9.1119529e+10
       59.556560  -1.7578632e+10
       59.571070   2.2412452e+10
       59.586730  -6.5343188e+10
       59.601660  -2.0467581e+10
       59.615955   1.1086688e+11
       59.630800  -1.1645658e+11
       59.646048   1.3048541e+11
       59.661280   3.9061061e+10
       59.676528  -3.4312091e+10
       59.691776   5.6260720e+10
       59.707029   4.2969043e+10
       59.722288  -2.1725962e+09
       59.737536   5.1950990e+10
       59.752610   4.6497096e+10
       59.767014  -4.2543972e+10
       59.782264   6.9205289e+10
       59.797512   1.2505261e+11
       59.812760   7.8809019e+10
       59.828008   1.7272213e+10
       59.844130  -6.5088891e+10
       59.859488   6.0710469e+10
       59.874720   9.9197843e+10
       59.889968   5.5888430e+10
       59.905189   1.7618635e+10
       59.921095   8.5943327e+10
       59.936680   1.6486554e+11
       59.951928   8.8146636e+10
       59.967176   2.9422749e+10
       59.982888   1.0137016e+11
       59.998672  -8.5681112e+10
       60.013920   1.3316522e+11
       60.029491   7.1732798e+08
       60.045396  -2.6799984e+10
       60.060876   1.2630785e+11
       60.076896   1.1292090e+11
       60.092278   4.2021644e+10
       60.108392  -4.0179070e+10
       60.123624   2.3365063e+10
       60.138872  -9.2832047e+09
       60.154120  -3.2354681e+09
       60.170266   1.1727847e+11
       60.185616  -4.4768271e+10
       60.201682   2.4106752e+10
       60.217886   1.2634210e+11
       60.234070  -1.6864325e+10
       60.249624   1.1714726e+11
       60.265489   5.8303504e+09
       60.281690  -1.6494082e+10
       60.297891  -3.1030490e+10
       60.314092   1.1741617e+11
       60.329857   3.5519845e+10
       60.345477   2.2530564e+10
       60.361678   6.7423034e+10
       60.377879   5.5745892e+10
       60.394302  -1.1401076e+11
       60.411261   6.4216250e+10
       60.427431   1.6757131e+11
       60.443632   8.7108136e+10
       60.459815   5.3754705e+10
       60.476000  -4.6977921e+10
       60.493136   6.7540290e+10
       60.508480  -1.1425966e+11
       60.525411   6.5155536e+10
       60.540983   1.1452914e+11
       60.556988   1.7273770e+10
       60.573189   7.6283546e+10
       60.589373   2.7476897e+10
       60.605574   1.2757198e+11
       60.621775  -4.8204243e+10
       60.638495  -6.2143935e+10
       60.654680  -6.0155250e+10
       60.670794  -1.4545083e+10
       60.687562  -8.7852678e+10
       60.703746   3.9405397e+10
       60.719964   2.5456510e+11
       60.736165   8.8474649e+10
       60.752366   2.8261236e+09
       60.768567  -1.0214747e+11
       60.784854   3.7605265e+10
       60.801952   5.0841988e+10
       60.818153   5.7552274e+10
       60.834370   2.2803922e+09
       60.850572  -7.0701102e+10
       60.866773  -1.1850458e+10
       60.883766   7.9044271e+10
       60.900150  -1.3607005e+11
       60.916376  -5.8817046e+10
       60.933246  -8.6386140e+10
       60.948562   9.5465982e+08
       60.964674   2.7689496e+10
       60.981282   1.7764365e+10
       60.997982  -7.8749510e+10
       61.014684  -4.7677920e+10
       61.031290  -1.2548256e+11
       61.048086  -5.7356375e+10
       61.064580  -2.4371732e+10
       61.081957  -7.2720460e+10
       61.099339   9.8931659e+09
       61.114873  -6.0947174e+10
       61.131196  -1.5237530e+11
       61.148275  -6.4960029e+10
       61.164504  -2.9607304e+10
       61.181658   3.5042393e+09
       61.197878  -1.1341625e+11
       61.214966   9.7932928e+10
       61.231280  -3.1050373e+10
       61.248260   4.4429554e+10
       61.264661  -7.2746864e+10
       61.281582  -1.9233321e+11
       61.298084   6.4215268e+10
       61.314285   1.0220310e+11
       61.330486  -7.8383374e+10
       61.346670   1.0008736e+10
       61.363334   6.6355575e+10
       61.380072  -8.6657314e+10
       61.396273  -5.0105402e+10
       61.412474   8.7365143e+10
       61.428675   4.5036776e+10
       61.444876   8.3328374e+10
       61.461060   6.5578232e+10
       61.477261   9.5240166e+10
       61.493360   1.6862712e+11
       61.508702  -9.7241635e+09
       61.525856   1.1979684e+11
       61.541105  -3.7471728e+10
       61.557264   2.6387468e+10
       61.572600  -1.1891941e+11
       61.588651  -4.4881993e+10
       61.604852  -1.3746671e+11
       61.621053  -4.7581214e+10
       61.636592  -5.7762219e+10
       61.652455  -1.7166814e+11
       61.668673  -8.8222889e+10
       61.684874   3.9318636e+10
       61.700600  -2.9100193e+10
       61.716269  -6.9971952e+10
       61.732449  -5.5557532e+10
       61.748328   6.5889698e+10
       61.763845  -9.5285022e+10
       61.780046  -1.9183771e+11
       61.796056   1.4510594e+10
       61.811448  -3.7658258e+10
       61.827647   6.9077861e+10
       61.843785  -8.2646419e+10
       61.859048   4.8327953e+10
       61.874280   3.0689289e+08
       61.889528   1.0759589e+11
       61.905620  -1.2105353e+11
       61.921008   2.9116067e+10
       61.936240   5.0229096e+10
       61.951488   5.3112469e+10
       61.967390   1.0071579e+10
       61.982984   7.9950161e+10
       61.998232  -4.7524564e+10
       62.013480   9.9550350e+09
       62.028728   9.9100197e+10
       62.044395  -6.6357611e+10
       62.060224  -8.0727679e+09
       62.075472   7.6326180e+10
       62.091015   7.6890232e+09
       62.106964  -4.7774165e+10
       62.122386   4.2897172e+10
       62.138601   8.9471915e+10
       62.154802  -2.9960267e+10
       62.171003   6.1348268e+10
       62.187192   1.9864277e+10
       62.202440   3.5799409e+10
       62.218606  -1.8297309e+10
       62.234790  -3.7177117e+10
       62.251008   4.0105195e+10
       62.267209  -3.3965673e+10
       62.283410  -4.3318652e+10
       62.299611  -1.9368878e+10
       62.315812  -1.3019983e+11
       62.332013   8.5888429e+10
       62.348214   8.5898201e+10
       62.364415  -7.8475118e+10
       62.381064   6.4512557e+09
       62.397800  -6.5655768e+10
       62.413995   2.8402879e+10
       62.430173   2.6346104e+10
       62.446403   3.1602250e+10
       62.462604  -2.0498005e+10
       62.478805   1.0401968e+10
       62.495006  -5.8548204e+10
       62.511120   1.2169614e+11
       62.526391   1.4113163e+11
       62.542592   1.4521200e+10
       62.558793  -6.9665470e+09
       62.574112  -4.1536245e+10
       62.590195   4.5629848e+10
       62.606396  -5.3898677e+10
       62.622580   6.0643455e+10
       62.638104   6.6064176e+10
       62.653352   7.5010892e+10
       62.669200   1.1703791e+11
       62.685401   8.8721696e+10
       62.701973   1.1424325e+09
       62.717763   7.0392732e+10
       62.732987   1.6719155e+11
       62.748824   2.2874885e+11
       62.764389   2.0515981e+10
       62.780320   7.2549420e+10
       62.795791  -2.1457818e+10
       62.811800   4.8771702e+10
       62.827176  -2.1486627e+10
       62.843360   8.7277554e+10
       62.859528  -3.8626019e+10
       62.874760   1.7518194e+11
       62.890946   4.5367579e+10
       62.907130   5.2120221e+10
       62.923348   8.2789896e+10
       62.938752   9.9442522e+09
       62.954750   4.0439443e+10
       62.970951   6.7162148e+10
       62.987152   8.2729956e+10
       63.003343   1.0007588e+11
       63.018985   1.6168271e+11
       63.034755   5.3317904e+10
       63.050956   8.7107089e+10
       63.066720   4.5123104e+10
       63.082358   8.8049185e+10
       63.098232   2.5659843e+10
       63.113480   9.2511761e+10
       63.128957   1.7225537e+11
       63.144947   6.1737638e+10
       63.160346   4.7491229e+09
       63.176440   1.8967286e+11
       63.191688   2.2497514e+11
       63.206936   6.0792533e+10
       63.222184   1.1821387e+11
       63.237432   9.6201123e+10
       63.252680   1.5728082e+11
       63.267944   9.8298911e+10
       63.283180   1.2241255e+11
       63.298435   1.7421715e+11
       63.313688   9.3036182e+10
       63.329540   9.4954695e+10
       63.345168   3.9611680e+10
       63.360416   1.5971380e+11
       63.376143   2.7784541e+09
       63.391912   1.8566144e+11
       63.407160   4.9030388e+10
       63.422408   9.7081806e+10
       63.437930   2.3235586e+10
       63.453888   1.0821673e+11
       63.469315   5.2832469e+10
       63.485533   6.2085988e+10
       63.501632   2.1169929e+11
       63.516990   1.4098691e+10
       63.534128   1.3046439e+11
       63.549376   2.5790972e+11
       63.565538   2.8907520e+10
       63.582590   1.3788158e+11
       63.598937   1.2301960e+10
       63.615141   3.2624290e+10
       63.631325   1.1758635e+11
       63.647526   1.6006973e+11
       63.663710   5.2955962e+10
       63.679911  -6.1396203e+09
       63.696095   1.3976710e+11
       63.712296  -6.3385196e+10
       63.728480  -9.1085017e+10
       63.744681   6.5902047e+10
       63.760865  -3.1979345e+10
       63.776768  -3.1976734e+10
       63.792250   1.7302844e+11
       63.808451  -4.3053170e+10
       63.824635   2.0258294e+11
       63.840836   5.6682244e+10
       63.856959  -1.3496805e+10
       63.872234   8.6236250e+10
       63.889405   8.2544456e+10
       63.904720   6.0383906e+10
       63.920841  -2.4570304e+10
       63.937014   3.0837677e+10
       63.953235   5.8542564e+10
       63.969444   1.4904106e+11
       63.984960   2.5302458e+10
       64.000846   1.4904460e+11
       64.017030   5.4855923e+10
       64.033248   1.0102946e+11
       64.049449   4.5625059e+10
       64.065650   5.6708023e+10
       64.081851   4.9973585e+09
       64.098035   3.0855284e+10
       64.114236  -3.0089743e+10
       64.130680  -6.0786922e+09
       64.147621   1.3428525e+11
       64.163653   8.9962063e+10
       64.179008   7.8882558e+10
       64.195224   5.4874953e+10
       64.211425   1.6092377e+10
       64.227626   2.5328456e+10
       64.243810   3.6411405e+10
       64.260028  -5.0389822e+10
       64.276229   5.4883567e+10
       64.292430  -2.4530176e+10
       64.307888   6.8683620e+09
       64.323832  -3.0067339e+10
       64.340033  -8.5471752e+10
       64.356234  -9.2857510e+10
       64.371880   1.1030006e+11
       64.387636   3.0886325e+10
       64.403820  -4.1139928e+10
       64.419608   2.1655427e+10
       64.435205   1.3246944e+11
       64.451418  -4.8522220e+10
       64.467340   4.7516821e+10
       64.482825  -1.0023115e+11
       64.499026  -5.2210763e+10
       64.515227  -2.8199701e+10
       64.531344  -6.1441649e+10
       64.546629   1.2694096e+11
       64.562830   7.3383431e+10
       64.579031   5.6763327e+10
       64.594320   2.3521379e+10
       64.610390  -6.1432961e+10
       64.625822   6.7849771e+10
       64.641835   3.4607828e+10
       64.657328  -2.8184056e+10
       64.673220  -8.1741585e+10
       64.688808   6.0469249e+10
       64.704047   8.7585944e+09
       64.719296  -4.4798931e+10
       64.735024   3.2771408e+10
       64.750793  -1.1867030e+11
       64.766415  -4.1625292e+09
       64.782280   3.8317255e+10
       64.797528  -6.6952665e+10
       64.812995  -7.8510384e+09
       64.829008   1.3850648e+09
       64.844380   4.3864850e+10
       64.860488  -1.8927027e+10
       64.875720   1.0850884e+11
       64.890968   9.7429361e+10
       64.907150  -1.2049971e+11
       64.922464  -1.3379421e+10
       64.938569  -1.1126185e+11
       64.953960  -5.0313349e+10
       64.969971  -9.6483382e+10
       64.985440  -3.7381751e+10
       65.000688   9.3747864e+10
       65.016557  -1.0386562e+11
       65.032175  -2.9989013e+10
       65.047424   3.2806363e+10
       65.062680   1.0645659e+10
       65.077928   4.5737966e+10
       65.093160   2.7271003e+10
       65.107746  -6.6917680e+10
       65.121380  -2.9978502e+10
       65.135185  -4.2904848e+10
       65.147376  -2.9974996e+10
       65.158650   2.3586023e+10
       65.169133   9.9309500e+10
       65.179504  -4.8438453e+10
       65.188072   1.2147546e+11
       65.195696   4.5755491e+10
       65.202405  -3.5505094e+10
       65.207340  -2.2575241e+10
       65.211280   4.2067007e+10
       65.215093  -4.0927864e+08
       65.217453   6.2386100e+10
       65.218679   8.8285846e+09
       65.219000   1.7135501e+11
       65.218415   6.9852180e+09
       65.217462  -2.6256713e+10
       65.215527   5.1313636e+10
       65.212224  -5.2109405e+10
       65.208015   1.4379716e+10
       65.203250   3.1003310e+10
       65.198182   1.0118617e+11
       65.192215  -7.4264852e+10
       65.185328   6.9792866e+10
       65.177866   3.2857191e+10
       65.170965   3.6552686e+10
       65.162456   7.7185607e+10
       65.154820  -2.6237437e+10
       65.146260  -6.1326241e+10
       65.137676   2.0831872e+11
       65.129098   1.0705240e+10
       65.121367  -2.2211101e+09
       65.112955   5.1339909e+10
       65.105120   4.5801043e+10
       65.096808  -3.7306417e+10
       65.089513  -8.9017065e+10
       65.082248  -3.1762305e+10
       65.075171  -9.8247924e+10
       65.068500  -8.5318077e+10
       65.061829   2.9189693e+10
       65.055570  -3.5850236e+08
       65.049852   2.7346314e+10
       65.044450  -2.6211209e+10
       65.039685   1.2892773e+11
       65.034925   2.9198420e+10
       65.030328  -7.7372610e+09
       65.026516  -1.1116031e+11
       65.022852  -4.0400296e+09
       65.020919   3.3491993e+09
       65.018060   7.1685181e+10
       65.016136  -3.3584742e+10
       65.014230  -5.0204843e+10
       65.012324  -4.0313189e+09
       65.011209   1.8132878e+10
       65.011000   6.2459530e+10
       65.010303   6.0614398e+10
       65.010000   8.9037396e+09
       65.010000   3.1067934e+10
       65.010556   2.5529057e+10
       65.011000   9.9405647e+10
       65.011462  -3.3567352e+10
       65.012415  -1.0189986e+11
       65.013368  -8.7123150e+10
       65.014320  -3.1846593e+08
       65.015273   2.1845723e+10
