7.000000000000000000e+02 1.081622019773203953e-06 1.924467096578212669e-06
7.300000000000000000e+02 0.000000000000000000e+00 1.599470840175888712e-05
7.600000000000000000e+02 0.000000000000000000e+00 1.200544548773634773e-04
7.900000000000000000e+02 0.000000000000000000e+00 6.650503930777576641e-04
8.200000000000000000e+02 0.000000000000000000e+00 2.735823656996988137e-03
8.500000000000000000e+02 6.910811588460322131e-04 8.486335596026916422e-03
8.800000000000000000e+02 7.108384360762581844e-03 2.030151812896257429e-02
9.100000000000000000e+02 3.459781717505502896e-02 3.866264253128177952e-02
9.400000000000000000e+02 6.101281785561690069e-02 6.076558397701008890e-02
9.700000000000000000e+02 8.956689084616818730e-02 8.134981477094867242e-02
1.000000000000000000e+03 1.170152071770487190e-01 9.525454303039651571e-02
1.030000000000000000e+03 9.867107293821077152e-02 1.003009030175294330e-01
1.060000000000000000e+03 1.117730926490095866e-01 9.766568151405974341e-02
1.090000000000000000e+03 8.841371834227831905e-02 8.994223160536909956e-02
1.120000000000000000e+03 7.752740671744991208e-02 7.976903458894005206e-02
1.150000000000000000e+03 7.305416562650612899e-02 6.885940217643686523e-02
1.180000000000000000e+03 5.531427650728050482e-02 5.790790952994730179e-02
1.210000000000000000e+03 4.541300037905055681e-02 4.752898182882420164e-02
1.240000000000000000e+03 3.818209953386888372e-02 3.831596426871188704e-02
1.270000000000000000e+03 2.668827726482479387e-02 3.044219378872318332e-02
1.300000000000000000e+03 2.560559772968648909e-02 2.375945856404857240e-02
1.330000000000000000e+03 1.447405298624918589e-02 1.807592879084468987e-02
1.360000000000000000e+03 1.454849238915474977e-02 1.334297990730984318e-02
1.390000000000000000e+03 5.905392311598030991e-03 9.555312881613309967e-03
1.420000000000000000e+03 8.692917525666069359e-03 6.582736560765288861e-03
1.450000000000000000e+03 1.622764835336648658e-03 4.251504744762641015e-03
1.480000000000000000e+03 2.914523230545108638e-03 2.511532654170428678e-03
1.510000000000000000e+03 2.986924361056525457e-04 1.373468745917721771e-03
1.540000000000000000e+03 0.000000000000000000e+00 7.885617047102658509e-04
1.570000000000000000e+03 8.347210422283824318e-04 5.944720528054242819e-04
