7.000000000000000000e+02 0.000000000000000000e+00 2.957508719916269450e-06
7.300000000000000000e+02 0.000000000000000000e+00 1.244404510693271682e-05
7.600000000000000000e+02 0.000000000000000000e+00 3.936410402280559879e-05
7.900000000000000000e+02 0.000000000000000000e+00 9.169380167682169235e-05
8.200000000000000000e+02 3.428757582115619213e-04 2.176306442053461466e-04
8.500000000000000000e+02 0.000000000000000000e+00 6.571198734271377524e-04
8.800000000000000000e+02 0.000000000000000000e+00 1.935001770795430516e-03
9.100000000000000000e+02 8.054597346933967377e-04 4.559947766330424423e-03
9.400000000000000000e+02 1.171802612855913847e-02 8.678415324965726291e-03
9.700000000000000000e+02 5.655199312159318002e-03 1.436529312128385395e-02
1.000000000000000000e+03 2.919417838908811361e-02 2.218012695935535350e-02
1.030000000000000000e+03 1.416333210792632483e-02 3.316039159411485887e-02
1.060000000000000000e+03 5.373171850429186297e-02 4.770564716323982823e-02
1.090000000000000000e+03 6.501555445229403873e-02 6.504420386511611252e-02
1.120000000000000000e+03 7.092199043031705008e-02 8.419953673738601874e-02
1.150000000000000000e+03 1.151530662858611664e-01 1.025719076743440983e-01
1.180000000000000000e+03 1.347820048782215896e-01 1.144747491231480757e-01
1.210000000000000000e+03 1.296268740803342423e-01 1.150474047206169331e-01
1.240000000000000000e+03 1.124706535655009415e-01 1.044581280624233832e-01
1.270000000000000000e+03 8.765403358951272261e-02 8.696313433396829495e-02
1.300000000000000000e+03 6.208377364533444048e-02 6.748355775592726480e-02
1.330000000000000000e+03 4.880982942182508777e-02 4.926164294017548739e-02
1.360000000000000000e+03 2.818297261836668136e-02 3.367112856537768373e-02
1.390000000000000000e+03 1.809214407919914822e-02 2.121047509097720440e-02
1.420000000000000000e+03 8.046747847246847260e-03 1.202756904579571628e-02
1.450000000000000000e+03 2.901843430179859053e-03 5.949633619827179344e-03
1.480000000000000000e+03 0.000000000000000000e+00 2.507673503425795168e-03
1.510000000000000000e+03 0.000000000000000000e+00 9.551276538373803474e-04
1.540000000000000000e+03 8.043592599062960712e-04 4.298432436200332833e-04
1.570000000000000000e+03 0.000000000000000000e+00 2.948879058186787698e-04
