       20.016985  -7.0426256e+09
       20.031907  -1.1409918e+11
       20.049590  -9.5281856e+10
       20.064003  -8.5020080e+10
       20.080216  -2.6260032e+10
       20.097352  -1.6963960e+11
       20.111741   2.4843013e+10
       20.129528  -7.2195256e+09
       20.145168   4.3870088e+10
       20.161192  -2.5630426e+10
       20.178851  -1.7293138e+11
       20.193548  -1.2704822e+11
       20.210046   1.9660888e+09
       20.225805  -1.0162678e+11
       20.241180  -9.9922104e+09
       20.257381  -1.2447932e+10
       20.272244  -1.1195178e+10
       20.287182   2.6365813e+10
       20.303632  -9.7398233e+10
       20.319168  -1.3802262e+11
       20.335382   8.1840540e+10
       20.351153   3.8372939e+09
       20.366280   6.9633590e+09
       20.384636   7.2880088e+10
       20.398225  -6.2629203e+09
       20.415374   1.1188144e+11
       20.431575  -3.3182782e+10
       20.445920  -1.1342739e+11
       20.462858   5.6553635e+10
       20.477510   2.2404618e+10
       20.494166  -6.7142855e+10
       20.510563   5.2752669e+10
       20.525380   2.7621469e+10
       20.541610  -3.6617074e+10
       20.556970  -3.1980501e+10
       20.571816   1.0966651e+10
       20.588072  -3.4100508e+10
       20.603855   6.7123254e+10
       20.619790   3.1429237e+10
       20.636445   4.0149263e+10
       20.651682  -4.1190426e+10
       20.668561  -9.0343632e+10
       20.684548   1.2088400e+11
       20.700117  -3.7102325e+10
       20.716905   1.0402387e+11
       20.731440  -1.8095615e+10
       20.748594  -6.3204453e+10
       20.765748   3.5934956e+10
       20.780029  -7.5192896e+10
       20.797048   5.5730147e+10
       20.811675   6.1965007e+10
       20.828364   4.5388388e+10
       20.844767  -2.0482196e+10
       20.859560   5.7916777e+10
       20.876483  -1.0856333e+11
       20.891526   7.7702549e+09
       20.907116   2.5950326e+10
       20.923738  -3.7745541e+10
       20.939472   1.2315506e+10
       20.955542  -1.3369496e+10
       20.971574   5.0270064e+10
       20.987143   5.4482838e+10
       21.004709   1.7642087e+10
       21.020450   6.8105076e+10
       21.035294  -7.7323765e+10
       21.052176   8.4618850e+10
       21.067602   7.9059869e+09
       21.084714   4.7067070e+10
       21.100898   5.7443891e+10
       21.116168   3.5006010e+10
       21.133218  -3.9670203e+09
       21.147810  -3.9077639e+10
       21.164526  -3.7714378e+10
       21.180144   7.3473565e+10
       21.195191  -2.1288285e+10
       21.211859   4.6781557e+10
       21.228506  -7.0710809e+10
       21.244136   3.1699549e+10
       21.260946  -3.7168650e+10
       21.277624  -1.2435912e+10
       21.294151   3.6625073e+10
       21.310348  -5.4993312e+10
       21.324344   1.4243719e+10
       21.339879   3.0427918e+10
       21.355585  -1.6637815e+10
       21.370648  -4.5432132e+10
       21.388160  -1.7254241e+10
       21.402666  -1.7647936e+10
       21.418867  -2.0146575e+10
       21.435060  -2.4738555e+10
       21.449355   1.9515258e+10
       21.466362  -4.8350170e+10
       21.481792   3.8589110e+10
       21.497824   6.4347476e+10
       21.513792  -9.7713063e+09
       21.528703   4.2374254e+10
       21.544424  -3.3884025e+10
       21.560597   3.2418424e+10
       21.576802  -7.2755508e+09
       21.593522   1.0577307e+11
       21.609230  -3.9990636e+10
       21.624812   1.3842570e+10
       21.641192   3.5012983e+10
       21.656763   7.4438025e+10
       21.672964  -2.0812809e+11
       21.688904  -3.6433265e+10
       21.704564   6.1836824e+10
       21.721265   4.1832079e+10
       21.735768  -1.2910017e+10
       21.752026  -1.4784002e+10
       21.769135  -4.7565159e+08
       21.783430   5.6509896e+10
       21.801385   1.5576692e+10
       21.816888   8.6578163e+10
       21.832943  -3.8146180e+10
       21.849914  -6.3169204e+10
       21.864901   1.0115334e+11
       21.881222  -1.9915082e+10
       21.896495   1.5046901e+09
       21.912548   3.2958776e+10
       21.929163  -6.6134375e+10
       21.944872  -2.2757532e+10
       21.960992  -6.0259420e+09
       21.977749   3.9079982e+10
       21.993950   6.3655633e+10
       22.009848   3.5101285e+10
       22.024840   3.2877767e+10
       22.039762   2.2348697e+10
       22.056430   4.4263997e+10
       22.070824  -2.7701050e+10
       22.086156  -8.9624080e+10
       22.102336  -9.2614816e+10
       22.117584  -3.6667583e+10
       22.134686   8.9465288e+09
       22.149172   6.2564628e+10
       22.165973  -6.1213279e+10
       22.182345   2.8053232e+08
       22.197808  -4.4306907e+10
       22.214438   6.7362813e+09
       22.229660   1.6904223e+10
       22.245149   2.0837590e+10
       22.261882  -5.9109010e+09
       22.277545  -4.4994624e+10
       22.292752   6.6581753e+10
       22.308544  -2.1618412e+10
       22.324516  -1.8234496e+10
       22.341338  -3.9398590e+10
       22.357272  -5.8616905e+10
       22.372960  -7.7924067e+10
       22.389595   2.4931513e+10
       22.404268   1.3841353e+09
       22.421342  -7.9776265e+09
       22.437465   4.5749139e+10
       22.451760   3.6459229e+09
       22.469822  -3.4446076e+10
       22.484365  -4.4075788e+10
       22.500348  -6.8025618e+10
       22.516549  -3.7018621e+10
       22.532733  -4.2737495e+10
       22.549636   3.5031707e+10
       22.564810   2.9219765e+10
       22.579712  -2.1458122e+10
       22.596062  -5.7913496e+10
       22.612192   2.3767043e+10
       22.628344  -4.1283857e+10
       22.644246   4.2367780e+10
       22.659660   1.5966939e+10
       22.676491  -5.7323097e+10
       22.692140   3.4395222e+10
       22.707122   5.4778722e+10
       22.723909  -7.3594213e+10
       22.739396   9.9080493e+09
       22.756408  -6.1455397e+10
       22.771697  -6.7637589e+10
       22.787898  -1.6787054e+10
       22.803152   1.4493427e+09
       22.818384   4.4121699e+10
       22.836188  -4.9042027e+09
       22.852685  -1.5229975e+10
       22.868128  -1.9453997e+10
       22.884798  -5.8324547e+10
       22.900624   2.6313604e+09
       22.917106  -4.6443634e+10
       22.933673  -1.4027661e+10
       22.949368  -4.2742687e+10
       22.965092   1.6146844e+10
       22.980864   8.1142983e+10
       22.996494  -1.8900188e+10
       23.012672   2.1636608e+10
       23.028581  -2.7479331e+10
       23.044080  -2.9737758e+10
       23.060085  -2.9962380e+10
       23.075467   2.4089880e+09
       23.091584  -2.8383847e+10
       23.106832   5.2880717e+10
       23.122072  -7.1640156e+10
       23.139226  -1.8904761e+10
       23.154544   9.3793423e+09
       23.170654   3.3586418e+10
       23.186024   2.7807192e+09
       23.202039  -1.9876925e+10
       23.218223  -2.2161107e+10
       23.233752  -8.5570497e+10
       23.249597  -2.2838050e+09
       23.265216  -1.6796313e+10
       23.279920   2.3701908e+10
       23.294208   4.3824510e+10
       23.309786   1.3009985e+10
       23.326951   8.6105171e+10
       23.344479  -3.0283705e+10
       23.361998   7.9484714e+10
       23.378446   1.2609156e+11
       23.395184   6.2675631e+10
       23.410601   1.5003072e+11
       23.426908   1.7340461e+10
       23.443885   1.1488268e+11
       23.458216  -7.6894179e+10
       23.475352   1.2252092e+11
       23.490672   1.2837724e+11
       23.507660   8.9409452e+10
       23.523991   5.4516576e+10
       23.539416  -1.7050512e+10
       23.555393   1.9866393e+11
       23.571594   1.0468493e+11
       23.587144   2.7005944e+10
       23.602986   1.4695990e+11
       23.618100   1.4466681e+11
       23.633381   2.2794709e+11
       23.649136   1.7675534e+11
       23.664374   3.3338469e+11
       23.679626   1.8847029e+11
       23.694545   1.9229074e+11
       23.709869   2.9187164e+11
       23.727553   2.3660628e+11
       23.744078   2.0579038e+11
       23.761938   2.8092277e+11
       23.778072   3.1123109e+11
       23.793360   2.6615376e+11
       23.810497   2.8016296e+11
       23.826741   2.7991024e+11
       23.842064   3.2448186e+11
       23.858144   3.9554071e+11
       23.873544   3.5861489e+11
       23.890266   4.5208637e+11
       23.905991   4.3553573e+11
       23.921885   4.4343461e+11
       23.937488   4.2688458e+11
       23.951644   5.7740610e+11
       23.965470   5.2825739e+11
       23.979328   5.4838202e+11
       23.993075   6.3574333e+11
       24.008802   5.6825820e+11
       24.026598   6.3524559e+11
       24.043734   6.2277273e+11
       24.060456   5.5732605e+11
       24.075873   7.4248696e+11
       24.091952   7.9317601e+11
       24.107275   7.0735576e+11
       24.123448   7.2137126e+11
       24.138696   9.6561976e+11
       24.153928   7.7792792e+11
       24.170966   8.3065586e+11
       24.186427   8.2226069e+11
       24.202464   9.3815074e+11
       24.218678   1.0744157e+12
       24.234157   1.0171228e+12
       24.249410   1.0046541e+12
       24.265268   1.1979689e+12
       24.279798   1.2425497e+12
       24.293650   1.3482545e+12
       24.308871   1.3296748e+12
       24.325904   1.3090580e+12
       24.343624   1.4677380e+12
       24.360474   1.7201409e+12
       24.376675   1.5385659e+12
       24.392648   1.4914635e+12
       24.408077   1.4830732e+12
       24.424128   1.7028786e+12
       24.439376   1.7107886e+12
       24.454663   1.6392381e+12
       24.470864   1.8325574e+12
       24.486105   2.0095774e+12
       24.502249   1.9971142e+12
       24.518450   2.1150486e+12
       24.533832   2.1168485e+12
       24.549852   2.2918322e+12
       24.565344   2.0980367e+12
       24.581254   2.3585945e+12
       24.597455   2.3909574e+12
       24.613072   2.5842800e+12
       24.628320   2.5392203e+12
       24.643568   2.8242290e+12
       24.658816   2.8525184e+12
       24.674064   2.9174823e+12
       24.688648   3.1393309e+12
       24.703130   3.0229618e+12
       24.720033   3.2060996e+12
       24.736456   3.3749750e+12
       24.753463   3.5255139e+12
       24.769552   3.6353041e+12
       24.784900   3.5882103e+12
       24.802032   3.7713498e+12
       24.817280   3.7222193e+12
       24.833419   3.8707227e+12
       24.849620   4.0864623e+12
       24.864992   4.3103523e+12
       24.881005   4.0635898e+12
       24.897189   4.5258630e+12
       24.913390   4.8455143e+12
       24.928952   4.7515624e+12
       24.944200   4.6922473e+12
       24.959959   5.1850837e+12
       24.976160   5.2867285e+12
       24.991912   5.3272501e+12
       25.007545   5.6143041e+12
       25.023392   5.4694178e+12
       25.038947   6.1578514e+12
       25.055144   6.1657748e+12
       25.071136   6.3489199e+12
       25.086533   6.4994660e+12
       25.102616   6.8965450e+12
       25.117935   6.8759452e+12
       25.134128   7.4665831e+12
       25.149376   7.8555131e+12
       25.164624   7.6250564e+12
       25.180722   8.0934481e+12
       25.195285   8.0932248e+12
       25.211878   8.5555048e+12
       25.229032   8.4411846e+12
       25.245492   8.9849636e+12
       25.262322   9.3474090e+12
       25.278296   9.3594124e+12
       25.294612   9.6546224e+12
       25.310784   1.0129129e+13
       25.326473   1.0395815e+13
       25.342640   1.0171475e+13
       25.358483   1.1108486e+13
       25.373998   1.1358873e+13
       25.390199   1.1584812e+13
       25.406184   1.1853538e+13
       25.421581   1.2417695e+13
       25.437550   1.3006302e+13
       25.452062   1.2449858e+13
       25.469176   1.3207575e+13
       25.484424   1.3445740e+13
       25.500572   1.3553509e+13
       25.516790   1.4431436e+13
       25.532168   1.5115806e+13
       25.548192   1.5516969e+13
       25.563664   1.5082775e+13
       25.579577   1.6101288e+13
       25.595795   1.6414842e+13
       25.611408   1.6789519e+13
       25.627197   1.7545202e+13
       25.643390   1.8223461e+13
       25.659565   1.8979145e+13
       25.675766   1.9313075e+13
       25.691616   1.9946511e+13
       25.707472   2.0349715e+13
       25.724112   2.1085025e+13
       25.739570   2.1518791e+13
       25.755771   2.2150192e+13
       25.771840   2.3060724e+13
       25.787104   2.3932545e+13
       25.802396   2.4180904e+13
       25.819550   2.4901954e+13
       25.836704   2.5504831e+13
       25.854720   2.6392954e+13
       25.870328   2.6861360e+13
       25.887162   2.7716883e+13
       25.903580   2.8873950e+13
       25.919781   2.8602760e+13
       25.935971   3.0024698e+13
       25.952166   3.0649990e+13
       25.968900   3.1474953e+13
       25.985064   3.2263242e+13
       26.000312   3.3016894e+13
       26.016380   3.3601439e+13
       26.032808   3.4475302e+13
       26.048670   3.5481601e+13
       26.065288   3.6634596e+13
       26.080536   3.6825913e+13
       26.095958   3.7824062e+13
       26.112032   3.9358063e+13
       26.127360   3.9912048e+13
       26.143561   4.0891861e+13
       26.159745   4.2792606e+13
       26.175008   4.3796870e+13
       26.190256   4.4579051e+13
       26.206348   4.5291959e+13
       26.223346   4.6834112e+13
       26.238988   4.7693718e+13
       26.254934   4.8903766e+13
       26.270480   5.0193276e+13
       26.285728   5.2352780e+13
       26.301537   5.2890469e+13
       26.317738   5.4601733e+13
       26.333472   5.5080336e+13
       26.348704   5.6653054e+13
       26.363952   5.8235960e+13
       26.379525   5.9558071e+13
       26.395731   6.1805188e+13
       26.411712   6.3471630e+13
       26.427330   6.5113623e+13
       26.444208   6.6505010e+13
       26.459530   6.8377236e+13
       26.475704   7.0866812e+13
       26.490952   7.2176701e+13
       26.506200   7.3013900e+13
       26.522336   7.4753693e+13
       26.538518   7.5810939e+13
       26.555526   7.9034001e+13
       26.571903   8.0749346e+13
       26.587392   8.1651745e+13
       26.603952   8.4023152e+13
       26.620489   8.5781284e+13
       26.636673   8.7545529e+13
       26.652891   9.0116607e+13
       26.669092   9.2875131e+13
       26.685293   9.3304843e+13
       26.701112   9.6004282e+13
       26.716678   9.8359391e+13
       26.732879   1.0025607e+14
       26.749063   1.0174323e+14
       26.765264   1.0424911e+14
       26.781304   1.0659403e+14
       26.796649   1.0771240e+14
       26.812783   1.0989433e+14
       26.828016   1.1334356e+14
       26.843248   1.1518931e+14
       26.859419   1.1798247e+14
       26.875620   1.1937183e+14
       26.891008   1.2287199e+14
       26.906256   1.2454863e+14
       26.922206   1.2831978e+14
       26.939090   1.3012070e+14
       26.955614   1.3230263e+14
       26.971819   1.3569278e+14
       26.987496   1.3775857e+14
       27.003228   1.4057823e+14
       27.019429   1.4329397e+14
       27.035224   1.4566131e+14
       27.050831   1.4752948e+14
       27.067032   1.5041026e+14
       27.082984   1.5436274e+14
       27.098431   1.5605161e+14
       27.114448   1.5910965e+14
       27.129802   1.6123046e+14
       27.146003   1.6441890e+14
       27.162192   1.6772551e+14
       27.177440   1.6833656e+14
       27.193606   1.7154130e+14
       27.208936   1.7462379e+14
       27.224991   1.7699725e+14
       27.240416   1.7907935e+14
       27.256376   1.8263046e+14
       27.272577   1.8472274e+14
       27.287495   1.8804158e+14
       27.302376   1.8941261e+14
       27.318702   1.9225876e+14
       27.335364   1.9243177e+14
       27.352455   1.9334640e+14
       27.369766   1.9631073e+14
       27.385616   1.9836023e+14
       27.401146   2.0010412e+14
       27.417335   2.0087206e+14
       27.433726   2.0231440e+14
       27.450720   2.0387899e+14
       27.466792   2.0462657e+14
       27.482104   2.0648455e+14
       27.498272   2.0814694e+14
       27.514507   2.0807953e+14
       27.530677   2.0850722e+14
       27.546890   2.1121890e+14
       27.562264   2.1246361e+14
       27.577484   2.1242065e+14
       27.593498   2.1222488e+14
       27.609713   2.1360203e+14
       27.625272   2.1403380e+14
       27.641115   2.1265834e+14
       27.657864   2.1448781e+14
       27.674016   2.1443466e+14
       27.689693   2.1650454e+14
       27.705902   2.1608669e+14
       27.721744   2.1433227e+14
       27.737616   2.1574202e+14
       27.754240   2.1478832e+14
       27.769472   2.1482686e+14
       27.784890   2.1620605e+14
       27.800968   2.1547240e+14
       27.816292   2.1395432e+14
       27.832493   2.1443703e+14
       27.848694   2.1433499e+14
       27.863960   2.1139477e+14
       27.880079   2.1110121e+14
       27.896297   2.1087284e+14
       27.913292   2.1028181e+14
       27.928952   2.0799358e+14
       27.944200   2.0729661e+14
       27.960084   2.0550755e+14
       27.975680   2.0382648e+14
       27.991486   2.0309080e+14
       28.006719   2.0116523e+14
       28.021536   2.0065978e+14
       28.037632   1.9770123e+14
       28.054032   1.9897243e+14
       28.069264   1.9588756e+14
       28.084811   1.9401090e+14
       28.101012   1.9125405e+14
       28.117024   1.9207702e+14
       28.132414   1.9000680e+14
       28.148598   1.8810977e+14
       28.164799   1.8747799e+14
       28.181000   1.8614737e+14
       28.197201   1.8495937e+14
       28.212496   1.8342093e+14
       28.227744   1.8167467e+14
       28.243804   1.8184362e+14
       28.259988   1.7860390e+14
       28.275477   1.7603654e+14
       28.291401   1.7354457e+14
       28.307608   1.7006444e+14
       28.323809   1.6699587e+14
       28.339984   1.5996241e+14
       28.356185   1.5613387e+14
       28.372830   1.4860326e+14
       28.389208   1.3976258e+14
       28.404797   1.3310401e+14
       28.420998   1.2742342e+14
       28.436952   1.2157373e+14
       28.452582   1.1701374e+14
       28.469432   1.1305277e+14
       28.484785   1.1072380e+14
       28.500986   1.0855375e+14
       28.517187   1.0468446e+14
       28.533388   1.0247978e+14
       28.549589   1.0136513e+14
       28.564904   9.8769260e+13
       28.580155   9.7654616e+13
       28.596188   9.6360677e+13
       28.612393   9.4439201e+13
       28.627912   9.2572737e+13
       28.643778   9.1761676e+13
       28.659979   8.9925774e+13
       28.675640   8.9905247e+13
       28.691381   8.7957286e+13
       28.707136   8.6964893e+13
       28.723182   8.6029549e+13
       28.739632   8.6045697e+13
       28.754864   8.4588764e+13
       28.770386   8.4570277e+13
       28.786587   8.3392476e+13
       28.802624   8.2320624e+13
       28.817989   8.2397898e+13
       28.834225   8.1916909e+13
       28.851121   8.0070823e+13
       28.865590   7.9510374e+13
       28.881774   7.8471122e+13
       28.897096   7.9540639e+13
       28.914012   7.8405628e+13
       28.930379   7.7394902e+13
       28.946563   7.7517002e+13
       28.962757   7.6722247e+13
       28.978325   7.6506130e+13
       28.994183   7.5623765e+13
       29.009832   7.5786615e+13
       29.025064   7.4957225e+13
       29.040769   7.4804270e+13
       29.056553   7.4225487e+13
       29.071798   7.4096983e+13
       29.087372   7.4200749e+13
       29.103573   7.3911286e+13
       29.119774   7.3774633e+13
       29.135958   7.2627401e+13
       29.152046   7.2594658e+13
       29.167281   7.3543971e+13
       29.182578   7.2871467e+13
       29.198779   7.3048584e+13
       29.214024   7.2268096e+13
       29.230164   7.2219055e+13
       29.246365   7.3251905e+13
       29.262566   7.2724063e+13
       29.278767   7.2230857e+13
       29.294264   7.1662266e+13
       29.309512   7.1843460e+13
       29.325353   7.0965176e+13
       29.341571   7.0893726e+13
       29.357772   7.1867491e+13
       29.373973   7.0820099e+13
       29.390174   7.1494359e+13
       29.406358   7.1396423e+13
       29.422232   7.2276466e+13
       29.437471   7.1383923e+13
       29.452703   7.1503995e+13
       29.468162   7.1373461e+13
       29.484224   7.2066060e+13
       29.499564   7.1034970e+13
       29.515748   7.0753665e+13
       29.531949   7.0784091e+13
       29.547184   7.1226084e+13
       29.563334   7.1340046e+13
       29.578664   7.1113754e+13
       29.594719   7.0406621e+13
       29.611662   7.0846578e+13
       29.628834   7.1793861e+13
       29.644656   7.1082655e+13
       29.659285   7.1092709e+13
       29.675286   7.0253143e+13
       29.691376   7.0772562e+13
       29.707109   7.0807067e+13
       29.723310   7.1954023e+13
       29.739504   7.1149095e+13
       29.755701   7.1629804e+13
       29.771624   7.1896579e+13
       29.787114   7.0775847e+13
       29.803104   7.1767958e+13
       29.818516   7.1427572e+13
       29.834717   7.1415217e+13
       29.850864   7.1512885e+13
       29.866112   7.1516831e+13
       29.881344   7.2007729e+13
       29.897504   7.0911448e+13
       29.914552   7.1903561e+13
       29.931706   7.2451509e+13
       29.947304   7.2105013e+13
       29.962552   7.1986713e+13
       29.978458   7.1389611e+13
       29.994659   7.1856062e+13
       30.010280   7.1990407e+13
       30.025519   7.1715224e+13
       30.040768   7.1743622e+13
       30.056463   7.2511617e+13
       30.072664   7.1370516e+13
       30.088848   7.2403381e+13
       30.105066   7.2494942e+13
       30.121267   7.1698171e+13
       30.137264   7.2796236e+13
       30.152512   7.3488848e+13
       30.167853   7.2714490e+13
       30.183992   7.2742891e+13
       30.199238   7.2528835e+13
       30.215456   7.3771561e+13
       30.231657   7.4150405e+13
       30.247858   7.4184920e+13
       30.264059   7.4345757e+13
       30.279464   7.4121515e+13
       30.294712   7.4502398e+13
       30.310622   7.4797708e+13
       30.326834   7.4995221e+13
       30.343047   7.4504073e+13
       30.359248   7.4638425e+13
       30.375449   7.5278066e+13
       30.391633   7.5828060e+13
       30.407851   7.5149467e+13
       30.423696   7.5401993e+13
       30.438944   7.6208707e+13
       30.453930   7.5841847e+13
       30.468638   7.6487602e+13
       30.484839   7.6363200e+13
       30.501040   7.6929495e+13
       30.517241   7.7222772e+13
       30.533416   7.7047433e+13
       30.548664   7.6146760e+13
       30.564844   7.6955515e+13
       30.581028   7.6853526e+13
       30.597246   7.7666355e+13
       30.613434   7.7927034e+13
       30.629644   7.8153077e+13
       30.645849   7.8711225e+13
       30.661384   7.8444203e+13
       30.676632   7.8246456e+13
       30.692435   7.9503453e+13
       30.708636   7.9293481e+13
       30.724837   7.8659718e+13
       30.740624   7.9653884e+13
       30.755872   8.0185547e+13
       30.771423   8.0285270e+13
       30.787636   8.0205697e+13
       30.803829   8.0666050e+13
       30.820043   8.1696892e+13
       30.836376   8.0881797e+13
       30.853344   8.1040608e+13
       30.868592   8.1576348e+13
       30.883824   8.1936868e+13
       30.899057   8.2501133e+13
       30.915196   8.2670132e+13
       30.931399   8.1956913e+13
       30.946784   8.2480430e+13
       30.962784   8.1932245e+13
       30.978985   8.3062924e+13
       30.994528   8.2924269e+13
       31.010387   8.3447787e+13
       31.026588   8.3696249e+13
       31.042789   8.4315528e+13
       31.058504   8.4812560e+13
       31.073752   8.4629082e+13
       31.089358   8.4335582e+13
       31.105559   8.5274743e+13
       31.121743   8.4973093e+13
       31.137712   8.5969304e+13
       31.153128   8.4981031e+13
       31.169346   8.5742935e+13
       31.185455   8.6684135e+13
       31.200775   8.5974995e+13
       31.217946   8.6793948e+13
       31.235082   8.7531404e+13
       31.251334   8.6231402e+13
       31.266666   8.6439119e+13
       31.282733   8.6838357e+13
       31.298176   8.8329673e+13
       31.314852   8.7987277e+13
       31.331339   8.6732101e+13
       31.347523   8.8496437e+13
       31.363741   8.8227390e+13
       31.379416   8.8062255e+13
       31.395143   8.7982692e+13
       31.411344   8.8233199e+13
       31.427528   8.9013444e+13
       31.443392   8.9239501e+13
       31.458930   8.8581302e+13
       31.475127   8.7951628e+13
       31.491318   8.9809689e+13
       31.507384   8.9662893e+13
       31.522632   9.0029536e+13
       31.537918   9.0280045e+13
       31.554119   9.1211064e+13
       31.570303   9.0884973e+13
       31.586504   9.1282179e+13
       31.602688   9.2115402e+13
       31.618889   9.1483693e+13
       31.634304   9.1679191e+13
       31.650291   9.1607784e+13
       31.665816   9.1509889e+13
       31.681693   9.2255502e+13
       31.698476   9.2247256e+13
       31.715078   9.2628165e+13
       31.730305   9.1548218e+13
       31.745024   9.1947464e+13
       31.760681   9.3563073e+13
       31.776876   9.2501463e+13
       31.793369   9.3289865e+13
       31.810284   9.2980077e+13
       31.826468   9.2146664e+13
       31.842512   9.3858034e+13
       31.857760   9.3802930e+13
       31.873071   9.4460936e+13
       31.889272   9.4833698e+13
       31.905473   9.4949741e+13
       31.920752   9.4835551e+13
       31.936858   9.5744165e+13
       31.952248   9.4892417e+13
       31.968277   9.5609510e+13
       31.983744   9.5542183e+13
       31.999679   9.5670453e+13
       32.016502   9.6033030e+13
       32.032472   9.6452656e+13
       32.047720   9.6529989e+13
       32.062960   9.6493226e+13
       32.078658   9.5582393e+13
       32.094868   9.6295414e+13
       32.111069   9.7220331e+13
       32.127562   9.7234505e+13
       32.144208   9.5901920e+13
       32.159456   9.7521611e+13
       32.174704   9.7821029e+13
       32.190074   9.6822588e+13
       32.206184   9.7800481e+13
       32.221432   9.6410848e+13
       32.236680   9.8474706e+13
       32.251928   9.7991742e+13
       32.268062   9.8796452e+13
       32.283424   9.8900277e+13
       32.299464   9.8176894e+13
       32.316392   9.9158864e+13
       32.331470   9.8461968e+13
       32.347067   9.8714529e+13
       32.362654   9.8392526e+13
       32.378461   9.8579888e+13
       32.394144   9.8895611e+13
       32.409854   9.8836441e+13
       32.426038   9.9347760e+13
       32.441872   9.9382314e+13
       32.457423   9.9535041e+13
       32.473896   1.0028271e+14
       32.490808   9.9229258e+13
       32.507186   1.0015011e+14
       32.524210   1.0062068e+14
       32.540494   1.0056355e+14
       32.557575   1.0115433e+14
       32.572808   1.0097699e+14
       32.588965   1.0054293e+14
       32.605193   1.0102369e+14
       32.622264   1.0169597e+14
       32.637816   1.0219303e+14
       32.653805   1.0252302e+14
       32.669307   1.0177927e+14
       32.685203   1.0186273e+14
       32.700792   1.0139607e+14
       32.716605   1.0219671e+14
       32.732806   1.0254097e+14
       32.749007   1.0177277e+14
       32.764784   1.0225353e+14
       32.780032   1.0195802e+14
       32.795264   1.0228801e+14
       32.810528   1.0210253e+14
       32.826012   1.0204337e+14
       32.842213   1.0169488e+14
       32.858414   1.0185577e+14
       32.874598   1.0332470e+14
       32.890752   1.0172318e+14
       32.906000   1.0237713e+14
       32.922201   1.0296181e+14
       32.937496   1.0333459e+14
       32.952730   1.0185532e+14
       32.967976   1.0309402e+14
       32.983984   1.0239917e+14
       33.000206   1.0347692e+14
       33.016407   1.0268835e+14
       33.032608   1.0384759e+14
       33.048232   1.0270450e+14
       33.063993   1.0409398e+14
       33.080194   1.0324428e+14
       33.096830   1.0457875e+14
       33.113202   1.0414470e+14
       33.128786   1.0414259e+14
       33.144993   1.0405898e+14
       33.161186   1.0348842e+14
       33.177383   1.0367987e+14
       33.193432   1.0432975e+14
       33.208664   1.0448046e+14
       33.223968   1.0383859e+14
       33.240128   1.0407894e+14
       33.255391   1.0410128e+14
       33.271538   1.0454334e+14
       33.286872   1.0378126e+14
       33.302940   1.0446374e+14
       33.319141   1.0407045e+14
       33.334616   1.0497501e+14
       33.351222   1.0363837e+14
       33.367744   1.0265829e+14
       33.383945   1.0425559e+14
       33.400146   1.0275799e+14
       33.415856   1.0259085e+14
       33.431104   1.0269266e+14
       33.446749   1.0398638e+14
       33.462584   1.0278218e+14
       33.478129   1.0321609e+14
       33.494322   1.0350534e+14
       33.510536   1.0241524e+14
       33.526573   1.0239072e+14
       33.541923   1.0309562e+14
       33.558139   1.0238652e+14
       33.574304   1.0270838e+14
       33.589552   1.0359664e+14
       33.605708   1.0320947e+14
       33.621909   1.0255945e+14
       33.638093   1.0318285e+14
       33.653512   1.0119220e+14
       33.669478   1.0259798e+14
       33.685008   1.0266515e+14
       33.701538   1.0183788e+14
       33.717504   1.0142218e+14
       33.732752   1.0133044e+14
       33.748483   1.0176028e+14
       33.764684   1.0165631e+14
       33.780885   1.0103890e+14
       33.797086   1.0122628e+14
       33.812971   1.0213086e+14
       33.828212   1.0047027e+14
       33.843689   1.0104885e+14
       33.859873   1.0104471e+14
       33.876091   1.0076552e+14
       33.892216   1.0075120e+14
       33.907493   1.0011953e+14
       33.923694   1.0078980e+14
       33.938944   1.0114630e+14
       33.955079   1.0023753e+14
       33.970440   1.0047586e+14
       33.986481   1.0010906e+14
       34.001936   1.0149244e+14
       34.017184   9.9041321e+13
       34.033084   9.9542479e+13
       34.048664   9.9575023e+13
       34.065044   1.0066093e+14
       34.081687   9.9373204e+13
       34.098352   9.9104205e+13
       34.114665   9.9595178e+13
       34.129894   9.8934988e+13
       34.145474   9.8623203e+13
       34.161400   9.9886372e+13
       34.176876   9.8474361e+13
       34.192896   9.9719194e+13
       34.208276   9.7822269e+13
       34.224377   9.9875973e+13
       34.239663   9.8832742e+13
       34.255881   9.8516884e+13
       34.273028   9.8539244e+13
       34.288384   9.7013137e+13
       34.303632   9.9001644e+13
       34.319668   9.6935611e+13
       34.335112   9.7838154e+13
       34.351053   9.7463211e+13
       34.367271   9.8221095e+13
       34.383451   9.6741851e+13
       34.399649   9.8251557e+13
       34.415344   9.6874186e+13
       34.431058   9.6179364e+13
       34.446848   9.6898537e+13
       34.462477   9.7024811e+13
       34.478344   9.6994201e+13
       34.493592   9.6391065e+13
       34.508824   9.6761834e+13
       34.524264   9.6759749e+13
       34.540463   9.6250337e+13
       34.556651   9.5095052e+13
       34.572867   9.7185436e+13
       34.589064   9.5920128e+13
       34.604297   9.6574105e+13
       34.620451   9.5710177e+13
       34.637534   9.5873128e+13
       34.653872   9.4852316e+13
       34.670073   9.5310699e+13
       34.686274   9.4554757e+13
       34.702447   9.6027793e+13
       34.718026   9.4599491e+13
       34.733860   9.4921365e+13
       34.750061   9.5294176e+13
       34.766262   9.4882565e+13
       34.782024   9.4731750e+13
       34.797664   9.3596843e+13
       34.813848   9.4680727e+13
       34.830049   9.5212460e+13
       34.846233   9.3822872e+13
       34.862232   9.3857466e+13
       34.877618   9.3885949e+13
       34.893926   9.4146701e+13
       34.911003   9.4613237e+13
       34.927204   9.4081420e+13
       34.943405   9.2852792e+13
       34.958688   9.3127808e+13
       34.973936   9.1968454e+13
       34.989994   9.2100848e+13
       35.006205   9.3630939e+13
       35.022381   9.2846478e+13
       35.038589   9.1776773e+13
       35.054144   9.2638578e+13
       35.069979   9.2002853e+13
       35.086154   9.1831667e+13
       35.101372   9.1405800e+13
       35.116120   9.1377238e+13
       35.131766   9.1177529e+13
       35.147616   9.1841702e+13
       35.163168   9.1432136e+13
       35.179369   9.1053131e+13
       35.195553   8.9997691e+13
       35.211771   9.0841162e+13
       35.227856   9.0178952e+13
       35.243173   8.9820323e+13
       35.259374   9.0180917e+13
       35.275541   8.9410722e+13
       35.291742   8.9962838e+13
       35.307958   8.8548807e+13
       35.323328   8.9153897e+13
       35.339362   8.9157937e+13
       35.354824   8.9532795e+13
       35.370072   8.8373447e+13
       35.385948   9.0679815e+13
       35.402166   8.8850144e+13
       35.418367   8.9119055e+13
       35.434568   8.8709493e+13
       35.450312   8.8854119e+13
       35.465953   8.8110415e+13
       35.482154   8.7933123e+13
       35.498024   8.7906604e+13
       35.513272   8.7602991e+13
       35.528723   8.7810780e+13
       35.544752   8.6637173e+13
       35.559982   8.6920348e+13
       35.575369   8.7623240e+13
       35.592510   8.6602443e+13
       35.608711   8.6722623e+13
       35.624912   8.6816315e+13
       35.640224   8.5783295e+13
       35.655472   8.5813827e+13
       35.671498   8.5740449e+13
       35.687699   8.5917678e+13
       35.703900   8.6276242e+13
       35.720101   8.4513812e+13
       35.736302   8.4599357e+13
       35.752503   8.4220362e+13
       35.768704   8.5345010e+13
       35.785370   8.5489642e+13
       35.802106   8.3753700e+13
       35.818307   8.4389360e+13
       35.834184   8.3617136e+13
       35.849432   8.3323716e+13
       35.864660   8.2967134e+13
       35.880080   8.2967108e+13
       35.896160   8.2889658e+13
       35.911496   8.1738469e+13
       35.927697   8.2816259e+13
       35.943898   8.3091290e+13
       35.960099   8.1931952e+13
       35.975384   8.1430712e+13
       35.991501   8.1043571e+13
       36.007702   8.1428626e+13
       36.023903   8.1334879e+13
       36.040816   8.1355230e+13
       36.056624   8.1811596e+13
       36.072489   8.0633923e+13
       36.088120   7.9979876e+13
       36.103891   8.1057668e+13
       36.119616   7.9470466e+13
       36.135293   8.0326176e+13
       36.151488   7.9527470e+13
       36.167333   7.9060871e+13
       36.182896   7.9755622e+13
       36.199097   7.8205095e+13
       36.215104   7.9568133e+13
       36.230499   7.8932426e+13
       36.246582   7.8744959e+13
       36.261868   7.8408758e+13
       36.278085   7.8891615e+13
       36.294286   7.7524461e+13
       36.309576   7.8380174e+13
       36.325688   7.7817816e+13
       36.341072   7.7125061e+13
       36.357034   7.7911501e+13
       36.373260   7.7035375e+13
       36.388784   7.7406174e+13
       36.404659   7.7249272e+13
       36.420264   7.6503544e+13
       36.436044   7.7147363e+13
       36.452220   7.6122504e+13
       36.468436   7.5761857e+13
       36.484647   7.5831114e+13
       36.500848   7.6104116e+13
       36.517049   7.5001835e+13
       36.533233   7.5052755e+13
       36.549434   7.4614686e+13
       36.565635   7.4751180e+13
       36.581728   7.4249949e+13
       36.596976   7.4476092e+13
       36.612224   7.3856690e+13
       36.627472   7.3750727e+13
       36.644542   7.3096689e+13
       36.659968   7.3734398e+13
       36.676042   7.3905530e+13
       36.692243   7.2890863e+13
       36.708444   7.2599493e+13
       36.723944   7.3322777e+13
       36.739818   7.2214387e+13
       36.756023   7.2373295e+13
       36.772231   7.3589644e+13
       36.788432   7.1128384e+13
       36.804184   7.1953541e+13
       36.819432   7.1965754e+13
       36.835018   7.1142610e+13
       36.850912   7.1633625e+13
       36.866420   7.1301508e+13
       36.882408   7.1118126e+13
       36.897822   7.0409080e+13
       36.913904   7.0013803e+13
       36.929224   7.0616880e+13
       36.945400   6.9915984e+13
       36.960648   7.0117683e+13
       36.976827   6.9858916e+13
       36.993028   7.0182862e+13
       37.009229   7.0099317e+13
       37.024624   6.9865001e+13
       37.040618   6.8573244e+13
       37.057523   6.8408202e+13
       37.073384   6.7866230e+13
       37.089234   6.8049593e+13
       37.104864   6.8074035e+13
       37.120619   6.9445236e+13
       37.136344   6.7104190e+13
       37.152021   6.7259030e+13
       37.168222   6.7177525e+13
       37.184423   6.8057700e+13
       37.200352   6.7436269e+13
       37.215808   6.7181581e+13
       37.232009   6.6955417e+13
       37.248210   6.7430139e+13
       37.264328   6.7049129e+13
       37.279612   6.6458261e+13
       37.295813   6.6448069e+13
       37.312014   6.5853127e+13
       37.327275   6.5264297e+13
       37.343411   6.5897942e+13
       37.358816   6.5455810e+13
       37.374818   6.5525079e+13
       37.391019   6.5514889e+13
       37.406544   6.5040158e+13
       37.422421   6.5510807e+13
       37.438622   6.5311133e+13
       37.454304   6.4331114e+13
       37.470024   6.4149778e+13
       37.485784   6.3302193e+13
       37.501409   6.4149774e+13
       37.517264   6.3228841e+13
       37.532512   6.3098443e+13
       37.547744   6.3516120e+13
       37.563179   6.3363310e+13
       37.579363   6.2485165e+13
       37.595472   6.2919143e+13
       37.610764   6.2462752e+13
       37.626949   6.2387366e+13
       37.642215   6.1955425e+13
       37.658368   6.2004325e+13
       37.674569   6.2536102e+13
       37.690753   6.1421613e+13
       37.707716   6.1238243e+13
       37.723440   6.2332359e+13
       37.739356   6.1908569e+13
       37.754936   6.1407357e+13
       37.770184   6.0213409e+13
       37.785432   6.0447719e+13
       37.801135   6.0148215e+13
       37.816919   6.0614795e+13
       37.832562   6.0411052e+13
       37.848424   5.9865017e+13
       37.864256   5.9960781e+13
       37.881148   5.9147839e+13
       37.897342   5.9579784e+13
       37.913373   5.9457540e+13
       37.928751   5.9561455e+13
       37.944952   5.9160080e+13
       37.961153   5.9437179e+13
       37.977354   5.8805572e+13
       37.992624   5.8169891e+13
       38.008756   5.8355305e+13
       38.024136   5.8186202e+13
       38.040158   5.8717984e+13
       38.056359   5.8216775e+13
       38.072543   5.7768541e+13
       38.088744   5.7850046e+13
       38.104945   5.7418112e+13
       38.121146   5.7644277e+13
       38.137347   5.6969885e+13
       38.153104   5.7226613e+13
       38.168749   5.6132506e+13
       38.184933   5.7615782e+13
       38.200843   5.6301631e+13
       38.216339   5.6146792e+13
       38.232344   5.6040853e+13
       38.247592   5.6002150e+13
       38.262824   5.5081228e+13
       38.278139   5.5871771e+13
       38.294323   5.6032740e+13
       38.310541   5.5087369e+13
       38.326742   5.5625268e+13
       38.342064   5.4537276e+13
       38.358144   5.4926441e+13
       38.374301   5.4822541e+13
       38.390520   5.4087030e+13
       38.406024   5.4384509e+13
       38.421272   5.4478244e+13
       38.437098   5.4233760e+13
       38.453299   5.4101337e+13
       38.469483   5.3787581e+13
       38.485676   5.3384177e+13
       38.501470   5.2907424e+13
       38.516728   5.3052096e+13
       38.532287   5.3200843e+13
       38.548220   5.2446997e+13
       38.563676   5.2652794e+13
       38.579873   5.1493494e+13
       38.596091   5.1854138e+13
       38.612292   5.1434435e+13
       38.628464   5.1697281e+13
       38.643712   5.1591348e+13
       38.658929   5.0919002e+13
       38.675077   5.1122762e+13
       38.690440   5.0173322e+13
       38.706481   5.0676590e+13
       38.722682   5.0910913e+13
       38.738883   5.0042972e+13
       38.755084   5.0342494e+13
       38.771890   4.9918719e+13
       38.787919   5.0008383e+13
       38.803679   4.9700744e+13
       38.819888   4.9647787e+13
       38.836089   4.8977480e+13
       38.852273   4.9902503e+13
       38.868474   4.8629110e+13
       38.884675   4.9425773e+13
       38.900876   4.9012188e+13
       38.916896   4.8140174e+13
       38.932278   4.8537496e+13
       38.948479   4.7964990e+13
       38.964624   4.8449923e+13
       38.979888   4.7639034e+13
       38.995136   4.7520881e+13
       39.010355   4.7205095e+13
       39.025627   4.7561669e+13
       39.042472   4.6811905e+13
       39.058112   4.7408900e+13
       39.074058   4.6579675e+13
       39.090220   4.7455802e+13
       39.106446   4.6196674e+13
       39.122104   4.6553250e+13
       39.137874   4.5752551e+13
       39.153584   4.5457141e+13
       39.169276   4.5112832e+13
       39.185477   4.5212690e+13
       39.201678   4.5247349e+13
       39.217879   4.5544840e+13
       39.233824   4.5359453e+13
       39.249264   4.5208704e+13
       39.265448   4.4346883e+13
       39.281666   4.4746248e+13
       39.297816   4.4493626e+13
       39.313064   4.3641993e+13
       39.328312   4.4430513e+13
       39.344453   4.3061365e+13
       39.359794   4.3383308e+13
       39.375869   4.3658389e+13
       39.392073   4.3138862e+13
       39.408274   4.3448580e+13
       39.423784   4.2472663e+13
       39.439659   4.3022802e+13
       39.455843   4.2556250e+13
       39.471512   4.3161400e+13
       39.487228   4.2240496e+13
       39.502992   4.1690408e+13
       39.518613   4.2199799e+13
       39.534808   4.1274820e+13
       39.550986   4.2002219e+13
       39.567216   4.1338035e+13
       39.583216   4.1264714e+13
       39.598618   4.1266779e+13
       39.614712   4.1171046e+13
       39.630003   4.0645410e+13
       39.646192   4.1144615e+13
       39.661425   4.0932748e+13
       39.677605   4.0017958e+13
       39.693807   4.0064848e+13
       39.709994   4.0511080e+13
       39.725428   3.9920247e+13
       39.740664   3.9522972e+13
       39.755928   3.9425203e+13
       39.771812   4.0189280e+13
       39.788013   3.9323390e+13
       39.804214   3.9885759e+13
       39.819904   3.8353621e+13
       39.836064   3.9105474e+13
       39.852416   3.8871197e+13
       39.868018   3.8569684e+13
       39.884526   3.9085192e+13
       39.901403   3.8720519e+13
       39.917604   3.8427157e+13
       39.933637   3.8276417e+13
       39.948991   3.8217363e+13
       39.965136   3.7848615e+13
       39.980408   3.7518580e+13
       39.996609   3.7443226e+13
       40.011864   3.7404548e+13
       40.028011   3.6868730e+13
       40.044212   3.7687821e+13
       40.060413   3.6683388e+13
       40.075872   3.6738433e+13
       40.091798   3.6428773e+13
       40.107352   3.6797587e+13
       40.123183   3.5929665e+13
       40.138832   3.6190494e+13
       40.154568   3.6015308e+13
       40.170769   3.6559344e+13
       40.186953   3.5432665e+13
       40.202792   3.5573285e+13
       40.218338   3.5241215e+13
       40.234551   3.5813776e+13
       40.250744   3.5860674e+13
       40.266958   3.5353383e+13
       40.283159   3.4850168e+13
       40.299343   3.5339194e+13
       40.315544   3.4723919e+13
       40.331745   3.4764705e+13
       40.347946   3.4503948e+13
       40.364147   3.4059820e+13
       40.379504   3.4080232e+13
       40.395549   3.3931536e+13
       40.410235   3.3709491e+13
       40.425951   3.3312225e+13
       40.441496   3.3556759e+13
       40.456744   3.3870566e+13
       40.471992   3.3862455e+13
       40.487738   3.3485565e+13
       40.503472   3.2695071e+13
       40.519116   3.3322647e+13
       40.535313   3.2495479e+13
       40.551508   3.2782801e+13
       40.567709   3.2888788e+13
       40.583893   3.1967898e+13
       40.600111   3.2524165e+13
       40.616176   3.2575142e+13
       40.631513   3.2357175e+13
       40.647714   3.2151433e+13
       40.663898   3.2402082e+13
       40.680099   3.1670676e+13
       40.696283   3.1860201e+13
       40.711648   3.1776708e+13
       40.727702   3.1581154e+13
       40.743144   3.1599534e+13
       40.759104   3.1780910e+13
       40.775288   3.0982269e+13
       40.790872   3.0778567e+13
       40.806690   3.1096453e+13
       40.822882   3.0911088e+13
       40.838608   3.0108374e+13
       40.854293   3.0389587e+13
       40.870494   3.0187922e+13
       40.886678   2.9904760e+13
       40.902896   2.9929254e+13
       40.919093   2.9688879e+13
       40.935284   2.9970093e+13
       40.951352   2.9695081e+13
       40.966683   2.9805149e+13
       40.982884   2.9583112e+13
       40.999080   2.8884309e+13
       41.014328   2.9330558e+13
       41.030487   2.9634186e+13
       41.046688   2.9114680e+13
       41.062889   2.9108614e+13
       41.078304   2.8754143e+13
       41.094291   2.8849951e+13
       41.109805   2.8436394e+13
       41.125687   2.8189909e+13
       41.141312   2.8118645e+13
       41.157078   2.7847711e+13
       41.172792   2.8128928e+13
       41.188480   2.8253261e+13
       41.204681   2.7462776e+13
       41.220882   2.8033312e+13
       41.236784   2.7426199e+13
       41.252032   2.6937258e+13
       41.267468   2.7086041e+13
       41.283512   2.7442646e+13
       41.298853   2.7369347e+13
       41.315054   2.6843732e+13
       41.331238   2.7057715e+13
       41.347439   2.6790858e+13
       41.363623   2.6831658e+13
       41.378968   2.6440516e+13
       41.395042   2.6359069e+13
       41.410452   2.6098325e+13
       41.426439   2.6371395e+13
       41.441944   2.5788734e+13
       41.457829   2.6365385e+13
       41.473440   2.6080193e+13
       41.489231   2.5695165e+13
       41.505432   2.5458872e+13
       41.521633   2.5715644e+13
       41.537432   2.5497689e+13
       41.553018   2.5177861e+13
       41.569219   2.5129014e+13
       41.585403   2.5444873e+13
       41.601604   2.5418439e+13
       41.617788   2.4927466e+13
       41.633870   2.4962156e+13
       41.649157   2.4748277e+13
       41.665352   2.4304165e+13
       41.680600   2.4921569e+13
       41.696760   2.4571180e+13
       41.712975   2.4687370e+13
       41.729178   2.4263634e+13
       41.745379   2.3846010e+13
       41.760824   2.4151684e+13
       41.776781   2.3933731e+13
       41.792336   2.3677067e+13
       41.808183   2.4153888e+13
       41.823832   2.3554931e+13
       41.839568   2.3432740e+13
       41.855769   2.3367597e+13
       41.871560   2.3791445e+13
       41.887171   2.2890946e+13
       41.903056   2.3333131e+13
       41.918573   2.2962371e+13
       41.934552   2.2854443e+13
       41.949958   2.2846350e+13
       41.966176   2.2622288e+13
       41.982295   2.2328952e+13
       41.997562   2.2445145e+13
       42.013779   2.2282206e+13
       42.029963   2.2286340e+13
       42.045272   2.2589979e+13
       42.061365   2.1823954e+13
       42.077539   2.2039984e+13
       42.093008   2.2223414e+13
       42.108968   2.1701884e+13
       42.125169   2.1608221e+13
       42.140744   2.1243576e+13
       42.156554   2.1528880e+13
       42.172240   2.1530977e+13
       42.187488   2.1384341e+13
       42.203578   2.1046183e+13
       42.219984   2.1062544e+13
       42.235559   2.0791623e+13
       42.251464   2.0942456e+13
       42.266940   2.0761183e+13
       42.282931   2.0365978e+13
       42.298329   2.0184706e+13
       42.314513   2.0965114e+13
       42.330672   2.0488411e+13
       42.345904   2.0855215e+13
       42.362116   2.0254228e+13
       42.377416   2.0028133e+13
       42.393518   2.0427537e+13
       42.408912   2.0030296e+13
       42.424903   1.9683991e+13
       42.441104   1.9608669e+13
       42.456624   1.9633182e+13
       42.472489   1.9443762e+13
       42.488104   1.9386777e+13
       42.503874   1.9392953e+13
       42.520058   1.9661962e+13
       42.535832   1.8997815e+13
       42.551460   1.8995843e+13
       42.567655   1.9387099e+13
       42.583850   1.8940961e+13
       42.600059   1.8623183e+13
       42.616059   1.8918680e+13
       42.631448   1.8721112e+13
       42.647666   1.8387035e+13
       42.663816   1.8598996e+13
       42.679068   1.8743722e+13
       42.695269   1.8093839e+13
       42.711438   1.8356738e+13
       42.727637   1.8181583e+13
       42.743852   1.8232587e+13
       42.760056   1.8285628e+13
       42.776257   1.8263283e+13
       42.791784   1.7790660e+13
       42.807659   1.7813140e+13
       42.823843   1.7519814e+13
       42.839528   1.7432271e+13
       42.855739   1.7430302e+13
       42.872015   1.7654491e+13
       42.887664   1.7310229e+13
       42.903848   1.7389758e+13
       42.919752   1.7575236e+13
       42.935250   1.7033342e+13
       42.951451   1.7196407e+13
       42.967496   1.7165915e+13
       42.982853   1.6646433e+13
       42.998992   1.6986758e+13
       43.014238   1.6583412e+13
       43.030423   1.6722029e+13
       43.046654   1.6705800e+13
       43.061984   1.6198544e+13
       43.078059   1.6864863e+13
       43.094243   1.6602102e+13
       43.109712   1.6023535e+13
       43.125628   1.5966557e+13
       43.141829   1.6370045e+13
       43.158003   1.5976888e+13
       43.173665   1.5962697e+13
       43.189398   1.5905721e+13
       43.205599   1.5987291e+13
       43.221384   1.5396501e+13
       43.237001   1.5608469e+13
       43.253197   1.5335523e+13
       43.269124   1.5498592e+13
       43.284577   1.5506815e+13
       43.300788   1.5547637e+13
       43.316989   1.5187081e+13
       43.333120   1.5519260e+13
       43.348391   1.4918284e+13
       43.364592   1.4989669e+13
       43.380793   1.4576139e+13
       43.396994   1.4665862e+13
       43.412344   1.4857457e+13
       43.428396   1.4378730e+13
       43.444584   1.4419554e+13
       43.460099   1.4315719e+13
       43.475999   1.4768109e+13
       43.492183   1.4279195e+13
       43.507832   1.4089787e+13
       43.523585   1.4049114e+13
       43.539786   1.4073639e+13
       43.555576   1.4147064e+13
       43.571188   1.4069717e+13
       43.587072   1.4324476e+13
       43.602573   1.3807038e+13
       43.618774   1.3432223e+13
       43.634975   1.3748106e+13
       43.651048   1.3866356e+13
       43.666377   1.3770672e+13
       43.682544   1.3412158e+13
       43.697792   1.3397973e+13
       43.713980   1.3088358e+13
       43.730181   1.3377755e+13
       43.745522   1.3312634e+13
       43.761580   1.2585341e+13
       43.777771   1.2990873e+13
       43.793963   1.3078563e+13
       43.809512   1.2982881e+13
       43.825370   1.2956473e+13
       43.841571   1.2760957e+13
       43.857772   1.2718250e+13
       43.873504   1.2816127e+13
       43.889174   1.2769346e+13
       43.904984   1.2274324e+13
       43.920576   1.2355902e+13
       43.936496   1.2461930e+13
       43.951978   1.2107493e+13
       43.968179   1.2121836e+13
       43.984224   1.2097468e+13
       43.999564   1.1897878e+13
       44.015764   1.1957046e+13
       44.031949   1.1700407e+13
       44.047215   1.1865523e+13
       44.063368   1.1661859e+13
       44.079569   1.1666016e+13
       44.095753   1.1584600e+13
       44.111971   1.1330000e+13
       44.127456   1.1629589e+13
       44.143373   1.0883962e+13
       44.159574   1.1629754e+13
       44.175758   1.1265132e+13
       44.191959   1.1466924e+13
       44.208160   1.0916894e+13
       44.224361   1.1112573e+13
       44.240562   1.1171743e+13
       44.256763   1.1289999e+13
       44.272672   1.0941678e+13
       44.288148   1.1094572e+13
       44.304366   1.0758476e+13
       44.320414   1.1068254e+13
       44.335753   1.0668997e+13
       44.351912   1.0561097e+13
       44.367153   1.0473571e+13
       44.383354   1.0801687e+13
       44.398640   1.0310745e+13
       44.414756   1.0280269e+13
       44.430957   1.0304804e+13
       44.446384   1.0178567e+13
       44.462359   9.8241360e+12
       44.477864   1.0209302e+13
       44.493761   9.9384063e+12
       44.509962   9.6634362e+12
       44.525624   1.0022115e+13
       44.541364   9.5596996e+12
       44.557548   9.6962963e+12
       44.573352   1.0173149e+13
       44.588950   1.0042839e+13
       44.604843   9.5661614e+12
       44.620339   9.3217543e+12
       44.636553   9.5154007e+12
       44.652754   9.2139451e+12
       44.668824   9.5318767e+12
       44.684139   9.4667665e+12
       44.700340   9.3364578e+12
       44.716541   9.3528463e+12
       44.732742   9.1247401e+12
       44.748064   9.2552265e+12
       44.764144   9.0087834e+12
       44.780345   8.8397639e+12
       44.795808   9.0537866e+12
       44.811747   8.9071795e+12
       44.827948   9.0030299e+12
       44.844149   9.2394651e+12
       44.860333   8.9237494e+12
       44.876032   8.7588059e+12
       44.891735   8.3819669e+12
       44.907521   8.7121258e+12
       44.922766   8.6286810e+12
       44.938338   8.5207869e+12
       44.954272   8.4923538e+12
       44.969740   8.4618834e+12
       44.985941   8.3886266e+12
       45.002016   8.1381111e+12
       45.017264   8.3399114e+12
       45.032544   8.3012918e+12
       45.048728   7.7064465e+12
       45.063992   7.9877081e+12
       45.080113   8.3219436e+12
       45.095472   8.2853621e+12
       45.111498   7.8555515e+12
       45.127699   7.7150601e+12
       45.143883   8.0961577e+12
       45.159448   7.7539585e+12
       45.175908   7.9313109e+12
       45.191935   7.6298609e+12
       45.207696   7.4221342e+12
       45.223888   7.7176595e+12
       45.240089   7.5853191e+12
       45.256284   7.4264918e+12
       45.272157   7.3878747e+12
       45.287692   7.3186959e+12
       45.303893   7.4349259e+12
       45.319912   7.2760993e+12
       45.335278   7.2415577e+12
       45.351479   7.3313012e+12
       45.367640   7.2356363e+12
       45.382888   6.9647502e+12
       45.399082   7.1196928e+12
       45.415283   7.0790397e+12
       45.430632   6.9670758e+12
       45.446668   7.1627679e+12
       45.462128   7.0039429e+12
       45.478087   6.9164289e+12
       45.494277   6.8065031e+12
       45.510482   7.1122187e+12
       45.526104   6.5071910e+12
       45.541874   6.5989739e+12
       45.557600   6.5053483e+12
       45.573276   6.6297309e+12
       45.589096   6.6563156e+12
       45.604678   6.7012377e+12
       45.620592   6.4670282e+12
       45.636059   6.3204295e+12
       45.652267   6.7443192e+12
       45.668336   6.2309785e+12
       45.683683   6.0864179e+12
       45.699884   6.1374532e+12
       45.716072   6.2373876e+12
       45.733226   6.0806027e+12
       45.748560   5.9523423e+12
       45.764671   6.1174759e+12
       45.780858   6.2438979e+12
       45.797069   6.0280274e+12
       45.813274   5.7795576e+12
       45.829458   6.1036134e+12
       45.845676   5.8673688e+12
       45.861296   5.7452219e+12
       45.877078   6.0203793e+12
       45.893279   5.5559399e+12
       45.909463   5.7964607e+12
       45.925272   5.6885766e+12
       45.940853   5.7742512e+12
       45.956745   5.5318952e+12
       45.972267   5.5727460e+12
       45.988264   5.5382110e+12
       46.003512   5.2286194e+12
       46.018853   5.6932616e+12
       46.035054   5.4916556e+12
       46.051238   5.2635627e+12
       46.067439   5.4185120e+12
       46.082689   5.1354080e+12
       46.098807   5.3535188e+12
       46.115005   5.2272994e+12
       46.130432   5.0093946e+12
       46.146410   5.0624718e+12
       46.162611   5.0951746e+12
       46.178812   5.0280422e+12
       46.195013   5.1891051e+12
       46.211205   5.1178981e+12
       46.226896   4.8898068e+12
       46.242616   5.0366081e+12
       46.258416   4.9735514e+12
       46.274018   5.0368171e+12
       46.290219   4.6029434e+12
       46.306144   5.0329517e+12
       46.321604   4.7498502e+12
       46.337624   4.5808463e+12
       46.352987   4.7500606e+12
       46.369157   4.8581512e+12
       46.385352   4.7197097e+12
       46.400584   4.7238903e+12
       46.416759   4.8136444e+12
       46.432080   4.6548288e+12
       46.448161   4.3656162e+12
       46.464362   4.5429813e+12
       46.479824   4.3923161e+12
       46.495764   4.3312991e+12
       46.511948   4.1011731e+12
       46.528166   4.2928012e+12
       46.543816   4.2949459e+12
       46.559568   4.2461542e+12
       46.575312   4.1403139e+12
       46.590953   4.0670729e+12
       46.607154   4.0447687e+12
       46.623040   3.9919027e+12
       46.638556   4.1427826e+12
       46.654731   4.0919544e+12
       46.670691   3.9983398e+12
       46.686159   4.0840215e+12
       46.702264   3.7846238e+12
       46.717561   3.8825307e+12
       46.733762   3.8011414e+12
       46.749963   3.8705241e+12
       46.766164   3.9521316e+12
       46.782348   3.9848403e+12
       46.798549   3.7750917e+12
       46.814000   3.8628121e+12
       46.829951   3.8466223e+12
       46.845496   3.6613237e+12
       46.860744   3.6675463e+12
       46.875992   3.7247054e+12
       46.891738   3.7411154e+12
       46.907472   3.5272930e+12
       46.923140   3.6231643e+12
       46.938962   3.3787803e+12
       46.954531   3.5235508e+12
       46.970743   3.3912273e+12
       46.986712   3.3241026e+12
       47.002128   3.4179370e+12
       47.018346   3.7481168e+12
       47.034456   3.5139211e+12
       47.049748   3.3856732e+12
       47.065949   3.3429987e+12
       47.081169   3.2758747e+12
       47.097332   3.3309984e+12
       47.112680   3.3372233e+12
       47.128736   3.1580398e+12
       47.144937   3.1112911e+12
       47.160424   2.9810068e+12
       47.176339   3.2602516e+12
       47.192523   3.1686791e+12
       47.208741   3.0832194e+12
       47.224416   3.2789289e+12
       47.240135   2.9082254e+12
       47.255903   2.9653880e+12
       47.271528   3.0144009e+12
       47.287729   2.9778408e+12
       47.303930   2.8231083e+12
       47.320131   2.8334100e+12
       47.336136   2.7866631e+12
       47.351533   2.6135939e+12
       47.367734   2.9519267e+12
       47.383918   2.7381085e+12
       47.400119   2.7667481e+12
       47.416303   2.6242412e+12
       47.431592   2.6977051e+12
       47.447688   2.8771168e+12
       47.463072   2.7386855e+12
       47.479073   2.5391304e+12
       47.495291   2.6472318e+12
       47.510816   2.4599018e+12
       47.526682   2.6535766e+12
       47.542887   2.4805091e+12
       47.558544   2.4765507e+12
       47.574296   2.4705552e+12
       47.590497   2.5399456e+12
       47.606698   2.3261296e+12
       47.622552   2.4403443e+12
       47.638083   2.3426635e+12
       47.654284   2.5546765e+12
       47.670468   2.3306737e+12
       47.686669   2.5263873e+12
       47.702853   2.2208864e+12
       47.719054   2.2943529e+12
       47.735238   2.0907252e+12
       47.751439   2.2497651e+12
       47.767640   2.0726248e+12
       47.782968   2.1399794e+12
       47.799028   2.2480833e+12
       47.815226   2.0118571e+12
       47.831439   2.1118115e+12
       47.846944   2.2301031e+12
       47.862846   2.1426118e+12
       47.879047   2.2140422e+12
       47.894704   2.0226407e+12
       47.910449   1.9595992e+12
       47.926184   2.0493671e+12
       47.941834   1.9190898e+12
       47.957664   1.9538465e+12
       47.973236   1.8194947e+12
       47.989437   1.7870157e+12
       48.005424   1.8890091e+12
       48.020839   1.8055940e+12
       48.037023   1.7405161e+12
       48.053224   1.7569366e+12
       48.069425   1.8467058e+12
       48.085626   1.7958906e+12
       48.100896   1.6635772e+12
       48.116998   1.8491073e+12
       48.133223   1.6760451e+12
       48.148624   1.7597025e+12
       48.164631   1.6864760e+12
       48.180832   1.6295492e+12
       48.196384   1.6867202e+12
       48.212234   1.4830968e+12
       48.227864   1.6645528e+12
       48.243619   1.4527798e+12
       48.259803   1.6709103e+12
       48.276004   1.5895349e+12
       48.292188   1.4938973e+12
       48.308389   1.6835039e+12
       48.324304   1.5226679e+12
       48.339791   1.7652489e+12
       48.355992   1.4516040e+12
       48.372193   1.4598775e+12
       48.388393   1.4029525e+12
       48.404529   1.5416234e+12
       48.419792   1.6741822e+12
       48.435980   1.4583359e+12
       48.452181   1.3301004e+12
       48.468382   1.3139252e+12
       48.484583   1.1999522e+12
       48.500784   1.3895605e+12
       48.516968   1.4263595e+12
       48.532528   1.3286867e+12
       48.548387   1.2554634e+12
       48.564588   1.2637385e+12
       48.580272   1.2149649e+12
       48.595504   1.2599144e+12
       48.611174   1.4393363e+12
       48.626978   1.1338434e+12
       48.642565   1.2073180e+12
       48.658496   1.1707698e+12
       48.673978   1.0873603e+12
       48.689989   1.1200859e+12
       48.705348   1.1059501e+12
       48.721581   1.0918146e+12
       48.737736   1.1591774e+12
       48.752984   1.1919036e+12
       48.769184   1.0983076e+12
       48.785368   1.0393484e+12
       48.800712   1.2106220e+12
       48.816753   1.0701648e+12
       48.832971   1.0478804e+12
       48.848456   1.0113338e+12
       48.864373   9.2996332e+11
       48.880563   9.5657819e+11
       48.896751   9.4244391e+11
       48.912976   1.0220331e+12
       48.928696   9.7122496e+11
       48.944378   8.9800494e+11
       48.960579   1.0590926e+12
       48.976757   8.9214972e+11
       48.992661   9.7173939e+11
       49.007904   8.3535859e+11
       49.023366   9.5569780e+11
       49.039567   9.6193940e+11
       49.055664   7.8888489e+11
       49.070969   8.9699961e+11
       49.087144   8.7471706e+11
       49.102392   8.9318392e+11
       49.117640   8.8312651e+11
       49.133756   7.2229738e+11
       49.149136   8.6708698e+11
       49.165158   6.9810828e+11
       49.180632   8.7957237e+11
       49.196543   8.2265394e+11
       49.212761   6.9035000e+11
       49.228962   7.5160449e+11
       49.245163   8.7398282e+11
       49.261364   7.8446573e+11
       49.277540   8.7220741e+11
       49.293739   6.0135687e+11
       49.309950   6.5038725e+11
       49.326151   7.5239165e+11
       49.342096   6.8732468e+11
       49.357553   6.8949392e+11
       49.373592   7.4871210e+11
       49.388938   8.0589281e+11
       49.405088   7.0415225e+11
       49.420357   6.5946048e+11
       49.436558   7.8184034e+11
       49.451832   5.8230207e+11
       49.467943   6.0688409e+11
       49.484144   5.1940622e+11
       49.499560   5.2565152e+11
       49.515546   6.7044403e+11
       49.531056   6.3594043e+11
       49.546948   6.3199881e+11
       49.562542   6.3620715e+11
       49.578325   7.0968902e+11
       49.594551   6.7518606e+11
       49.610296   6.4475799e+11
       49.625953   6.3062971e+11
       49.641792   5.9612698e+11
       49.657338   6.8590913e+11
       49.673539   6.2491971e+11
       49.689740   5.3133109e+11
       49.705768   5.6202749e+11
       49.721142   4.7047657e+11
       49.737264   5.6637185e+11
       49.752544   5.8280642e+11
       49.768728   6.0942825e+11
       49.784946   5.2195289e+11
       49.800256   4.6300191e+11
       49.816262   4.9369917e+11
       49.832528   5.2643401e+11
       49.847984   4.0228462e+11
       49.863922   5.0633071e+11
       49.880129   4.6571745e+11
       49.896336   4.5362872e+11
       49.912537   4.2524045e+11
       49.928738   3.8055264e+11
       49.944472   5.7628492e+11
       49.960123   5.8457111e+11
       49.976341   3.6669994e+11
       49.992542   4.4629751e+11
       50.008464   4.9940826e+11
       50.023944   3.0191189e+11
       50.039944   3.3057325e+11
       50.055329   4.3462079e+11
       50.071530   3.7363442e+11
       50.087688   4.3082069e+11
       50.102936   3.8002184e+11
       50.119133   3.9442174e+11
       50.134418   4.1493414e+11
       50.150487   5.3528192e+11
       50.166729   4.1724760e+11
       50.182176   3.2570021e+11
       50.198138   3.7677494e+11
       50.213672   4.2377488e+11
       50.228884   4.1780090e+11
       50.244726   3.4051633e+11
       50.260416   3.9974137e+11
       50.275664   3.7339332e+11
       50.291344   3.5927013e+11
       50.307144   3.0847268e+11
       50.322729   2.8212499e+11
       50.338601   3.6783742e+11
       50.354066   2.7017910e+11
       50.370332   3.1106785e+11
       50.386384   3.3361960e+11
       50.401734   4.2137010e+11
       50.417864   4.2150991e+11
       50.433112   3.1162729e+11
       50.448329   3.9937799e+11
       50.464503   3.2413238e+11
       50.479824   3.7113417e+11
       50.495889   3.4071285e+11
       50.511304   3.7752759e+11
       50.527291   3.5729394e+11
       50.543481   2.5963688e+11
       50.559058   2.2921602e+11
       50.574894   3.4345475e+11
       50.590544   2.9877178e+11
       50.606766   2.6020144e+11
       50.623040   3.1127934e+11
       50.638681   3.7254464e+11
       50.654882   2.4228907e+11
       50.671083   1.4667039e+11
       50.687284   2.4053535e+11
       50.703264   1.9381573e+11
       50.718666   2.2044483e+11
       50.734838   1.9817492e+11
       50.750991   3.4705169e+11
       50.766208   5.7875100e+10
       50.781471   3.4122428e+11
       50.797623   3.2302974e+11
       50.812952   2.9464817e+11
       50.829025   3.0090350e+11
       50.845226   6.6738979e+10
       50.860696   2.7266535e+11
       50.876628   2.6058390e+11
       50.892829   2.0979087e+11
       50.908424   2.4864593e+11
       50.924214   1.2450467e+11
       50.940398   2.1633384e+11
       50.956599   1.9610312e+11
       50.972783   2.7367032e+11
       50.988632   1.7194153e+11
       51.004185   2.6988368e+11
       51.020124   2.2316646e+11
       51.035570   1.8663665e+11
       51.051774   1.1954509e+11
       51.067872   1.7470108e+11
       51.083173   2.7468108e+11
       51.099368   2.2185221e+11
       51.114616   2.5052158e+11
       51.130793   2.9141581e+11
       51.146994   2.1413763e+11
       51.162344   2.1020787e+11
       51.178379   2.2054057e+11
       51.194580   2.7569745e+11
       51.210088   2.0453208e+11
       51.225982   2.2912731e+11
       51.242183   4.1827101e+10
       51.257832   1.9681982e+11
       51.274072   2.2141523e+11
       51.290328   1.7877497e+11
       51.305980   1.9725838e+11
       51.321814   2.5852850e+11
       51.337389   1.4050249e+11
       51.353573   1.7121082e+11
       51.369548   2.0191941e+11
       51.384941   1.6539187e+11
       51.401018   2.4296219e+11
       51.416343   1.3512386e+11
       51.432544   1.8417000e+11
       51.448728   1.2726831e+11
       51.464929   1.8853941e+11
       51.481113   1.0922591e+11
       51.497331   1.7457229e+11
       51.513532   1.0748391e+11
       51.529733   2.0950458e+11
       51.545934   1.4649132e+11
       51.562118   2.5666189e+11
       51.578319   1.6104953e+11
       51.594520   1.9379708e+11
       51.610712   1.5115882e+11
       51.626447   1.7371931e+11
       51.642123   1.6571803e+11
       51.658324   1.4345467e+11
       51.674508   2.0065209e+11
       51.690448   1.9876366e+11
       51.705927   1.2963910e+11
       51.722128   2.0924902e+11
       51.738192   1.6864907e+11
       51.753424   1.4638618e+11
       51.768714   4.8737636e+10
       51.784915   1.7317204e+11
       51.800168   1.2849759e+11
       51.816317   1.5309680e+11
       51.831664   1.6954628e+11
       51.846912   1.5747147e+11
       51.862903   1.4132168e+11
       51.878392   2.4130723e+11
       51.894277   4.1786498e+10
       51.910482   1.8252140e+11
       51.926104   7.2648994e+10
       51.941874   8.7061748e+10
       51.957584   1.4222359e+11
       51.973276   1.9127348e+11
       51.989471   1.3641300e+11
       52.005667   6.9327876e+10
       52.021864   7.7628775e+10
       52.038024   1.5724062e+11
       52.054072   1.3090495e+11
       52.069465   8.6232268e+10
       52.085666   2.4326796e+11
       52.101867   8.0422958e+10
       52.118064   1.3558599e+11
       52.133312   1.4592506e+11
       52.149470   6.8653572e+10
       52.165671   2.6018958e+10
       52.181872   1.2804391e+11
       52.198060   1.2615865e+11
       52.213548   1.5279789e+11
       52.229458   1.9777418e+11
       52.245676   7.9754317e+10
       52.261296   7.1757084e+10
       52.277078   6.7834867e+10
       52.292792   1.3114884e+11
       52.308463   7.6290233e+10
       52.324664   1.3145458e+11
       52.340865   2.1514343e+11
       52.356768   1.3991071e+11
       52.372267   1.0950215e+11
       52.388264   5.6681656e+10
       52.403512   9.1471928e+10
       52.418744   4.2726390e+10
       52.434071   1.2437854e+11
       52.450256   1.9991826e+11
       52.465504   5.1337770e+10
       52.481658   2.5004819e+10
       52.497856   7.2020268e+10
       52.514059  -1.1361289e+10
       52.529464   2.9541985e+10
       52.545444   1.0508229e+11
       52.561616   7.2637301e+10
       52.577186   6.4642057e+10
       52.593013   1.4425741e+11
       52.609214   3.8464412e+10
       52.625398   8.5480645e+10
       52.641616   1.4268459e+11
       52.657817   1.3265237e+11
       52.673664   6.5571453e+10
       52.689219   1.0240095e+11
       52.705403   1.4738021e+11
       52.721604   7.8262125e+10
       52.737805   7.0267853e+10
       52.753888   8.2648251e+10
       52.769206   1.3985281e+11
       52.785391   1.9094508e+11
       52.801609  -2.2831989e+10
       52.817793   1.5254521e+11
       52.834011   7.7315591e+10
       52.849376   6.9321991e+10
       52.865413   8.5777975e+10
       52.880872   7.5747109e+10
       52.896798   6.3678717e+10
       52.912352  -1.3633048e+09
       52.928200  -1.2065988e+09
       52.944401   8.8598323e+10
       52.960602  -6.6091536e+10
       52.976803   9.5024580e+10
       52.993004   9.1106750e+10
       53.008824   1.0145105e+11
       53.024389   9.5495951e+10
       53.040573   3.8604348e+10
       53.056548   8.1999492e+09
       53.071771   4.2824233e+09
       53.087159   1.8702272e+10
       53.103280   1.2277033e+11
       53.118561  -1.1544012e+10
       53.134762   1.1697372e+11
       53.150024   7.2307684e+10
       53.166164   8.0615626e+10
       53.182348   1.0929807e+11
       53.197752   8.9081794e+10
       53.213750   4.6453581e+10
       53.229248   4.6612064e+10
       53.245152      -90878395.
       53.260744   9.1753367e+10
       53.276554   8.5799754e+10
       53.292240   2.2797429e+10
       53.307956   5.7593145e+10
       53.324157   1.0665115e+11
       53.340358   1.2107248e+11
       53.356227   7.0295263e+10
       53.371731   1.3972795e+11
       53.387712   2.2342310e+11
       53.403145   3.5371990e+09
       53.419346   1.9929268e+11
       53.435547   1.0776677e+11
       53.451748   2.2353323e+10
       53.467949   6.5299777e+10
       53.484150   3.0822943e+10
       53.499448   6.1544832e+10
       53.514696   6.3742409e+10
       53.530753   4.7602960e+10
       53.546192   4.3688344e+10
       53.562138   3.0994183e+09
       53.577672   7.0495986e+10
       53.593540   1.1548061e+11
       53.609741   3.6180433e+10
       53.625942   7.0977951e+10
       53.641656   2.6314723e+10
       53.657334  -4.6872818e+10
       53.673545   3.0711568e+10
       53.689746   2.0685379e+10
       53.705947  -5.6403804e+09
       53.721904   3.1195124e+10
       53.737349   4.7656144e+10
       53.753533  -7.1939240e+09
       53.769734   1.2540234e+11
       53.785934  -3.7432624e+10
       53.802119  -4.7458199e+10
       53.818336   6.0688835e+10
       53.833624   1.0567478e+11
       53.849739   1.0176184e+11
       53.865104   1.4313061e+10
       53.881141  -5.4798172e+10
       53.897342   2.4824893e+10
       53.913543   4.6126370e+09
       53.929744  -1.0932257e+11
       53.945918   5.7911248e+10
       53.961585   1.7324677e+10
       53.977330   1.1374966e+10
       53.993088   1.3504252e+09
       54.008732   9.7273749e+10
       54.024933   4.6500233e+10
       54.040832  -1.6497941e+10
       54.056318   2.0020898e+09
       54.072328   3.8839663e+10
       54.087737   9.6051724e+10
       54.103938   1.0028998e+11
       54.120072   1.0860323e+11
       54.135323   9.8579284e+10
       54.151524  -1.0925304e+09
       54.167725   1.0501893e+11
       54.183926   1.0110777e+11
       54.199296   1.4362092e+09
       54.215328  -3.9149009e+10
       54.230780   2.0101264e+10
       54.246708   8.9538735e+10
       54.262288   4.4879024e+10
       54.278132  -2.0155348e+10
       54.294333   6.4959400e+09
       54.310032   1.0445832e+11
       54.325718   1.6167146e+11
       54.341512   3.1438781e+10
       54.357103   1.3266166e+10
       54.373304   2.1580750e+10
       54.389224   9.9168792e+10
       54.404689  -4.3288300e+10
       54.420704  -2.4786356e+10
       54.436074   1.8656706e+09
       54.452275   6.7229468e+10
       54.468476   6.9432170e+10
       54.484660   6.5522581e+10
       54.499943   2.4938842e+10
       54.516079   1.0049025e+11
       54.532249   8.2023770e+08
       54.548464  -3.3650713e+10
       54.563932   1.3376534e+10
       54.579883   1.2560249e+11
       54.596073   4.8345008e+10
       54.611658  -1.0575458e+10
       54.626928   1.8115168e+10
       54.642687  -4.8954793e+10
       54.658424   8.2602204e+09
       54.674089   4.1025826e+10
       54.690273   8.3978622e+10
       54.706152   1.8946436e+10
       54.721400  -3.2990686e+09
       54.736876   3.7616682e+10
       54.752896   1.1091343e+09
       54.768278   3.3133537e+09
       54.784392  -7.3943183e+10
       54.799662   3.2171340e+10
       54.815847  -8.1759271e+10
       54.831103  -9.5854573e+10
       54.847249  -1.9643845e+09
       54.863433   4.7101645e+10
       54.878832   8.5572650e+09
       54.894818   7.5960565e+10
       54.910312  -4.6119409e+10
       54.926203   9.8707422e+10
       54.941792  -3.1522227e+10
       54.957588   3.1806466e+10
       54.973789   2.1786950e+10
       54.989973  -4.5740891e+08
       55.005752   1.7479718e+09
       55.021358   3.8590026e+10
       55.037559  -4.0702732e+10
       55.053460  -2.6272555e+10
       55.068927  -8.3153132e+10
       55.085108   1.8887859e+10
       55.101162   4.7940375e+09
       55.116515  -3.1711739e+10
       55.132731  -7.8404727e+10
       55.148932   1.5486913e+10
       55.165133   2.3805423e+10
       55.181334   4.8423665e+10
       55.197518   3.2292660e+10
       55.213736   3.6536656e+10
       55.229176  -2.8492998e+10
       55.245138   6.1324176e+10
       55.261339  -1.7967531e+10
       55.277523  -1.3189612e+11
       55.293724   7.2018889e+10
       55.309908   6.4038231e+10
       55.326109   2.7533423e+10
       55.342293  -6.1945379e+10
       55.358494  -1.4914292e+10
       55.374344  -3.9194315e+10
       55.389874  -1.6612568e+10
       55.405828  -2.4592609e+10
       55.421274   8.1765694e+09
       55.437453  -1.6102984e+10
       55.453584  -1.6707760e+09
       55.468832   4.9435735e+10
       55.484085   5.3680801e+10
       55.500286  -2.5609809e+10
       55.515576  -5.1926459e+10
       55.531659   2.5667286e+10
       55.547883  -6.3810396e+10
       55.564073  -3.7153120e+10
       55.580291  -7.5694048e+10
       55.595816  -7.7560852e+10
       55.612322  -7.9427585e+10
       55.628312   4.0953190e+10
       55.644078   8.5947937e+10
       55.660279  -4.8353307e+10
       55.676463  -1.9658077e+10
       55.692282  -7.4498167e+10
       55.707871   4.3845504e+10
       55.724083   2.7717063e+10
       55.740032  -1.0047146e+11
       55.755468  -5.1401305e+10
       55.771669  -9.8091395e+10
       55.787760  -1.8459064e+10
       55.803071  -1.2175126e+10
       55.819272   4.3007856e+10
       55.835473  -1.1574211e+11
       55.851674   1.6864390e+10
       55.866984  -1.9638179e+10
       55.883059  -1.1291519e+09
       55.898464  -4.7818870e+10
       55.914444  -7.4133767e+10
       55.930628  -4.1362514e+10
       55.946192  -4.5265244e+10
       55.962013  -1.8364027e+11
       55.977679   3.6577620e+10
       55.993423   7.9536611e+10
       56.009184   2.2856901e+09
       56.024432  -1.3201397e+11
       56.040018  -1.4442921e+09
       56.055912   2.1140396e+10
       56.071420   3.5575321e+10
       56.087408  -1.5188320e+10
       56.102822   1.1471483e+10
       56.118904  -2.2992366e+10
       56.134224  -3.0969204e+10
       56.150384   6.7001622e+10
       56.165648  -7.7484540e+10
       56.181827  -8.5461180e+10
       56.198028  -6.6950808e+10
       56.213392  -3.6163112e+09
       56.229413   8.4167557e+10
       56.245631  -1.2320145e+09
       56.261832   7.8402337e+10
       56.277374  -2.7371859e+10
       56.293227  -1.0258413e+11
       56.309418  -1.0725022e+10
       56.325619  -3.0925817e+10
       56.341820  -2.4639603e+10
       56.358021  -4.2802812e+10
       56.373856   2.0532335e+10
       56.389423   4.3118400e+10
       56.405352   5.3479786e+10
       56.420808  -2.7844525e+10
       56.436832  -4.6007414e+10
       56.452080   4.5852454e+10
       56.467411   9.9000698e+10
       56.483576  -7.6046212e+10
       56.498824  -3.9197500e+10
       56.515014   7.0999737e+10
       56.530304  -4.2117593e+09
       56.546416   1.2228545e+11
       56.561803   1.6512398e+10
       56.577801   2.4837022e+10
       56.593307  -5.0374041e+10
       56.609203   2.7745836e+09
       56.625404   3.3511424e+10
       56.641040  -7.6336227e+10
       56.656806   2.3674285e+10
       56.673007  -1.7582136e+11
       56.689208  -2.2836838e+10
       56.705409  -7.5635438e+10
       56.721264   7.1236653e+10
       56.736811  -5.2872646e+10
       56.753008  -4.8622259e+10
       56.769199   3.1014108e+10
       56.785414  -2.1784187e+10
       56.801598  -1.3978124e+11
       56.817799  -5.4032319e+10
       56.834000  -2.1257227e+10
       56.849233   1.0524096e+11
       56.865400   2.5956021e+10
       56.881603  -4.7216486e+10
       56.896992  -1.2403698e+10
       56.912988   5.5008282e+10
       56.929206   1.6472912e+10
       56.944736  -8.9298674e+10
       56.959984   4.9424673e+10
       56.975809   6.8143812e+09
       56.991993   9.0280232e+09
       57.008194   2.5504110e+10
       57.023960  -4.5630408e+10
       57.039596  -2.1004376e+10
       57.055797  -1.8790315e+10
       57.071704  -2.0651110e+10
       57.087199   4.8799157e+10
       57.103184  -9.3646261e+10
       57.118598  -4.2532808e+10
       57.134785  -8.7179975e+10
       57.150929  -1.1552743e+11
       57.166204   7.8464569e+08
       57.182388  -1.7375591e+10
       57.197672   2.5588134e+10
       57.213790   1.3540568e+10
       57.229168   1.4930597e+09
       57.245192   4.0382040e+10
       57.260664  -6.3350934e+10
       57.276582  -4.2798956e+10
       57.292772   8.7775584e+10
       57.308996   2.3800811e+09
       57.325197  -8.9127924e+10
       57.341398   4.1446970e+10
       57.357152  -4.3948552e+10
       57.372783  -9.6744889e+10
       57.389336   1.3455599e+10
       57.405880  -8.2127044e+10
       57.421382  -1.0638134e+10
       57.437574   9.9143984e+09
       57.453788   1.8242242e+10
       57.469989   5.3057085e+10
       57.486104   9.8059081e+10
       57.501368  -7.6983881e+10
       57.516616  -3.8093961e+10
       57.532793  -9.3912729e+09
       57.548979   4.5798414e+10
       57.565175   2.1527132e+10
       57.580592  -2.5155938e+10
       57.596580  -2.0902523e+10
       57.612781  -1.1037209e+11
       57.628336  -5.3144679e+10
       57.644183  -3.2591446e+10
       57.660375  -5.8899678e+10
       57.676056   8.5149908e+09
       57.691769  -1.0744126e+11
       57.707970  -1.0318747e+11
       57.723802  -7.4484146e+10
       57.739360  -3.3556025e+10
       57.755291  -7.0051229e+10
       57.770734   1.1626142e+10
       57.786800  -2.6906415e+10
       57.802176  -6.3526597e+09
       57.818377  -5.9147315e+10
       57.834544  -4.8780743e+10
       57.849792   3.2896885e+10
       57.865915   2.4926255e+10
       57.882176   2.5105882e+10
       57.897536  -7.8624950e+10
       57.913583  -2.9546435e+10
       57.929020   1.1529262e+11
       57.944963  -5.7711794e+10
       57.960512  -2.6970243e+10
       57.976370   5.8088148e+09
       57.992571   8.0260633e+09
       58.008248  -6.0562967e+09
       58.023495   3.6910197e+10
       58.039174  -7.0895099e+10
       58.055358  -9.5915798e+09
       58.071570  -2.3673553e+10
       58.087765  -6.6280068e+10
       58.103744  -6.6099932e+10
       58.119179   2.9840747e+10
       58.135224  -6.1664786e+10
       58.150564   6.0762934e+10
       58.166765   3.8944610e+09
       58.182966  -6.1123793e+10
       58.198216   5.7229157e+10
       58.214368   3.9072517e+10
       58.230569   7.1852357e+10
       58.245944   2.7208678e+10
       58.261971  -3.5771690e+10
       58.277456  -3.9665938e+10
       58.293373  -4.1522682e+10
       58.309563  -8.7426054e+09
       58.325177  -1.0599445e+10
       58.340959  -5.9317566e+10
       58.357160  -5.9136665e+10
       58.373361   1.2355287e+10
       58.389562   4.3864517e+09
       58.405763  -3.4144197e+10
       58.421964  -9.5136233e+09
       58.437904   1.1041892e+10
       58.453366   2.7522918e+10
       58.469567  -6.8056351e+10
       58.485768  -2.1013564e+10
       58.501969  -4.1206822e+10
       58.518144   1.7609503e+09
       58.533392  -6.7331192e+10
       58.549538   8.1584449e+10
       58.565756  -7.8819862e+09
       58.581957   4.3235986e+10
       58.598132   1.8968082e+10
       58.613623   8.9624244e+09
       58.629543   4.7855595e+10
       58.645744   4.3962398e+10
       58.661945  -3.1241761e+10
       58.678146  -1.6797755e+10
       58.693856   2.6170696e+10
       58.709548  -3.0696215e+10
       58.725749   8.7658243e+10
       58.741584   3.8941056e+10
       58.757134  -5.7009823e+09
       58.773076   1.2818198e+10
       58.788523  -1.2618946e+09
       58.804576  -2.3491774e+10
       58.819938  -1.3122294e+10
       58.836139  -1.4977516e+10
       58.852304   3.4103546e+10
       58.867552   5.7616554e+09
       58.882815  -5.3142244e+10
       58.898928  -8.7596613e+10
       58.915141  -2.2215534e+10
       58.930544  -6.4819841e+10
       58.946529   1.6860979e+10
       58.962040  -4.8155083e+10
       58.977931   7.6312423e+10
       58.993536   1.1091555e+09
       59.009333   5.0190824e+10
       59.025024   4.8336101e+10
       59.040255   1.9994282e+10
       59.055919   5.6851328e+10
       59.071744   5.7033992e+10
       59.086992  -1.0019203e+10
       59.102488  -5.4660519e+10
       59.118472   4.5357864e+10
       59.133873  -1.1508117e+10
       59.149968   3.1461734e+10
       59.165291  -3.5591262e+10
       59.181448   8.6839309e+10
       59.196712   2.3861306e+10
       59.212878  -6.5175331e+09
       59.229079  -2.6708855e+10
       59.245263   2.6448132e+10
       59.260672   1.0331803e+10
       59.276648  -2.2084339e+10
       59.292849  -7.4874823e+10
       59.308384  -1.3567854e+10
       59.324234  -1.9496744e+10
       59.340418  -9.6736794e+10
       59.356112   2.9769116e+10
       59.371803  -2.7096286e+10
       59.387592  -1.0612995e+10
       59.403188  -7.7665609e+10
       59.419389   2.2353506e+10
       59.435320   4.2001343e+09
       59.450791   3.0900088e+08
       59.466989   4.5316879e+10
       59.483050  -4.0072472e+10
       59.498394   9.4583600e+10
       59.514595   2.3456522e+10
       59.530796  -4.9707976e+10
       59.546041  -5.7673805e+10
       59.562196  -7.9901800e+10
       59.578399   3.4379880e+10
       59.594583   2.8451423e+10
       59.610032  -3.6563068e+10
       59.625280  -7.7128035e+10
       59.641186   2.0854128e+10
       59.657387  -1.1560939e+10
       59.673024   5.9934349e+10
       59.689306   2.1406979e+10
       59.705504  -8.2089097e+08
       59.721191   7.0674695e+10
       59.737392   7.6971489e+10
       59.753587  -2.6743100e+08
       59.769782   3.4553834e+10
       59.785978  -4.2685212e+10
       59.802179  -5.2687940e+10
       59.818240   2.8994943e+10
       59.833581   4.9554142e+10
       59.849782   4.3626429e+10
       59.865983   5.6035865e+10
       59.882184   7.4557706e+10
       59.898368   4.4180412e+10
       59.914586   5.6537086e+09
       59.929976   8.1224452e+10
       59.945988      -88982352.
       59.961472   1.6395565e+10
       59.977373  -5.0655798e+10
       59.993574  -4.4358472e+10
       60.009200  -5.4617984e+09
       60.024976   5.1772023e+10
       60.041177   7.1330121e+09
       60.056937   3.2431783e+09
       60.072569   1.1578120e+10
       60.088763  -4.3248278e+10
       60.104981   9.3446730e+10
       60.121182  -8.2409290e+09
       60.137383   2.2506167e+10
       60.153432  -1.6020254e+10
       60.168768   6.7700598e+10
       60.184969   6.9923384e+10
       60.201170   1.9172311e+10
       60.217371   3.5657358e+10
       60.232656   6.0292264e+10
       60.248773   2.9915854e+10
       60.264974  -3.5097301e+10
       60.280384   1.3986988e+10
       60.296359  -2.4539163e+10
       60.311682  -6.3065479e+10
       60.327636  -6.6954797e+10
       60.343918  -7.6831055e+09
       60.359585  -5.4599940e+09
       60.375305  -8.2697883e+10
       60.391522   1.0085918e+11
       60.407336   3.7883744e+10
       60.422921   9.9193231e+10
       60.439110  -4.5280440e+10
       60.455064  -3.8982439e+10
       60.470519  -8.2347268e+09
       60.486560   6.7337073e+10
       60.501921   6.3992625e+09
       60.518122  -5.6575978e+10
       60.534323  -4.4165271e+10
       60.550524   4.3631382e+10
       60.565784  -4.3793459e+10
       60.581926  -6.1944336e+10
       60.598113   3.6039685e+10
       60.613541  -4.4844861e+08
       60.629529  -2.8786727e+10
       60.645701  -2.6563314e+10
       60.661266  -2.2302223e+10
       60.677115  -2.6190935e+10
       60.693316  -1.5552188e+09
       60.709517   6.5867126e+10
       60.725264   4.5678833e+10
       60.741326   7.6426998e+10
       60.757744  -4.3596846e+10
       60.772992  -5.1560319e+10
       60.788747  -6.1561420e+10
       60.805459  -1.4513496e+10
       60.820873  -2.8589461e+10
       60.836952  -3.9535181e+09
       60.852258   6.3468857e+10
       60.868476   3.7168613e+10
       60.884677   2.5130398e+10
       60.899929  -1.9507109e+10
       60.916062   4.3840644e+10
       60.932246  -6.5995645e+10
       60.947669  -3.3209704e+10
       60.963648  -3.5060709e+10
       60.979849   2.6249681e+10
       60.995384   3.0511095e+10
       61.011053   6.1259672e+10
       61.027296   2.8847096e+10
       61.043636   5.9595719e+10
       61.059376  -4.4127816e+10
       61.075038  -2.7641349e+10
       61.091239   6.0156146e+10
       61.107423   8.8867205e+10
       61.123624   7.5557894e+09
       61.139584   1.5892320e+10
       61.155026  -2.2632253e+10
       61.171227   1.2191463e+10
       61.187428   7.7577059e+10
       61.203592  -3.8371022e+10
       61.218824  -6.6708615e+10
       61.234998   4.7894168e+09
       61.251213   5.7950354e+10
       61.267416   8.0549453e+10
       61.282816  -6.3922925e+10
       61.298818   4.0174506e+10
       61.315019   7.7623202e+09
       61.331203   5.4810792e+10
       61.347421   1.8323928e+10
       61.363056   8.3238325e+09
       61.378823  -8.7249449e+10
       61.395024  -5.6500359e+10
       61.411208   5.3709388e+10
       61.427032  -3.1521468e+09
       61.442610   5.6121403e+10
       61.458811   1.0928260e+11
       61.474776   9.6345208e+09
       61.490213  -3.0927279e+10
       61.506412  -2.4627543e+10
       61.522583   4.0758277e+10
       61.538816   2.6683675e+10
       61.555017   3.2983467e+10
       61.571218  -1.7765527e+10
       61.586512  -2.5727900e+10
       61.602603  -7.2035069e+09
       61.618804  -4.3690246e+10
       61.634988  -6.3877506e+10
       61.651189   3.0033056e+10
       61.666704  -3.2940772e+10
       61.682574  -5.7202698e+10
       61.698758   5.0969920e+10
       61.714959  -4.0528062e+10
       61.731160  -3.6662189e+09
       61.746928   1.4118088e+11
       61.762176  -3.3852804e+10
       61.777763   1.1158918e+10
       61.793964  -2.9156047e+09
       61.810144   2.3758837e+10
       61.826352  -5.0274337e+08
       61.842567  -6.3476194e+10
       61.858664   2.2284754e+10
       61.873969  -5.0875951e+10
       61.890153   2.2660086e+10
       61.906354  -5.0500589e+10
       61.921640  -1.5676012e+10
       61.937756  -3.2634508e+09
       61.953957   2.1373869e+10
       61.970158   7.2995150e+09
       61.985620  -4.9561428e+10
       62.001538  -4.5496885e+09
       62.017112  -1.2511628e+10
       62.032945   4.4725081e+10
       62.049146   3.6763170e+10
       62.065347   3.2876187e+10
       62.081104   7.3813279e+10
       62.096346  -4.8246200e+10
       62.111939  -4.6020770e+10
       62.127848   6.6227367e+10
       62.143352   7.3291045e+09
       62.159344   7.8828122e+10
       62.174592   7.2903774e+10
       62.189938  -6.7492938e+10
       62.206139  -7.3417260e+10
       62.222304   1.1014176e+11
       62.237552  -5.2666748e+10
       62.252784  -8.3040718e+10
       62.268909   6.3844305e+10
       62.284264  -5.2413293e+09
       62.300311  -1.5240296e+10
       62.315776  -3.1351821e+10
       62.331713   1.0942088e+11
       62.347914  -4.1365982e+08
       62.363504   5.6823114e+10
       62.378752   1.2187233e+10
       62.394492   4.7012196e+10
       62.410239  -3.6335353e+10
       62.425895   5.1463521e+10
       62.442092  -8.6895353e+10
       62.457992   2.5353029e+10
       62.473488   6.0177847e+10
       62.489488  -1.0059283e+11
       62.504907   5.5432104e+09
       62.521108  -6.9654438e+10
       62.537232  -2.6679555e+10
       62.552493   4.0703973e+09
       62.568694  -3.0378077e+10
       62.584895   1.6671749e+10
       62.600208   1.4929479e+11
       62.616297  -2.5738210e+10
       62.632498  -4.1849533e+10
       62.648699  -1.3136787e+10
       62.664184  -2.1098462e+10
       62.680073  -2.5729859e+09
       62.696278  -3.4983934e+10
       62.712486  -2.4608271e+10
       62.728687   2.2441632e+10
       62.744888  -1.6081665e+10
       62.761089   2.0780967e+10
       62.777273  -4.0154542e+10
       62.793491  -2.1628814e+10
       62.809692   7.0840095e+09
       62.825893   2.1534639e+10
       62.842094   7.4608742e+09
       62.858144   1.7836406e+10
       62.873479   7.5073659e+10
       62.889663  -8.2738321e+09
       62.905864  -6.9209089e+10
       62.922048   2.8777131e+10
       62.937352  -1.3403098e+11
       62.952584   2.9153888e+10
       62.968634   2.8554292e+09
       62.984822   2.7493408e+10
       63.001031  -8.4249682e+08
       63.016565   5.4357352e+10
       63.031818  -3.9177175e+10
       63.047072  -6.7513065e+10
       63.062823   4.6772863e+10
       63.078568  -7.1210940e+10
       63.093816  -9.8986939e+09
       63.109443  -7.2871338e+10
       63.125312   4.5489720e+10
       63.140544  -1.3408199e+10
       63.156029   2.7529491e+10
       63.172040  -1.7106021e+10
       63.187288  -3.7292042e+10
       63.202536   4.2357347e+10
       63.217833   5.8716751e+09
       63.234032   1.0182073e+11
       63.249264  -2.2275797e+10
       63.265404   6.5523435e+10
       63.280742  -3.6161055e+10
       63.296804   3.1263609e+10
       63.312224   5.7938933e+10
       63.328189   1.2128869e+11
       63.344373  -4.8452788e+09
       63.359968  -2.2993612e+10
       63.375792   5.4618351e+10
       63.391464  -5.3178297e+10
       63.407194  -2.4465305e+10
       63.423371   6.9446124e+10
       63.439569  -1.1863574e+10
       63.455440   4.6246790e+09
       63.470981   5.3712250e+10
       63.487182  -4.3897103e+10
       63.503383   6.0201817e+10
       63.519584  -8.0194137e+10
       63.535768  -3.9256590e+10
       63.551927  -3.9067792e+10
       63.567170   5.9448691e+09
       63.583387  -3.4615676e+10
       63.599589  -5.2764191e+10
       63.616642  -3.6276129e+10
       63.632152   4.7448220e+10
       63.648175   5.7824107e+10
       63.664376  -5.8122358e+10
       63.680577  -9.0347840e+09
