7.000000000000000000e+02 0.000000000000000000e+00 1.282309355022310843e-04
7.300000000000000000e+02 0.000000000000000000e+00 4.375724827783235077e-04
7.600000000000000000e+02 0.000000000000000000e+00 1.238460557547682106e-03
7.900000000000000000e+02 1.683171654194514982e-03 2.622213872656756727e-03
8.200000000000000000e+02 5.555419339638702388e-03 4.432700052717467032e-03
8.500000000000000000e+02 5.593512448863372823e-03 6.633918782128153842e-03
8.800000000000000000e+02 7.727203160956480979e-03 9.745439523505190424e-03
9.100000000000000000e+02 1.010164601388805622e-02 1.459982886916182804e-02
9.400000000000000000e+02 2.225276781453515429e-02 2.190017318581306480e-02
9.700000000000000000e+02 2.312342103343216146e-02 3.236918379821430297e-02
1.000000000000000000e+03 4.614784954848911297e-02 4.678958681754310373e-02
1.030000000000000000e+03 5.391597201631702363e-02 6.495581030294035607e-02
1.060000000000000000e+03 9.194674575135086680e-02 8.396334632133573006e-02
1.090000000000000000e+03 1.174013715643040662e-01 9.836193127543285675e-02
1.120000000000000000e+03 1.109577019516749946e-01 1.037810641206027007e-01
1.150000000000000000e+03 1.145392678129821817e-01 9.998819395631829143e-02
1.180000000000000000e+03 8.080416146058377880e-02 8.991653147226423559e-02
1.210000000000000000e+03 8.944505241954517349e-02 7.685993204041573212e-02
1.240000000000000000e+03 5.127547390137274924e-02 6.311443839424869806e-02
1.270000000000000000e+03 5.519416294125025629e-02 5.019305390370906034e-02
1.300000000000000000e+03 3.146526783557409418e-02 3.882024039938257454e-02
1.330000000000000000e+03 3.309621167659657082e-02 2.911415226530428974e-02
1.360000000000000000e+03 1.179821119034554430e-02 2.104456282856704760e-02
1.390000000000000000e+03 2.158219579785347966e-02 1.445283952539411741e-02
1.420000000000000000e+03 1.038253225481088711e-03 9.247899137815686343e-03
1.450000000000000000e+03 5.852976234652781766e-03 5.600716997127583134e-03
1.480000000000000000e+03 2.693112025956992308e-03 3.403508638298552436e-03
1.510000000000000000e+03 1.373575489452392388e-03 2.234538506396896961e-03
1.540000000000000000e+03 0.000000000000000000e+00 1.813039517898653013e-03
1.570000000000000000e+03 3.011126147110802960e-03 1.812721975381154094e-03
