90.02125000000001	4.0803243126251495E11
90.06725	6.304634340131609E10
90.11316666666667	9.959966984639165E10
90.15916666666666	2.3790760044377036E11
90.20508333333333	3.7232020471954675E11
90.25108333333334	6.632701842991335E11
90.29708333333333	-6.415241493497414E9
90.343	-1.2822018268763634E10
90.389	-1.32691175288038E11
90.43491666666667	1.250661838517642E11
90.48091666666667	1.4414393482511768E11
90.52683333333333	3.315004165549826E11
90.57283333333334	1.7843832343589304E11
90.61875	-2.250406507865593E11
90.66466666666666	-2.0589381375396115E11
90.71066666666667	4.687042598953172E11
90.75666666666667	-6.776734288127361E10
90.80258333333333	-3.568790722485257E9
90.84858333333334	-2.3483972107618286E10
90.89458333333333	1.7574871489859842E11
90.9405	1.049994416103354E11
90.9865	2.057146545133804E10
91.03241666666666	5.355287199296847E10
91.07841666666667	8.655139362715305E10
91.12433333333334	4.6195933623888293E11
91.17033333333333	5.106454296681464E11
91.21625	-4.3259018018502625E10
91.26216666666667	2.3828909516685614E11
91.30816666666666	7.963734379406694E10
91.35416666666667	1.851339091227957E11
91.40008333333334	-2.0630797661445547E11
91.44608333333333	-5.1360190149677E11
91.49208333333334	1.671653982731324E11
91.538	4.8403749273638947E11
91.584	-4.7863814384182385E11
91.62991666666667	-1.4803522722649136E11
91.67591666666667	3.038894966802061E11
91.72183333333334	-3.143856413037492E11
91.76783333333333	-3.398172600791257E11
91.81375	1.7672501841238345E11
91.85966666666667	-3.5736755672803986E11
91.90566666666668	2.2252911133993465E10
91.95166666666667	3.2108062710900253E10
91.99758333333334	1.9458897868187466E11
92.04358333333333	1.594785476409705E11
92.08958333333334	6.291678814708215E11
92.13550000000001	5.627870982250511E11
92.1815	4.475105772130622E11
92.22741666666667	-1.2753186545520578E11
92.27341666666666	-3.229918140412255E11
92.31933333333333	-4.2647870592683246E11
92.36525	1.6657296398687418E11
92.41125000000001	4.661636055875095E11
92.45716666666667	-2.868381409349727E11
92.50316666666667	-2.063444238740061E11
92.54916666666666	2.9677469103339856E11
92.59508333333333	5.74909886639855E11
92.64108333333334	-5.008508039120902E11
92.68708333333333	-2.676818850269331E11
92.733	-3.5536667675013794E11
92.779	4.72617816625559E11
92.82491666666667	-6.89472030512438E10
92.87091666666667	-4.70168818302469E10
92.91683333333334	1.9405942857060355E11
92.96283333333334	-8.9195038573557E10
93.00875	-1.9634714441162244E11
93.05475	-2.017431030879196E11
93.10066666666667	1.3135445460548079E11
93.14666666666668	2.0425160557788837E11
93.19258333333333	-1.7283613690510757E11
93.23858333333334	-8.034170988577408E10
93.28458333333333	-3.9283130712384924E11
93.3305	-3.4530602070158563E11
93.37650000000001	-1.412420923776106E11
93.42241666666668	-4.672864591831192E10
93.46841666666667	1.0258427871376625E11
93.51433333333333	3.433530197878692E9
93.56033333333333	5.103874797108659E10
93.60625	2.822362338084064E10
93.65225000000001	9.73818224325356E10
93.69816666666667	4.71771705886139E11
93.74416666666667	-1.0273468651586977E11
93.79008333333333	-4.1896606307412225E11
93.83608333333333	4.9547146729448474E11
93.88208333333334	-3.7246692115841583E11
93.92800000000001	-1.819131221416939E11
93.974	-3.219948165697354E11
94.01991666666666	3.9685031308335034E11
94.06591666666667	-1.8537486874768082E11
94.11183333333334	-9.062989390522948E10
94.15783333333334	-4.8891178804537683E11
94.20375	-3.80441062156216E11
94.24974999999999	1.8195928040146005E11
94.29566666666666	2.004599240642451E11
94.34166666666667	6.049884363101497E10
94.38758333333334	6.464205283160725E11
94.43358333333335	-6.185108521880922E11
94.47958333333334	-4.0625352433869305E11
94.5255	1.5623417824319928E11
94.5715	2.2216585971559296E10
94.61741666666667	-1.9831644993447495E10
94.66341666666668	1.6397400316465317E10
94.70933333333333	-3.543173800772328E11
94.75533333333333	2.1607116486463358E11
94.80125	3.110374800300228E11
94.84725	-5.767552638922327E10
94.89316666666667	-3.305065576334841E11
94.93916666666668	-4.625644667778271E9
94.98508333333334	8.224057448692569E9
95.03108333333333	-7.556491177154606E11
95.07708333333333	-1.3429069648144775E11
95.123	-3.366158732766996E11
95.16900000000001	1.9085775282082803E11
95.215	4.0921501299415955E11
95.26091666666666	1.7149332176416899E10
95.30683333333333	4.4683670925642316E11
95.35283333333334	-5.438945818112843E11
95.39875	-5.915707646598127E11
95.44475000000001	-5.814391688669339E10
95.49066666666667	-3.4057514511075494E11
95.53666666666666	3.0831400790142395E11
95.58258333333333	3.764929233308636E10
95.62858333333334	9.609264808649996E9
95.67458333333335	-4.547214956643109E11
95.7205	-1.9041117387716835E10
95.7665	-3.0530133062130493E11
95.81241666666666	2.08666846611401E11
95.85841666666667	8.873786875453737E10
95.90433333333334	-4.5574546659059393E11
95.95033333333335	-2.176042600638048E11
95.99625	1.9859114569664615E11
96.04225	-1.6976286221205942E11
96.08816666666667	-3.5280200793024445E10
96.13416666666667	-1.4260039347693396E10
96.18008333333334	-1.8664216412736214E10
96.22608333333334	3.702081938283423E11
96.27208333333333	-1.1742811039969028E11
96.318	1.990762573977396E11
96.364	7.934223645240455E11
96.40991666666667	1.845177018769217E11
96.45591666666668	-2.2480613498332587E11
96.50183333333332	2.639234690866939E11
96.54783333333333	-6.540704931879502E11
96.59375	4.979453704130732E11
96.63975	-5.687188987038333E11
96.68566666666668	-9.167782623619005E10
96.73166666666667	3.6777002507243896E11
96.77758333333333	2.1140473133605354E10
96.82358333333333	-4.096040843861543E11
96.86958333333334	4.7835944471304987E11
96.91550000000001	-6.388506786753209E10
96.96150000000002	-2.5589682851638647E11
97.00741666666666	1.175354077534645E11
97.05341666666666	-2.5053878059304755E11
97.09933333333333	-3.427343243980228E11
97.14533333333334	-2.294798175222209E11
97.19125000000001	-2.5121636597946118E11
97.23724999999999	6.749708947341487E10
97.28316666666666	3.764367465690739E11
97.32916666666667	-2.243910308288247E11
97.37508333333334	4.210942159379527E11
97.42108333333334	-4.086228018255484E11
97.46708333333335	3.053676768136698E11
97.51299999999999	-4.2063336865246136E11
97.559	-1.0037932721680693E12
97.60491666666667	1.3479429746775208E11
97.65091666666667	3.1005569499904045E10
97.69683333333334	1.620076600950048E11
97.74283333333332	1.873725349427202E11
97.78875	-3.155153824281474E11
97.83475	4.9248117467683093E11
97.88066666666667	8.939872041471877E10
97.92666666666668	-2.0190612955230827E10
97.97258333333335	-4.369460460773193E11
98.01858333333332	-2.66730147002225E11
98.06458333333333	-4.506334286971947E11
98.1105	9.916655783489746E10
98.15650000000001	-5.386274158129647E11
98.20241666666668	2.0489044337693042E11
98.24841666666666	-1.0785335340864498E12
98.29433333333333	1.9522375579250522E11
98.34033333333333	-6.883040691424179E10
98.38625	-4.1816935323668475E9
98.43225000000001	-2.329966576929494E11
98.47816666666668	7.819547200572244E10
98.52416666666666	3.09184742354743E11
98.57008333333333	-2.4242771881592838E11
98.61608333333334	-2.168517866894785E11
98.66208333333334	-4.358304081580497E11
98.70800000000001	-2.8697617257006006E11
98.75399999999999	1.8080550855824738E11
98.79991666666666	-4.079279082487881E11
98.84591666666667	-4.1556001899494037E11
98.89183333333334	-4.56446486687506E11
98.93783333333334	-4.144909247508559E10
98.98375000000001	-8.035835736973335E10
99.02974999999999	2.4074662124295908E11
99.07566666666666	-7.009866543121526E10
99.12166666666667	-1.344080229765342E11
99.16758333333334	4.767009209717483E9
99.21358333333335	5.3956177556799324E10
99.25958333333332	1.109815064404361E11
99.3055	2.404040777072261E11
99.3515	1.4288418199837653E11
99.39741666666667	1.0993531494773102E11
99.44341666666668	1.2435230609833683E10
99.48933333333333	2.0254952675127048E11
99.53533333333333	5.1202559409561847E11
99.58125	-3.5436234506136176E11
99.62725	-3.77475524853927E11
99.67316666666667	-1.8732240214760974E11
99.71916666666668	4.9393151123417633E11
99.76508333333332	-3.156788331214908E11
99.81108333333333	-2.6636235581927188E11
99.85708333333334	-5.555146560228466E11
99.903	-1.6183574941086914E11
99.94900000000001	1.5359598121239487E11
99.99491666666667	2.098922880191189E10
100.04091666666666	4.381787218676441E11
100.08683333333333	-1.0919213153403087E11
100.13283333333334	6.711464285439908E9
100.17875000000001	2.282719809673024E11
100.22475	4.087590633300601E11
100.27066666666666	-2.0705357882981036E11
100.31666666666666	-8.720058265596796E10
100.36258333333333	-1.2343086495868351E10
100.40858333333334	-4.4616783619967084E11
100.45458333333335	-1.5201084060299606E10
100.5005	-4.401262504546638E10
100.5465	-3.9954997796427936E11
100.59241666666667	-3.2269183345951715E11
100.63841666666667	2.335273967008543E11
100.68433333333334	4.630115673354923E11
100.73033333333333	-7.92584433106126E9
100.77624999999999	1.2961895394297038E11
100.82216666666666	1.5956355565000116E11
100.86816666666667	3.069125725315313E11
100.91416666666667	-3.0947362724597992E10
100.96008333333334	-1.2423837420844876E11
101.00608333333334	-2.8403810427072406E11
101.05208333333333	-5.886121400973915E11
101.098	1.659995794320054E10
101.144	4.105206376950822E11
101.18991666666668	-6.229440817507376E10
101.23591666666667	-8.324878899246769E11
101.28183333333332	-2.585476521090952E11
101.32783333333333	-5.141598246141303E11
101.37375	-2.5520361464677136E11
101.41975000000001	2.9200123273608727E10
101.46566666666668	4.662156025544366E11
101.51166666666667	2.6933072164629614E11
101.55758333333333	-4.3624688477163416E11
101.60358333333333	-6.018118702839812E11
101.64958333333334	4.691525960491335E11
101.69550000000001	-1.6792366721814008E11
101.7415	5.196911793891859E10
101.78741666666666	2.142975092546017E10
101.83341666666666	-3.417058482604992E11
101.87933333333334	-2.333171957715056E11
101.92533333333334	3.2704037840208026E11
101.97125000000001	2.495742605987186E11
102.01725	-4.676621298177323E11
102.06316666666666	-3.3380928596917163E11
102.10916666666667	-2.3516156153393713E11
102.15508333333334	-7.977254582828407E10
102.20108333333334	3.6128085116121625E11
102.24708333333334	1.1364571847555193E11
102.29299999999999	-1.1833525425930438E11
102.339	-2.55215083538566E10
102.38491666666667	3.803375857644423E11
102.43091666666668	-7.222695363842491E11
102.47683333333333	-2.498749043380711E11
102.52283333333334	1.2666214142257092E11
102.56875	-1.6397308709385422E11
102.61466666666666	-7.246015807642917E11
102.66066666666667	-2.913051511169071E11
102.70666666666668	-3.99585746907662E10
102.75258333333333	1.9182419323964542E11
102.79858333333333	-4.11816041491052E11
102.84458333333333	-1.9371061350446848E11
102.8905	-2.98430035170944E11
102.93650000000001	-3.335516882609733E10
102.98241666666667	3.998169043816059E10
103.02841666666667	-9.725394036778883E11
103.07433333333333	-8.918992284292155E10
103.12033333333333	1.3091023245663889E11
103.16625	-7.270321940629789E11
103.21216666666668	-4.9518586512067566E11
103.25816666666667	1.4497992511848799E10
103.30416666666666	4.6157923279384735E11
103.35008333333333	-9.503450825417215E10
103.39608333333334	-6.594629976227418E11
103.44208333333334	3.7654923768363245E11
103.488	-5.3417715498723425E11
103.534	-4.764140519902228E11
103.57991666666666	-6.33867949652755E11
103.62591666666667	-4.11745464740781E11
103.67183333333334	-7.027487458110757E10
103.71783333333333	-1.1814101526898183E11
103.76375	-2.6383307490801962E11
103.80975	-3.351662834931561E11
103.85566666666666	5.523969553512301E10
103.90166666666667	2.7543923762486426E11
103.94758333333334	-1.8131779534391217E11
103.99358333333333	1.68023011645032E11
104.03958333333334	-5.022133863868911E9
104.0855	3.519337169247181E10
104.1315	-4.782759985325481E11
104.17741666666667	-7.980500447598372E11
104.22341666666667	-4.408568646070913E11
104.26933333333334	-6.256206437171881E11
104.31533333333333	-5.319987722322643E10
104.36125	5.9437734032517334E10
104.40725	-1.9574018151666995E11
104.45316666666668	-8.343970131681879E11
104.49916666666667	-8.195640088402496E10
104.54508333333334	-2.295165521941393E11
104.59108333333333	3.380327606071976E10
104.63708333333334	7.562648558005331E9
104.683	-6.819397740790161E11
104.729	-8.012754479156802E10
104.77491666666667	-3.450554790476846E11
104.82091666666666	-2.5388622657183002E11
104.86683333333333	1.7576014645380896E11
104.91283333333334	-3.84583324527187E11
104.95875000000001	-5.771019557537701E11
105.00475	-1.7874094031511176E11
105.05066666666667	3.961872136778054E10
105.09666666666666	-2.1353334950610333E11
105.14258333333333	-4.8038253253466406E11
105.18858333333334	4.712604189453945E10
105.23458333333333	1.6376922252381528E11
105.2805	2.7258469744674094E11
105.3265	-7.250305319275092E10
105.37241666666667	-2.3563600624607922E11
105.41841666666667	-2.422374782778453E11
105.46433333333333	-2.605799099718456E11
105.51025	1.0455980411857056E11
105.55625	-1.055082458227793E11
105.60216666666666	-4.447087167223141E11
105.64816666666667	2.843612323697225E11
105.69416666666667	-4.226520576233553E11
105.74008333333333	1.616368577308186E11
105.78608333333334	1.4528303367753876E11
105.83208333333333	-4.091106874353914E11
105.878	-4.58980109383056E10
105.924	1.7841093992541986E11
105.96991666666666	-4.796738148674574E11
106.01591666666667	-2.4361889519407822E11
106.06183333333334	2.037378680586749E11
106.10775	-5.247716370708481E11
106.15375	-3.5131549859996735E11
106.19966666666667	-4.556881050766286E11
106.24566666666666	-1.4135601650085678E11
106.29166666666667	-3.1615123548731335E11
106.33758333333334	2.0361595182899707E11
106.38358333333333	-5.0530358927659735E11
106.42958333333334	2.9034507799406445E11
106.4755	-2.6205269644220435E11
106.5215	6.7949637354872925E10
106.56741666666667	-2.67268484728569E11
106.61341666666667	-6.103039701807511E11
106.65933333333334	-1.3160349057574438E11
106.70533333333333	-4.550682810528777E11
106.75125	-4.288416346730145E10
106.79716666666667	-4.156699281122407E10
106.84316666666668	7.323696015670114E10
106.88916666666667	-1.1130437595821706E11
106.93508333333334	1.9719430037790976E11
106.98108333333333	6.788332345798667E9
107.02708333333334	-5.318761044828165E11
107.07300000000001	2.9315149590086365E11
107.119	-3.237691494168052E11
107.16491666666667	-1.2286742173312056E11
107.21091666666666	-6.869575004459469E11
107.25683333333333	1.772094777863904E11
107.30275	-2.499257711317047E11
107.34875000000001	2.2881661454106E11
107.39466666666667	2.008159098223329E11
107.44066666666667	2.608406078647607E10
107.48666666666666	-3.1254537113708744E10
107.53258333333333	-7.685811122180199E10
107.57858333333334	-6.585407812720116E11
107.62458333333333	-3.734825103349981E11
107.6705	8.570194279588759E10
107.7165	-4.490189132498484E11
107.76241666666667	1.016892473690361E10
107.80841666666667	-2.8585297884988226E11
107.85433333333334	1.2051197593702502E11
107.90025	-2.3029544972361612E11
107.94625	-2.1913883134815463E11
107.99216666666666	-3.684215856883542E11
108.03816666666667	-3.905229900804558E11
108.08416666666668	8.042044035991927E10
108.13008333333333	1.7962000677830655E11
108.17608333333334	-4.0399920559898596E11
108.22208333333333	8.652088893164277E11
108.268	-1.8993571818257242E11
108.31400000000001	-4.996383643957948E11
108.35991666666668	5.348010529952475E10
108.40591666666667	1.3508392783414835E11
108.45183333333333	-3.8983905420146576E11
108.49783333333333	2.0437540347924777E11
108.54375	-2.951109505169354E11
108.58966666666667	5.2577462579078125E10
108.63566666666667	-2.434229026956328E11
108.68166666666667	-4.0050945813673724E11
108.72758333333333	3.1311683257131927E10
108.77358333333333	7.37917404177019E10
108.81958333333334	4.488811233503688E11
108.86550000000001	-4.849480233730226E11
108.9115	1.366642216764145E11
108.95741666666666	-6.895551989924418E11
109.00341666666667	-2.3620288194973544E11
109.04933333333334	-2.9155188809802856E11
109.09533333333334	-9.103727239681681E11
109.14125	8.088441554788429E11
109.18716666666667	1.2740912698178157E11
109.23316666666666	-1.196717786149466E11
109.27916666666667	-6.524046819856342E11
109.32508333333334	-3.275222681946711E10
109.37108333333335	1.7408030304823035E11
109.41708333333334	-2.2169582283257318E11
109.463	-2.0465194389657196E11
109.509	-7.393411696325791E11
109.55491666666667	2.520503885659703E11
109.60091666666668	-1.574216836704689E11
109.64683333333333	-2.010304533954945E11
109.69275	-3.365959765029117E11
109.73875	2.6740951551806558E11
109.78466666666667	-1.7141747664481985E11
109.83066666666667	-3.3632571939428894E11
109.87666666666668	-5.266691588296196E11
109.92258333333334	-3.86366955442182E11
109.96858333333333	-3.595374453502432E11
110.01458333333333	-4.2270848557087604E11
110.0605	-5.661035813091123E11
110.10650000000001	-1.6884552922151075E10
110.15241666666667	6.023375114538636E9
110.19841666666666	1.3263229068126796E11
110.24433333333333	-2.964178081715059E11
110.29025	1.5496605586144144E11
110.33625	-3.0538401543342004E11
110.38216666666668	-1.7095844985661224E11
110.42816666666667	-3.084843048504041E11
110.47416666666666	-2.6209812065936264E11
110.52008333333333	-5.502842563408062E11
110.56608333333334	-4.00204562855327E11
110.61208333333335	2.5856964227522067E11
110.658	-1.5092425455783972E11
110.704	1.1654318764312231E11
110.74991666666666	6.3133746053893166E10
110.79583333333333	-2.5245092591403226E11
110.84183333333334	-4.075961409384592E11
110.88775000000001	-3.142705422727019E11
110.93375	7.840746106849995E10
110.97966666666666	1.658605405731157E11
111.02566666666667	7.52746243303586E10
111.07166666666667	1.9012189618662524E11
111.11758333333334	1.014832471896497E11
111.16358333333334	-6.149889015337027E10
111.20958333333333	-1.4230884519799515E11
111.2555	2.1904732610571323E11
111.30141666666667	-8.677223058150696E10
111.34741666666667	2.2176018243683212E11
111.39333333333335	1.0963250895137785E11
111.43933333333332	-1.4531720542617624E11
111.48525	-1.2049230724382506E11
111.53125	-2.6588085218423434E11
111.57716666666667	-2.6258182430283215E11
111.62316666666668	-3.0623546819047845E11
111.66916666666667	2.057608771089853E11
111.71508333333333	1.034011927237228E11
111.76108333333333	7.343651467801321E10
111.807	2.7237659411829373E11
111.85300000000001	2.9327679825608386E11
111.89891666666668	-4.332226700120588E11
111.94491666666666	-3.203708085968841E11
111.99083333333333	-4.012230491508887E11
112.03683333333333	-2.2185449449486813E11
112.08275	-2.6553794930347766E11
112.12875000000001	-2.5639201326925958E11
112.17466666666668	-2.687764286490318E11
112.22066666666666	-4.278967709253344E11
112.26666666666667	-3.228894533612177E11
112.31258333333334	-4.0571695607708154E11
112.35858333333334	-6.646283629605522E11
112.40450000000001	-8.028771386024574E10
112.45049999999999	-3.7246585270608636E11
112.49641666666666	-1.070441894105208E11
112.54241666666667	2.033803235707772E11
112.58833333333334	-7.316065829843991E10
112.63433333333334	7.12692412038681E11
112.68025000000002	2.5027556042723694E11
112.72625	2.7894831104015265E11
112.77216666666666	-7.388069673560296E9
112.81816666666667	-3.7417559343144684E10
112.86416666666668	-2.415808489537771E11
112.91008333333335	1.2946400357915959E11
112.95608333333332	-5.266626681031966E11
113.002	1.1241872423654927E11
113.048	2.8193718470677765E11
113.09391666666667	-2.86162455550176E11
113.13991666666668	1.0522694775234255E10
113.18583333333335	1.428505364745658E11
113.23183333333333	1.9496306479250967E11
113.27775	2.979355986533078E11
113.32375	-1.9742067768416904E10
113.36966666666667	-1.4177719675837927E11
113.41566666666668	-8.331582828258763E11
113.46166666666666	-1.4519549818111218E11
113.50758333333333	-3.4550333421124884E11
113.55358333333334	2.5049488899850226E11
113.5995	-4.5069062792982733E11
113.64550000000001	-1.442658432351119E11
113.69141666666665	-3.8176400476950793E11
113.73741666666666	5.78130638243187E11
113.78333333333333	1.7797911873106266E10
113.82933333333334	2.1464049264550293E11
113.87525000000001	-5.002661100942173E11
113.92125000000001	5.698140053499272E9
113.96716666666666	5.390435668014777E11
114.01316666666666	-2.7369678205986752E11
114.05916666666667	-9.05721112947668E10
114.10508333333334	5.425423203001379E11
114.15108333333335	1.876142937452083E11
114.19699999999999	-1.3015013278483252E11
114.243	1.9186896191234763E11
114.28891666666667	1.5387767007122128E11
114.33491666666667	-4.906345562768857E11
114.38083333333334	1.9723406199347507E11
114.42683333333333	1.3379902882438339E11
114.47274999999999	-7.907406501647884E9
114.51875	-3.785262974847789E11
114.56466666666667	-1.680688370716089E11
114.61066666666667	-2.61089773142189E9
114.65666666666668	-2.695493985462849E11
114.70258333333332	-1.5106383009474036E11
114.74858333333333	-2.3214316411464508E11
114.7945	6.239406298547666E11
114.8405	7.719854207152536E10
114.88641666666668	-1.780326630186344E11
114.93241666666667	9.304057487650993E10
114.97833333333332	-5.124188538506658E11
115.02433333333333	1.47991267425439E11
115.07025	2.3512952091859692E11
115.11625000000001	3.5552851806084546E11
115.16216666666668	3.859164465882084E11
115.20816666666666	-1.0217412270080746E11
115.25416666666666	5.229904515519428E11
115.30008333333333	3.8510037391779584E11
115.34608333333334	-9.909445570214429E10
115.39200000000001	-2.330831372190783E11
115.438	-4.903332043134591E11
115.48391666666666	-1.8215980124715198E11
115.52991666666667	4.188253884313441E10
115.57583333333334	-1.5278215460650085E11
115.62183333333334	6.682846023212693E9
115.66775000000001	6.122233532193268E11
115.71374999999999	-2.7115003660461E11
115.75966666666666	2.3068244665982605E11
115.80566666666667	1.9251396321525427E11
115.85166666666667	-8.004434451646996E11
115.89758333333334	6.528317860793575E10
115.94358333333334	1.1905214351377547E11
115.98949999999999	4.447659426986046E11
116.0355	5.1026109946237213E11
116.08141666666667	2.470488494819564E11
116.12741666666668	-6.312128767202882E10
116.17333333333335	5.908805817008365E10
116.21933333333332	7.955679349658401E10
116.26525	-7.802983724230106E10
116.31125	-2.7474849781967984E11
116.35716666666667	-2.0734867754308807E11
116.40316666666668	-3.219070893652496E11
116.44916666666667	-3.053854511216518E11
116.49508333333333	-5.213673497149949E10
116.54108333333333	1.3458835806417323E11
116.587	-1.0522040586111403E11
116.63300000000001	-1.9829203946122635E11
116.67891666666668	-1.994193341263428E11
116.72491666666666	-4.4120091926835547E11
116.77083333333333	-7.495164909898588E11
116.81683333333334	-6.196473084074514E10
116.86275	2.949225436299957E11
116.90875000000001	-2.6384470627066788E11
116.95466666666667	-3.100156362720723E11
117.00066666666666	3.990283571322469E11
117.04666666666667	3.880648538643303E11
117.09258333333334	1.5991496640619565E11
117.13858333333334	3.3480591248010815E11
117.1845	1.2424954163283046E11
117.23049999999999	3.75429538229419E11
117.27641666666666	4.746650289382049E10
117.32241666666667	2.966744990200247E11
117.36833333333334	-1.5065190364220865E11
117.41433333333335	1.2201869319444118E11
117.46025	5.228526384553698E10
117.50625	-1.1332085046999323E11
117.55216666666666	5.5625468916987305E10
117.59816666666667	4.0655505499677895E10
117.64416666666668	2.199194324317353E9
117.69008333333333	1.6329522466339026E11
117.73608333333333	-3.8387303392472363E11
117.782	-4.223585772450188E11
117.828	6.70021904891477E11
117.87391666666667	1.365198242039402E11
117.91991666666667	4.127495259371884E10
117.96583333333334	-2.2811341177764014E11
118.01183333333333	4.142335727419261E11
118.05775	-1.779977781515519E11
118.10375	-4.436346675614503E10
118.14966666666668	2.7317071038124255E11
118.19566666666667	2.4439651505071695E11
118.24166666666666	-6.025592260194737E10
118.28758333333333	-2.1818249653840472E11
118.33358333333334	-1.3546110444535556E11
118.37950000000001	-2.131878205722871E11
118.4255	-1.1483191059616713E11
118.47141666666667	-2.78663297838832E11
118.51733333333333	4.124963978215667E11
118.56333333333333	-2.6982668216942502E11
118.60925	-3.084675813653429E11
118.65525000000001	2.7701731608282587E11
118.70125	-6.2941700163298615E10
118.74716666666667	1.8991181265175818E11
118.79316666666666	-6.397862881400025E10
118.83916666666667	-1.3200877238337062E11
118.88508333333334	-1.1396560310290143E11
118.93108333333333	-2.2310135715941296E11
118.977	2.116622318342643E11
119.02291666666666	-5.3727924605512885E11
119.06891666666667	-3.647041821816921E11
119.11483333333334	-2.762733380115039E11
119.16083333333334	-2.4654346854738516E11
119.20675	7.469429919190779E10
119.25275	7.114401021018135E10
119.29875	-3.219860876905074E10
119.34466666666667	4.444484808569731E10
119.39066666666668	-3.0152602765037115E11
119.43666666666667	4.168410651632692E11
119.48258333333334	2.782376295009479E11
119.52858333333333	-1.6558902405757007E11
119.5745	8.12224349404942E10
119.6205	-7.501553772238423E10
119.66641666666668	1.3460193918469113E11
119.71233333333333	1.3094845394337483E11
119.75833333333334	-1.5836332515604053E11
119.80425	1.9991947039493558E11
119.85025	1.0232655785111305E11
119.89625000000001	4.097235158126233E11
119.94216666666667	-5.180661244717181E10
119.98816666666667	4.160049107246235E11
120.03416666666666	-4.720632375541957E11
120.08008333333333	3.518111712954655E11
120.12608333333334	2.1698372166420956E11
120.172	-8.961185101405503E11
120.218	-3.7748783884207214E11
120.26391666666667	5.676507109247955E11
120.30983333333333	-6.100468495739604E11
120.35583333333334	-2.753593644785559E11
120.40175	-2.2829435790672076E11
120.44775	-1.1667041358152156E11
120.49375	1.5342176289476694E11
120.53966666666666	-5.193454839763834E10
120.58566666666667	-2.5338412708035828E11
120.63166666666667	6.363454964949494E10
120.67758333333333	6.172655532609181E10
120.7235	-1.2801747974518399E11
120.76950000000001	-1.4755047581245193E11
120.81541666666666	-3.627491959558323E11
120.86141666666667	9.704571096873438E10
120.90733333333334	-7.815763685281601E8
120.95333333333333	6.194282210474124E11
120.99925	-5.329841243011621E11
121.04525	-3.1779418802469763E11
121.09125	-7.32663536035271E10
121.13716666666667	6.036394152171111E11
121.18316666666666	2.4162569584912158E11
121.22916666666667	2.5916728919162418E11
121.27508333333334	1.4521676579969252E10
121.321	-1.3230770245510149E11
121.367	2.998686787986093E10
121.41291666666667	4.759638743429393E11
121.45891666666667	-4.654388574301265E10
121.50483333333334	-2.2080394112093134E11
121.55083333333333	-1.1333139195434532E11
121.59675	3.697802174005907E11
121.64275	8.294070198410103E11
121.68875	-2.0184557010199805E11
121.73466666666667	2.6754097675998016E11
121.78066666666668	-3.332964438632094E11
121.82666666666667	-6.7523640431596575E9
121.87258333333334	-1.3217776657999861E11
121.91858333333333	1.8260761599715372E11
121.9645	1.8042356712538458E11
122.01050000000001	4.717111530026798E11
122.05641666666666	4.068989235003012E11
122.10241666666667	2.6186265669903485E11
122.14833333333334	-4.936212007731336E11
122.19433333333333	2.4958392811617142E11
122.24025	-5.646150046649728E11
122.28625000000001	-3.262119273681658E11
122.33216666666667	-2.3256339319171154E10
122.37816666666667	-1.429161522022623E11
122.42416666666666	1.835012883080072E11
122.47008333333333	1.9099305464382886E11
122.51608333333334	4.136954775419303E11
122.562	1.139940159391737E11
122.608	-1.9549680866665237E11
122.65391666666667	9.565054452855331E9
122.69991666666667	-2.0407550841820575E11
122.74583333333334	5.800975364322119E11
122.79183333333334	-3.269273372625542E10
122.83775	1.7037413247241373E11
122.88375	-2.233049444304368E11
122.92966666666666	3.0061229577732623E11
122.97566666666667	2.825661822383389E11
123.02166666666668	-4.7114170756587335E11
123.06758333333333	-2.055140744291117E11
123.11358333333334	2.6162843691566632E11
123.1595	1.652804344232452E11
123.2055	-2.6172662210517496E11
123.25141666666667	5.473237939058542E10
123.29741666666668	-4.09467692294091E11
123.34333333333333	2.1023312672023578E11
123.38933333333334	1.9992702737885953E11
123.43525	-2.7565087775242355E10
123.48125	8.581967292479772E11
123.52716666666667	-1.6366220219633682E11
123.57316666666667	-7.422374217851915E10
123.61916666666667	3.067269553937487E11
123.66508333333333	-5.566821510880963E11
123.71108333333333	1.9011914900300452E11
123.757	-5.700452253774679E10
123.80300000000001	1.5369088931087943E11
123.84891666666667	3.800265966763893E11
123.89491666666666	9.179006430383647E10
123.94083333333333	2.7115039888860684E11
123.98683333333334	4.876776054465939E11
124.03275000000001	1.4267129382451633E11
124.07875	6.961444420390384E10
124.12466666666667	-2.5388891748594672E11
124.17066666666666	4.14557164214392E11
124.21666666666667	6.388634103323687E11
124.26258333333334	-9.553765088328763E10
124.30858333333335	-2.5815383485325424E10
124.3545	-1.1458298266787239E11
124.4005	1.7620751090093045E11
124.44641666666666	2.987255785862141E11
124.49241666666667	5.660191119123761E11
124.53833333333334	7.276489643437184E11
124.58433333333333	6.212281771007035E11
124.63025	1.841437582432776E11
124.67625	-2.8033914467804236E11
124.72216666666667	5.875578482713716E11
124.76816666666667	3.050128606495526E11
124.81416666666668	7.620237903954757E11
124.86008333333334	1.253277332438757E11
124.90608333333333	8.536358129180672E10
124.952	2.5669249152617828E11
124.998	7.430141584191632E11
125.04391666666668	-7.197150430108709E9
125.08991666666667	8.195408010683447E11
125.13583333333334	5.3105017362235864E11
125.18183333333333	2.816827015736515E11
125.22775	2.4947800384394498E11
125.27375	5.185703566172103E11
125.31966666666668	2.828690108298261E11
125.36566666666667	3.582473063594029E11
125.41166666666666	6.703555330764199E11
125.45758333333333	-3.381994307785081E11
125.50358333333334	8.014991330016637E11
125.54950000000001	3.0553455492906506E11
125.5955	2.9869305196760596E11
125.6415	3.427119537406018E11
125.68741666666666	2.6932865622157925E11
125.73333333333333	5.422405946526313E11
125.77933333333334	6.273190511413735E11
125.82525000000001	5.128214681198341E11
125.87125	-3.060313535474346E11
125.91716666666666	2.642354859436246E11
125.96316666666667	5.68407938837287E11
126.00916666666667	3.0126694543373395E11
126.05508333333334	6.582456858472415E11
126.10108333333334	3.245647960940829E11
126.14699999999999	4.23264558077576E11
126.193	2.8717423773524365E11
126.23891666666667	7.047689652538955E11
126.28491666666667	9.932257670393313E11
126.33083333333335	3.6210679536266315E11
126.37683333333334	7.728466329718535E10
126.42275	6.337563711729731E11
126.46875	4.5652490145177325E11
126.51466666666667	3.7515253719303357E11
126.56066666666668	4.189900216634883E11
126.60666666666667	8.247750301781305E11
126.65258333333333	6.142453032231411E11
126.69858333333333	7.637080080623969E11
126.7445	5.140299384650381E11
126.79050000000001	6.771703706067131E11
126.83641666666668	3.4334398928869696E11
126.88241666666666	8.64510005797548E11
126.92833333333333	4.250136045501346E11
126.97433333333333	4.7659654075181635E11
127.02025	4.831692809314833E11
127.06625000000001	6.286474286733839E11
127.11216666666668	1.4491154281583423E12
127.15816666666666	7.454453401574093E11
127.20416666666667	9.163315726290463E11
127.25008333333334	5.0416425014688293E11
127.29608333333334	1.1974240324868835E12
127.34200000000001	8.615433509760997E11
127.38799999999999	9.541332359014114E11
127.43391666666666	8.314957480228439E11
127.47991666666667	9.455896795547621E11
127.52583333333334	6.664128075344425E11
127.57183333333334	9.820108166507845E11
127.61775000000002	1.285859808801729E12
127.66375	1.159266274306388E12
127.70966666666666	1.0287498572024595E12
127.75566666666667	1.0527908970297798E12
127.80166666666668	4.5073618419284607E11
127.84758333333335	6.704108336769941E11
127.89358333333332	1.162034219904365E12
127.9395	1.0940826678866908E12
127.9855	6.563407058952966E11
128.03141666666667	5.6684993981924E11
128.0774166666667	7.277861388477734E11
128.12333333333333	6.930605374611047E11
128.16933333333333	8.305010154439103E11
128.21525	1.3709753922770261E12
128.26125000000002	1.5103549628006226E12
128.30716666666666	1.3973336966013044E12
128.35316666666668	1.1160436949913179E12
128.39916666666664	1.1732232588845845E12
128.44508333333334	1.42213249130683E12
128.49108333333334	1.0723381817211947E12
128.537	1.411230109298834E12
128.58300000000003	1.4096793485164785E12
128.62891666666667	1.484423567388592E12
128.67491666666666	1.1189424733438386E12
128.72083333333333	1.1838868405191006E12
128.76683333333335	1.6851276181028098E12
128.81275	1.4428808601550718E12
128.85875000000001	1.3728000620841973E12
128.90466666666666	1.9992317751525515E12
128.95066666666668	1.0878294324049158E12
128.99666666666667	2.0116358863715183E12
129.04258333333334	1.4328244866166458E12
129.08858333333336	1.2687877032568093E12
129.1345	2.2473505040102095E12
129.1805	1.2048183403887017E12
129.22641666666667	1.8135814595285862E12
129.2724166666667	1.9449452509710618E12
129.31833333333333	2.1545608933321802E12
129.36433333333335	1.7517771925555757E12
129.41025	1.7109410412335356E12
129.45625	1.3492272705200156E12
129.50216666666665	1.635113269479991E12
129.54816666666667	1.5766433728508513E12
129.5941666666667	1.4125128084947842E12
129.64008333333334	1.5320690397084753E12
129.68608333333333	1.6907476133088665E12
129.732	2.2485478112532583E12
129.77800000000002	2.0256877277009624E12
129.82391666666666	2.0512971406890713E12
129.86991666666665	1.9438549527010251E12
129.91583333333332	2.4311866551328066E12
129.96183333333335	2.4039450023825024E12
130.00775	2.3571294599622544E12
130.05375	2.6429144603840137E12
130.09966666666668	2.4062995301203994E12
130.14566666666667	2.0757633886050828E12
130.19166666666666	1.2580449410085952E12
130.23758333333333	2.1737961967713093E12
130.28358333333335	2.49671317545765E12
130.3295	2.2991868598256772E12
130.3755	2.5849132088161475E12
130.42141666666666	2.7806310918416353E12
130.46741666666668	2.884384233418377E12
130.51333333333332	2.937259389501281E12
130.55933333333334	2.545995876381259E12
130.60525	2.7945065973128335E12
130.65125	2.8845308082999473E12
130.69716666666665	3.3482423423931973E12
130.74316666666667	2.3406412649870073E12
130.7891666666667	3.403031895319328E12
130.83508333333333	3.457805569211512E12
130.88108333333332	3.401049218500851E12
130.927	2.585154217655582E12
130.973	2.74751178644498E12
131.01891666666666	3.5985568374361265E12
131.06491666666668	3.0056805306164385E12
131.11083333333335	3.0271439252352603E12
131.15683333333334	3.4829468172625703E12
131.20274999999998	3.0348285864307734E12
131.24875	2.9564846213263657E12
131.29466666666667	3.537480448139553E12
131.34066666666666	4.0382505264464736E12
131.38666666666666	3.7348819784855146E12
131.43258333333333	3.836505464087617E12
131.47858333333335	3.832468397323096E12
131.5245	3.730597322236282E12
131.5704166666667	4.156978985775472E12
131.61641666666668	3.5894392062702197E12
131.66233333333332	4.430587225054229E12
131.70833333333331	3.8512920476541753E12
131.75425	4.2619890613003613E12
131.80025	4.461373299592004E12
131.84625	4.425966815217479E12
131.89216666666667	3.969900415287572E12
131.93816666666666	4.100782088737694E12
131.98416666666668	4.3392643671309175E12
132.03008333333332	4.638391144979936E12
132.07608333333334	4.3016398885481406E12
132.122	4.618359263235019E12
132.168	4.674852763825593E12
132.21391666666665	4.433947374967677E12
132.25983333333335	4.914990492767931E12
132.30583333333334	4.828633802946983E12
132.35175	5.250965247049238E12
132.39775	5.096114261246381E12
132.44375	5.142777001379637E12
132.48966666666666	5.220736637852314E12
132.53566666666666	4.827165998049639E12
132.58166666666668	5.075326498748875E12
132.62758333333335	5.5504361363383E12
132.67358333333334	5.548145912278024E12
132.71949999999998	5.841283130319046E12
132.7655	5.615933516824896E12
132.81141666666667	6.006880954934879E12
132.85741666666667	5.376515461245542E12
132.90333333333334	5.994403585128778E12
132.94925	6.381414244571904E12
132.99525	6.592329343669832E12
133.04125	6.366932182523566E12
133.0871666666667	7.3115278576749375E12
133.13316666666668	6.681114909266932E12
133.17916666666667	6.095694071702278E12
133.22508333333332	6.870048745221259E12
133.27108333333334	7.071133906006063E12
133.317	6.544385926199086E12
133.363	7.115237985876385E12
133.40891666666667	7.046300427143403E12
133.45483333333334	6.59778983676098E12
133.50083333333333	6.816444483866789E12
133.54675	7.555526969622544E12
133.59275000000002	6.989600766964393E12
133.63875000000002	7.830405883099127E12
133.68466666666666	7.765334555727044E12
133.73066666666665	7.314819738143791E12
133.77666666666667	7.257558001745324E12
133.82258333333334	8.95137640912214E12
133.86858333333333	7.761273046356023E12
133.9145	8.204858566629321E12
133.9605	8.339304912821199E12
134.00641666666667	9.49896192473877E12
134.05233333333334	8.15230687498351E12
134.09833333333336	8.388469154045652E12
134.14425	8.403537816216228E12
134.19025	8.35011944688426E12
134.23624999999998	9.298432497121377E12
134.28216666666668	8.761738952110634E12
134.32816666666668	1.000938444391267E13
134.37416666666667	9.460935291588729E12
134.42008333333334	9.198131782925572E12
134.46608333333333	9.670971640386451E12
134.512	9.210544141276998E12
134.558	9.794890430804846E12
134.6039166666667	1.0117056363475158E13
134.64983333333333	9.95986685662317E12
134.69583333333333	1.021158155489782E13
134.74175	1.054350726532455E13
134.78775000000002	1.0086945864401014E13
134.83375	1.0508855114257566E13
134.87966666666665	1.1394453701710361E13
134.92566666666667	1.1051347768414725E13
134.97166666666666	1.166497337872583E13
135.01758333333333	1.1439244912820547E13
135.06358333333333	1.1323072777764584E13
135.1095	1.2408198783287623E13
135.15550000000002	1.1822446325146746E13
135.20141666666666	1.1365818137367646E13
135.24733333333333	1.1889399827868953E13
135.29333333333335	1.1632320428264445E13
135.33925	1.2259582754440828E13
135.38524999999998	1.3135314413529738E13
135.43125	1.310321247634884E13
135.47716666666668	1.2462626242019533E13
135.52316666666667	1.2796378888273691E13
135.56916666666666	1.3149689265867328E13
135.61508333333333	1.4363863236300389E13
135.661	1.3654768893662055E13
135.707	1.4154796017111057E13
135.75291666666666	1.4245904188439875E13
135.79891666666668	1.4078742509996508E13
135.84483333333333	1.479983583490984E13
135.89083333333332	1.5403528863812785E13
135.93675000000002	1.4582868242797533E13
135.98275	1.528045948828548E13
136.02875	1.451065202088854E13
136.07466666666667	1.5748230097488027E13
136.12066666666666	1.5813842632287277E13
136.16658333333334	1.5456840753319936E13
136.21258333333333	1.7238308103901898E13
136.2585	1.6513465430724193E13
136.30450000000002	1.6987961541110168E13
136.35041666666666	1.7086799843774238E13
136.39641666666665	1.6886281266681178E13
136.44233333333335	1.6587931010891316E13
136.48833333333334	1.7156310820775285E13
136.53425	1.7523163341801023E13
136.58025	1.7696311134857234E13
136.62625	1.798879944623953E13
136.67216666666667	1.864910835778306E13
136.71816666666666	1.887310382925315E13
136.76408333333333	1.831057211666967E13
136.81008333333335	1.9219335648770594E13
136.856	1.9560702473416582E13
136.902	1.9213364531908742E13
136.94791666666669	2.0036021229053734E13
136.99391666666668	1.9999755757958438E13
137.03983333333332	2.0689354532437156E13
137.08583333333334	2.0727422432297445E13
137.13175	2.125070244546638E13
137.17775	2.10246254863905E13
137.22375	2.071245436380822E13
137.26966666666667	2.151940846039798E13
137.3156666666667	2.232244035144725E13
137.36158333333333	2.2340901851002008E13
137.40758333333332	2.340218026492152E13
137.45350000000002	2.310171441575427E13
137.4995	2.286189155743488E13
137.54541666666665	2.4011194042641242E13
137.59133333333335	2.3693098104391062E13
137.63733333333334	2.4550862532692867E13
137.68333333333334	2.4598619831524777E13
137.72925	2.5468111252156492E13
137.77525	2.4985636936900336E13
137.82125000000002	2.47575033415227E13
137.86716666666666	2.569349523413045E13
137.91316666666665	2.5948608332015074E13
137.95908333333335	2.5857412176418953E13
138.005	2.7118165492970992E13
138.051	2.6637605216969723E13
138.0969166666667	2.7690953140382074E13
138.14291666666668	2.73864657220301E13
138.18883333333332	2.847110393539837E13
138.23483333333334	2.787508071002134E13
138.28083333333333	2.9206224368994086E13
138.32675	2.876671111240816E13
138.37275	2.985327553257574E13
138.41875	3.023939816470238E13
138.4646666666667	2.964529872516945E13
138.51058333333333	3.0510757538401406E13
138.55658333333332	3.0875337486935586E13
138.6025833333333	3.1324040895826027E13
138.6485	3.1176000575425844E13
138.69441666666665	3.15796924517277E13
138.74041666666668	3.235902718297451E13
138.78633333333335	3.2504444332846043E13
138.83233333333334	3.257550432800285E13
138.87833333333333	3.326873130828565E13
138.92425	3.3185214681106023E13
138.97025000000002	3.4291253928301332E13
139.01625	3.435641670562322E13
139.06216666666666	3.551135767535613E13
139.10816666666665	3.513628928781042E13
139.15408333333335	3.601339043743653E13
139.20008333333334	3.484787352469669E13
139.246	3.5865830537311586E13
139.292	3.6766386869485875E13
139.33791666666667	3.7109330210793875E13
139.3838333333333	3.774378847335782E13
139.42983333333333	3.869323734586986E13
139.47583333333336	3.91457228695015E13
139.52175	3.908950852617819E13
139.56775	3.865567608330957E13
139.61374999999998	3.95503150974307E13
139.65966666666668	3.980712387000993E13
139.70566666666667	4.034370583367679E13
139.75158333333334	4.094484890019773E13
139.79758333333334	4.1810112974822914E13
139.8435	4.142515558359857E13
139.88941666666665	4.189714798120344E13
139.93541666666667	4.26900005038511E13
139.98133333333334	4.328328379442705E13
140.02733333333333	4.40232967663331E13
140.07333333333332	4.366569431622192E13
140.11925	4.475004443294408E13
140.16525000000001	4.498916769596336E13
140.21125	4.531241469066163E13
140.25716666666668	4.630674474662415E13
140.30316666666667	4.6933239240064086E13
140.34908333333334	4.650320813879947E13
140.39508333333333	4.797099364021976E13
140.441	4.81239927169975E13
140.48700000000002	4.844719969215857E13
140.53291666666667	4.86119246300743E13
140.57883333333334	5.016968642919921E13
140.62483333333333	4.9962656113842414E13
140.67083333333335	5.0338662651157625E13
140.71675	5.127618723020136E13
140.76275	5.1636528377669055E13
140.80875	5.117512379237456E13
140.85466666666667	5.2357193829648664E13
140.90066666666667	5.2453384770552625E13
140.94658333333334	5.357674602551767E13
140.99258333333336	5.4179662958380555E13
141.0385	5.4299315461958234E13
141.08441666666667	5.420570056388358E13
141.13041666666666	5.51979456791307E13
141.17633333333333	5.615105685864591E13
141.22233333333332	5.694763673893461E13
141.26833333333335	5.70789927031063E13
141.31425000000002	5.760947565979119E13
141.36025	5.8523427305050445E13
141.40625	5.875845940528023E13
141.45216666666667	5.9232183773968086E13
141.4981666666667	5.9128724645244445E13
141.54408333333333	6.058656651958482E13
141.59	6.086461933810702E13
141.636	6.152027125597408E13
141.68191666666667	6.224831119173471E13
141.72791666666666	6.261047195807886E13
141.77383333333336	6.285915121591266E13
141.81983333333335	6.422499477475519E13
141.86583333333334	6.355996234434387E13
141.91174999999998	6.453057889833735E13
141.95775	6.521944669820952E13
142.00375	6.572635157556758E13
142.04966666666667	6.582042723446705E13
142.09566666666666	6.632536282337197E13
142.14158333333333	6.6900730101972484E13
142.1875	6.728826494690537E13
142.2335	6.838013797132099E13
142.27941666666666	6.845266013449735E13
142.32541666666668	6.941930307832513E13
142.37133333333333	6.957398650371013E13
142.41733333333335	7.000452983271051E13
142.46333333333334	7.16422407514941E13
142.50925	7.172647047028967E13
142.55525	7.211590790768311E13
142.60116666666667	7.172077722687514E13
142.64716666666666	7.3677375996465E13
142.69316666666666	7.382418587286334E13
142.73908333333333	7.5213384210174E13
142.78508333333335	7.501974676959733E13
142.83100000000002	7.695088913244883E13
142.87691666666666	7.684528613401266E13
142.92291666666668	7.623097778171069E13
142.96883333333332	7.687862320300998E13
143.01483333333334	7.785886761116347E13
143.06083333333333	7.805454057944162E13
143.10675	7.99836891174893E13
143.15275	7.918348011009498E13
143.19875	8.080348229478245E13
143.24466666666666	8.04102209757161E13
143.29066666666668	8.205368905729881E13
143.33658333333332	8.244498062950878E13
143.3825	8.318843996887395E13
143.4285	8.41666721768509E13
143.47441666666666	8.319424967125225E13
143.52041666666668	8.354246959268539E13
143.56633333333335	8.55067739686968E13
143.61233333333334	8.457737293891177E13
143.65833333333333	8.546166143959284E13
143.70425	8.630094749482086E13
143.75025	8.72106585690254E13
143.79625000000001	8.707949397956617E13
143.84216666666666	8.75391965662354E13
143.88816666666668	8.808301981417172E13
143.93408333333335	8.852510158007888E13
143.98	8.964022077876998E13
144.026	9.070837367245531E13
144.07191666666668	9.09058720967529E13
144.11791666666667	9.128140420961211E13
144.16383333333334	9.11501949339161E13
144.20983333333334	9.23904976012748E13
144.25583333333333	9.24157942477019E13
144.30175	9.329804521369077E13
144.34775	9.396311246109816E13
144.39366666666666	9.495296015223777E13
144.43966666666668	9.453018933595106E13
144.48558333333332	9.487632943533705E13
144.53158333333334	9.622615536894278E13
144.57750000000001	9.59970661683664E13
144.6235	9.600470627414673E13
144.66941666666668	9.711582258713839E13
144.71541666666667	9.826410298302766E13
144.76133333333334	9.799585962311772E13
144.80733333333333	9.734412816618069E13
144.85333333333332	9.926130383256652E13
144.89925	1.0087717318985319E14
144.94525000000002	9.99789022672848E13
144.99116666666666	1.0059302072464033E14
145.03716666666668	9.98101728093129E13
145.08308333333335	1.0204427952809377E14
145.12908333333334	1.0193250682489822E14
145.175	1.0191464531428697E14
145.221	1.021609043759402E14
145.26691666666667	1.0431085727555423E14
145.31291666666667	1.0406406117651231E14
145.35883333333334	1.0493835025640369E14
145.40483333333333	1.0435306424503581E14
145.45083333333335	1.0554625067515827E14
145.49675	1.054148701651493E14
145.54275	1.0607000151203522E14
145.58866666666668	1.0680143552049142E14
145.63466666666667	1.0559785964120561E14
145.68058333333335	1.0874558645991831E14
145.72658333333334	1.0728765121152545E14
145.7725	1.0780188826272066E14
145.8185	1.0860959367619861E14
145.86441666666667	1.0882642794731977E14
145.91041666666666	1.0850716535799419E14
145.95633333333333	1.0948507514083255E14
146.00233333333333	1.0920493153620302E14
146.04833333333335	1.0853347786514438E14
146.09425	1.0863093575098544E14
146.14025	1.0979664458936445E14
146.18616666666668	1.1023648241206706E14
146.23216666666667	1.1087587552999198E14
146.27808333333334	1.1098896288569525E14
146.32408333333333	1.1097095335762214E14
146.37	1.1240272505985644E14
146.416	1.1314774769937181E14
146.46191666666667	1.1246450812688495E14
146.50791666666666	1.1267930209540144E14
146.55383333333333	1.1179061649650638E14
146.59983333333332	1.1236344269456698E14
146.64583333333334	1.1279735023132255E14
146.69175	1.1278321303702886E14
146.73775	1.1296667458893975E14
146.78366666666668	1.144981784020779E14
146.82966666666667	1.132338026957741E14
146.87558333333334	1.1431920841683098E14
146.92158333333333	1.1445960417894252E14
146.9675	1.1344369444753547E14
147.0135	1.1434320953512706E14
147.05941666666666	1.1464207133869956E14
147.10541666666666	1.151209231740534E14
147.15133333333333	1.1455694784787494E14
147.19733333333335	1.1517274515762103E14
147.24333333333334	1.1470071086336003E14
147.28925	1.1582128424338161E14
147.33525	1.1484054329608055E14
147.38125	1.1519218815933819E14
147.42716666666666	1.1635187553256705E14
147.47308333333334	1.1495242701255802E14
147.51908333333333	1.1557209893906684E14
147.565	1.14532639515425E14
147.611	1.1675469183834898E14
147.65691666666666	1.1620043893330044E14
147.70291666666668	1.1454074124883477E14
147.74883333333335	1.1661408619764902E14
147.79483333333334	1.1638263853677152E14
147.84083333333334	1.1618444632918488E14
147.88675	1.1692538376405875E14
147.93275	1.1610500684393234E14
147.97866666666667	1.1686354220998727E14
148.02466666666666	1.1666924147786412E14
148.07058333333333	1.161599400234131E14
148.11658333333332	1.1723345464070584E14
148.1625	1.1610979465754014E14
148.20850000000002	1.159859072639222E14
148.25441666666669	1.160146279133983E14
148.30041666666668	1.156989907137606E14
148.34633333333332	1.157590050702784E14
148.39233333333334	1.1666618331299006E14
148.43833333333333	1.1605509537063828E14
148.48425	1.1855291990611878E14
148.53025	1.1637660397433625E14
148.57625	1.1688463057640395E14
148.62216666666666	1.1657091753437605E14
148.66808333333333	1.1764046010428088E14
148.71408333333335	1.1696673176483111E14
148.76000000000002	1.1705995948528717E14
148.806	1.1705730759716617E14
148.85191666666665	1.1596878571648645E14
148.89791666666667	1.1737090596284594E14
148.94383333333334	1.172567214684739E14
148.98983333333334	1.1717383127159603E14
149.03583333333333	1.1779332716434402E14
149.08175	1.1585760532444639E14
149.12775	1.1765100386391608E14
149.17366666666666	1.1703005427025306E14
149.21966666666668	1.1733061635698747E14
149.26558333333335	1.176331346926547E14
149.31158333333335	1.1812151253154467E14
149.3575	1.1698793361007255E14
149.4035	1.180123881016611E14
149.44941666666668	1.1972945108440606E14
149.49541666666667	1.1851954747706239E14
149.54133333333334	1.19395295873207E14
149.58733333333333	1.1713081680660455E14
149.63333333333333	1.1849372393040412E14
149.67925	1.1941641354349142E14
149.72525000000002	1.1968757134146947E14
149.7711666666667	1.1982177253223123E14
149.81716666666665	1.19592050600583E14
149.86308333333332	1.2029950253037569E14
149.90908333333334	1.214158574218181E14
149.955	1.1994569055634605E14
150.001	1.2024029621490038E14
150.04691666666668	1.2105533667204178E14
150.09291666666667	1.2027580182433806E14
150.13883333333334	1.2089909311327548E14
150.18483333333333	1.2171020039898714E14
150.23083333333335	1.2072717223674664E14
150.27675000000002	1.2239327460944283E14
150.32274999999998	1.2171741036622892E14
150.36866666666666	1.2305480712630025E14
150.41466666666668	1.2240241118091688E14
150.46058333333335	1.222058849679807E14
150.50658333333334	1.2243782691662302E14
150.55249999999998	1.2387498645725322E14
150.5985	1.2492083154829034E14
150.64441666666667	1.2468906817775648E14
150.69041666666666	1.2535338165955758E14
150.73633333333333	1.2517052149573781E14
150.78233333333336	1.2517352079058503E14
150.82833333333335	1.2476564560782148E14
150.87425	1.2508559682935916E14
150.92025	1.2566379881047036E14
150.96616666666665	1.2757830548995345E14
151.01216666666667	1.2574214988330845E14
151.05808333333334	1.2751773379078912E14
151.10408333333334	1.2887656845345272E14
151.15	1.2821431657637434E14
151.196	1.2793357632193306E14
151.24191666666667	1.2841001043034784E14
151.28791666666666	1.2962795615934472E14
151.33383333333333	1.2862525019721778E14
151.37983333333335	1.3041253411454366E14
151.42583333333332	1.3077742191590456E14
151.47175000000001	1.3149448416247289E14
151.51775	1.3154044932907838E14
151.56366666666665	1.3218706723459719E14
151.60966666666667	1.325480228409033E14
151.65558333333334	1.3320245730585945E14
151.70158333333333	1.3363970773067012E14
151.7475	1.3426087182946362E14
151.79350000000002	1.333070257994088E14
151.83941666666666	1.3393404999774398E14
151.88541666666666	1.3471562928293194E14
151.93133333333336	1.369646005682522E14
151.97733333333332	1.3691856172139988E14
152.02333333333334	1.3680012685935878E14
152.06925	1.3666799708975562E14
152.11525	1.3838868327258981E14
152.16116666666667	1.3911741371076827E14
152.20716666666667	1.402961340129338E14
152.25308333333334	1.3903507251590248E14
152.29908333333333	1.4061487044663808E14
152.345	1.4218488661053612E14
152.39100000000002	1.4167315350516738E14
152.43691666666666	1.4364424736091647E14
152.48291666666668	1.4236359194607344E14
152.52883333333332	1.4412337222024744E14
152.57483333333332	1.4422401191821222E14
152.62083333333334	1.4540464700611225E14
152.66675	1.4523332652696153E14
152.71275	1.45752648078498E14
152.75875	1.4738131286931822E14
152.8046666666667	1.4812367431515422E14
152.85058333333333	1.474455964236289E14
152.89658333333333	1.485831605605891E14
152.9425	1.4788355183534603E14
152.9885	1.4864545470278912E14
153.0344166666667	1.5089822821822825E14
153.08041666666668	1.5138033941234947E14
153.12633333333332	1.5177832128634897E14
153.17233333333334	1.5250890170769138E14
153.21833333333333	1.5332165153278872E14
153.26425	1.544826633898448E14
153.31025	1.5392583901038322E14
153.35616666666667	1.5365858104244834E14
153.4021666666667	1.5584283466331872E14
153.44808333333333	1.5578100255348856E14
153.49408333333335	1.5696350811871216E14
153.54	1.580325366805171E14
153.58599999999998	1.5792959856889778E14
153.63191666666668	1.589262269636943E14
153.67791666666665	1.5760827998881862E14
153.72383333333335	1.5895707346491975E14
153.76983333333334	1.60886943744722E14
153.81583333333336	1.598859400507946E14
153.86175	1.5894363337676834E14
153.90775	1.6145457741878228E14
153.95366666666666	1.6105421851207453E14
153.99966666666666	1.623814581470946E14
154.04558333333335	1.6390239486471394E14
154.09158333333335	1.632281040367614E14
154.1375	1.6390772771397747E14
154.1834166666667	1.6515278184303562E14
154.22941666666665	1.6595956494785153E14
154.27541666666667	1.659759089390612E14
154.32133333333334	1.648555153238878E14
154.36733333333333	1.663959811189714E14
154.41333333333333	1.66154051301971E14
154.45925	1.671584274034864E14
154.50525000000002	1.6787518465423197E14
154.55116666666666	1.6685259568059262E14
154.59716666666665	1.6977043133440984E14
154.64308333333335	1.7058696427305922E14
154.68908333333331	1.6976587836092588E14
154.735	1.7066848976452478E14
154.781	1.7208369970872303E14
154.82691666666668	1.7137608526036712E14
154.87291666666667	1.7280693891796172E14
154.91883333333334	1.734180116920509E14
154.96483333333333	1.7362994387662844E14
155.01083333333332	1.730788283759852E14
155.05675000000002	1.7455467116836175E14
155.10275000000001	1.7608528641509522E14
155.14866666666666	1.7670025128984384E14
155.19466666666668	1.7802151035841006E14
155.24058333333332	1.7872451038993075E14
155.28658333333334	1.7985989157217712E14
155.3325	1.8038288331313066E14
155.3785	1.8117586490090456E14
155.42441666666667	1.8151297881699522E14
155.47041666666667	1.8263660431953538E14
155.51633333333334	1.8241414478951103E14
155.56233333333333	1.841266751073604E14
155.60833333333332	1.8600354914511306E14
155.65425000000002	1.850062947175835E14
155.70024999999998	1.8687533448669138E14
155.74616666666668	1.870206806034085E14
155.79216666666667	1.8873319048267553E14
155.83808333333334	1.895633110876045E14
155.88408333333334	1.892547258906172E14
155.92999999999998	1.9034114275381012E14
155.976	1.903553755550246E14
156.02191666666667	1.9223417566392494E14
156.0679166666667	1.9229535692910153E14
156.11383333333333	1.939295837928919E14
156.15983333333332	1.9440162659648675E14
156.20583333333335	1.9556431756858712E14
156.25175	1.9654505418429703E14
156.29775	1.955457806543399E14
156.34366666666668	1.976632484500842E14
156.38966666666667	1.986615756664387E14
156.43558333333334	1.9758207902096506E14
156.48158333333333	1.9938648527547853E14
156.5275	1.990485024805783E14
156.5735	2.014163791085764E14
156.6194166666667	2.0064012758647562E14
156.66541666666666	2.0104756157545788E14
156.71133333333333	2.003084761396869E14
156.75733333333335	2.020424240423703E14
156.80333333333334	2.029683245621616E14
156.84925	2.0365161874512622E14
156.89525	2.0518990279031678E14
156.94116666666665	2.048323196586687E14
156.98716666666667	2.0592646552110588E14
157.03308333333334	2.055630051057667E14
157.07908333333336	2.0515649107729794E14
157.125	2.0704693601788503E14
157.171	2.0612193604253162E14
157.21691666666666	2.0641389506561884E14
157.26291666666665	2.0773888743522816E14
157.30883333333335	2.0791736057173725E14
157.35483333333335	2.0961212792598272E14
157.4008333333333	2.0903732625898188E14
157.44675	2.0888709235930347E14
157.49275	2.0940402224515872E14
157.53866666666667	2.1043160688404656E14
157.58466666666666	2.1002505096243134E14
157.63058333333336	2.1076501938819834E14
157.67658333333333	2.10687151603134E14
157.7225	2.1056428645539753E14
157.76850000000002	2.1102445466394878E14
157.81441666666666	2.1259788640841316E14
157.86041666666668	2.11242394989384E14
157.90633333333335	2.1135821061349256E14
157.9523333333333	2.121822769891651E14
157.99833333333333	2.1094807879219356E14
158.04425	2.131612746382352E14
158.09025000000003	2.1220098210853303E14
158.13616666666667	2.1297221408545025E14
158.18216666666666	2.1352430551486494E14
158.22808333333333	2.1217270408836203E14
158.27408333333332	2.112339186383061E14
158.32000000000002	2.1326122296973953E14
158.366	2.1379764762771256E14
158.41191666666666	2.1326777079148234E14
158.45791666666668	2.1199049254498388E14
158.50383333333332	2.1201430413722906E14
158.54983333333334	2.1454636649549775E14
158.59583333333333	2.1283864264276825E14
158.64175000000003	2.110526608455016E14
158.68775	2.1169471242662872E14
158.73366666666666	2.1239937565689494E14
158.77966666666669	2.127264200941608E14
158.82558333333333	2.114902066437511E14
158.87158333333335	2.1153941788117712E14
158.9175	2.1118558865057838E14
158.96349999999998	2.109432710669684E14
159.00941666666668	2.1040747826101538E14
159.05541666666667	2.0957232753952116E14
159.10133333333334	2.0875087553696162E14
159.14733333333334	2.074461525781262E14
159.19333333333333	2.0801186090037303E14
159.23925	2.074486592881613E14
159.28525	2.0552566498476512E14
159.33125	2.0440875415962566E14
159.37716666666668	2.052131508334645E14
159.42316666666665	2.03980798298728E14
159.46908333333334	2.0371301416054478E14
159.515	2.027134874571464E14
159.561	2.0051068981051403E14
159.60691666666668	2.011839823414621E14
159.6529166666667	2.016772648017936E14
159.69883333333334	1.980148983371402E14
159.74483333333333	1.96414695718022E14
159.79083333333335	1.963934027416319E14
159.83675	1.945134174037076E14
159.88275000000002	1.9433363939434862E14
159.92875	1.915810319205443E14
159.97466666666665	1.9114886256157375E14
160.02066666666667	1.90092552709977E14
160.06658333333334	1.8775081143564147E14
160.1125	1.8698993639215444E14
160.1585	1.8597470346975575E14
160.20441666666665	1.8323773481814194E14
160.25041666666667	1.8106032133451175E14
160.29633333333334	1.7862073736656238E14
160.34233333333336	1.768659259613742E14
160.38833333333335	1.7727306777795106E14
160.43425	1.7397456089050338E14
160.48025	1.7154082657113347E14
160.52625	1.705646976707031E14
160.57216666666667	1.668748766290252E14
160.61816666666667	1.6513961076956356E14
160.6640833333333	1.6342587018743884E14
160.71008333333333	1.606849456607933E14
160.756	1.587931551343609E14
160.80191666666667	1.5593679617202647E14
160.84791666666666	1.5410955761864734E14
160.89383333333336	1.5196536614967806E14
160.93983333333333	1.4838703422393684E14
160.98583333333332	1.4688652518595434E14
161.03175000000002	1.4490275892517244E14
161.07775	1.4193289569174338E14
161.12366666666668	1.4148890569729703E14
161.16966666666667	1.3676403612548619E14
161.21566666666666	1.3396829382802455E14
161.26158333333333	1.3116277263603889E14
161.30758333333333	1.2977376317711103E14
161.35350000000003	1.2776454006790962E14
161.39941666666667	1.2435835731886989E14
161.44541666666666	1.2385759935256322E14
161.49133333333333	1.2060401908050236E14
161.53733333333332	1.1778282011711645E14
161.58333333333334	1.1516118327270027E14
161.62925	1.1335933285825152E14
161.67524999999998	1.1130899419367167E14
161.72125	1.0806713071480123E14
161.76716666666667	1.05504184140624E14
161.8131666666667	1.0324448845328803E14
161.85908333333333	1.0239349230589148E14
161.90508333333335	9.971900791932872E13
161.951	9.776648396876497E13
161.99691666666666	9.461656569616555E13
162.04291666666668	9.298489832157877E13
162.08883333333333	9.23725827269633E13
162.13483333333335	8.881764846971064E13
162.18083333333334	8.769662425829088E13
162.22674999999998	8.63114736054949E13
162.27275	8.326326951441173E13
162.31866666666667	8.076093900822233E13
162.3646666666667	8.016229419888839E13
162.41058333333334	7.809821865283595E13
162.45658333333333	7.66152201127508E13
162.5025	7.548244303601789E13
162.5485	7.399943862224627E13
162.5944166666667	7.168296004575458E13
162.64041666666668	7.029777587623085E13
162.68633333333335	6.868368278742382E13
162.73233333333334	6.721240584964755E13
162.77833333333334	6.606199558021947E13
162.82425	6.3853111213091516E13
162.87025	6.2698782134935125E13
162.91616666666667	6.1286196376288336E13
162.96216666666666	5.943338330299016E13
163.00808333333333	5.829861792287669E13
163.05408333333335	5.7404494798457984E13
163.1	5.630689765388649E13
163.14600000000002	5.4620377552803375E13
163.19191666666666	5.273820954426076E13
163.23791666666665	5.1599509888795375E13
163.28383333333335	5.091472756894246E13
163.32983333333334	5.002058752050742E13
163.37583333333336	4.908340119771853E13
163.42175	4.725600181418685E13
163.46775	4.531511427534385E13
163.51366666666667	4.5097926744776664E13
163.55966666666666	4.429572932520519E13
163.60558333333336	4.211614498287202E13
163.65158333333332	4.122981162659336E13
163.69750000000002	3.9754569633850695E13
163.7435	3.958236124140789E13
163.78941666666665	3.743407032482958E13
163.83541666666667	3.70662043185048E13
163.88133333333334	3.581790798727342E13
163.92733333333334	3.553221048500101E13
163.97333333333333	3.3109988548281387E13
164.01925	3.2628640672361242E13
164.06525000000002	3.2693152503566043E13
164.11125	3.2092444271411176E13
164.15716666666668	2.98619579638964E13
164.20316666666668	2.9681896589625E13
164.24908333333332	2.9180970208563277E13
164.29508333333334	2.896764267967489E13
164.341	2.7727145821205316E13
164.38691666666668	2.7280994172780457E13
164.43291666666667	2.6275267472417684E13
164.4788333333333	2.6097154088605684E13
164.52483333333333	2.4750987398012934E13
164.57083333333333	2.400742680853179E13
164.61675000000002	2.4500392616412312E13
164.66275	2.429291382231242E13
164.70874999999998	2.3946519413455137E13
164.75466666666668	2.2144477526122332E13
164.80066666666667	2.1715904089561844E13
164.84658333333334	2.2416248416643668E13
164.89258333333333	2.213636554857518E13
164.9385	2.143779177316724E13
164.9845	2.0357686461090297E13
165.03041666666667	1.9905629396722996E13
165.07633333333334	2.064117852782386E13
165.12233333333333	2.0191065697036523E13
165.16833333333335	2.0269211242050043E13
165.21425	1.9496274649050832E13
165.26024999999998	1.9363110886467598E13
165.30616666666668	1.919082153205673E13
165.35216666666668	1.915156588415893E13
165.39816666666667	1.9329481694304656E13
165.44408333333334	1.845088064484961E13
165.48999999999998	1.870510325168483E13
165.536	1.855431610000438E13
165.58191666666667	1.766983821210607E13
165.6279166666667	1.728426361587058E13
165.67383333333333	1.7258693959812602E13
165.71983333333336	1.737985368913032E13
165.76583333333335	1.7250576242851188E13
165.81175	1.7279782033857045E13
165.85775	1.6346369394394504E13
165.90375	1.7490780472161775E13
165.94966666666667	1.6152370475499514E13
165.99566666666666	1.59878637978685E13
166.04158333333334	1.6674449113283123E13
166.08758333333336	1.5656894276449018E13
166.1335	1.6235866239210072E13
166.17941666666667	1.5969618495858758E13
166.22541666666666	1.4574448002136389E13
166.27133333333333	1.4959717387282629E13
166.31733333333335	1.5352803159613748E13
166.36333333333334	1.5200017074515543E13
166.40925000000001	1.4583540469193865E13
166.45525	1.5459880261847307E13
166.50125	1.4814043872506771E13
166.54716666666667	1.4316908302854803E13
166.59316666666666	1.4815632620355385E13
166.63908333333333	1.411697082465493E13
166.68508333333332	1.370982109736575E13
166.73100000000002	1.4104850497842854E13
166.77700000000002	1.380334849587216E13
166.82291666666666	1.3544895210405041E13
166.86883333333336	1.3734483204249012E13
166.91483333333332	1.419406154598014E13
166.96083333333334	1.2513202913666836E13
167.00675	1.3473653914293752E13
167.05275	1.3800182230667166E13
167.09875000000002	1.2647577944083688E13
167.14466666666667	1.2796065934152912E13
167.1906666666667	1.2793892120997785E13
167.23658333333333	1.2384767129501826E13
167.28258333333332	1.2795415125100705E13
167.32850000000002	1.2339329356874309E13
167.37449999999998	1.2251060061770225E13
167.42041666666668	1.2649970069474223E13
167.46633333333332	1.2336704065596365E13
167.51233333333332	1.2003863242244553E13
167.55833333333334	1.24360203282332E13
167.60425	1.1907530676215248E13
167.65025	1.18681618687822E13
167.69625	1.1192921428733686E13
167.7421666666667	1.0854208198191502E13
167.78816666666668	1.1675702780767291E13
167.83408333333333	1.0900681117491064E13
167.88000000000002	1.1553918294759436E13
167.926	1.15575806885804E13
167.9719166666667	1.1132770349048459E13
168.01791666666668	1.0377298277706822E13
168.06383333333332	1.1097049147948479E13
168.10983333333334	1.0734833946769877E13
168.15583333333333	1.1256964581794914E13
168.20175	1.0374318192451666E13
168.24775	1.0757531831077037E13
168.29375	1.0821830459602271E13
168.3396666666667	1.0353960793333494E13
168.38558333333333	9.968263096052146E12
168.43158333333335	1.098929500872467E13
168.4775	9.942289095161162E12
168.52349999999998	1.0446795408715291E13
168.56941666666668	1.01002204402261E13
168.61541666666668	1.0279940316074434E13
168.66133333333335	9.655535454016043E12
168.70733333333334	9.710034140527715E12
168.75333333333336	1.013627006836704E13
168.79925	1.0539033465713754E13
168.84525	1.002613520721892E13
168.89116666666666	9.104329657879904E12
168.93716666666666	8.951427678811328E12
168.98308333333335	9.857009735447424E12
169.02908333333335	9.191495371130746E12
169.075	9.437725934228855E12
169.121	8.991338346076682E12
169.16691666666665	9.617130490036762E12
169.21291666666667	9.000521882939953E12
169.25883333333334	9.659571290857621E12
169.30483333333333	8.502959087098335E12
169.35083333333336	8.92721466022553E12
169.39675	9.110823933494818E12
169.44275000000002	7.928771608614216E12
169.48866666666666	8.051725179681101E12
169.53466666666665	8.1492345529879E12
169.58058333333335	8.83174984407841E12
169.62658333333331	8.383386163941761E12
169.6725	9.08741972771672E12
169.7185	8.611661285983978E12
169.76441666666668	7.926560979452063E12
169.81041666666667	8.42123389405757E12
169.85633333333334	8.17830409596654E12
169.90233333333333	8.105582310931604E12
169.94833333333332	8.50829362095065E12
169.99425000000002	8.173402250679504E12
170.04025000000001	7.396327603191044E12
170.08616666666666	7.628824209983399E12
170.13216666666668	7.73218102726959E12
170.17808333333332	8.14663085943845E12
170.22408333333334	7.663027868129285E12
170.27	7.768344000074611E12
170.316	7.885389926800082E12
170.36191666666667	7.603311519878348E12
170.40791666666667	7.06883248257279E12
170.45383333333334	7.518490002488304E12
170.49983333333333	7.690312119086054E12
170.54583333333332	7.308436996731397E12
170.59175000000002	6.875698463456781E12
170.63774999999998	7.636428889312293E12
170.68366666666668	7.585208968888839E12
170.72966666666667	6.682892800019286E12
170.77558333333334	7.052321958151298E12
170.82158333333334	6.627394008143193E12
170.8675	7.04768966705672E12
170.9135	6.178628227757439E12
170.95941666666667	6.77892085315679E12
171.0054166666667	6.757030303370251E12
171.05133333333333	6.596232969655369E12
171.09733333333332	6.4980350794898E12
171.14333333333335	6.660053094626306E12
171.18925	6.436642618015651E12
171.23525	6.158440295775634E12
171.28116666666668	6.686331241716835E12
171.32716666666667	6.736821656556396E12
171.37308333333334	6.446883621188546E12
171.41908333333333	6.802588543215925E12
171.465	6.021560687895501E12
171.511	5.635741017653738E12
171.5569166666667	6.138188590693751E12
171.6029166666667	5.98127914176935E12
171.64883333333333	5.63850652191758E12
171.69483333333335	5.8728986296361875E12
171.74083333333334	6.1307676129982705E12
171.78675	5.680382151849412E12
171.83275	5.499987520943975E12
171.87875	6.387852397639116E12
171.92466666666667	4.792897643069904E12
171.97058333333334	5.714028503434826E12
172.01658333333336	5.484715432579949E12
172.0625	6.174974065301687E12
172.1085	5.564136603547521E12
172.15441666666666	5.872870865634737E12
172.20041666666665	5.606378609176477E12
172.24633333333335	5.809458096768274E12
172.29233333333335	5.41187629397504E12
172.33833333333334	5.157119293688459E12
172.38425	5.26041232853837E12
172.43025	5.576957132745409E12
172.47616666666667	5.482638948679017E12
172.52216666666666	4.940268197053149E12
172.56808333333336	4.947686651079111E12
172.61408333333333	5.150748200685119E12
172.66	5.576859845464254E12
172.70600000000002	4.766440683801676E12
172.75191666666666	5.262984680690479E12
172.79791666666668	4.620823969171913E12
172.84383333333335	4.0941046969181655E12
172.8898333333333	5.310637249130139E12
172.93583333333333	4.637168617668445E12
172.98175	4.62501102035845E12
173.02775000000003	4.1745835251950195E12
173.07375000000002	4.29741573918459E12
173.11966666666666	4.803732929912498E12
173.16566666666668	4.605693283202831E12
173.21158333333332	4.2648342850247466E12
173.25758333333334	4.217444547724096E12
173.3035	4.1054963480834463E12
173.34949999999998	3.954408725082666E12
173.39541666666668	4.3315887462055117E12
173.44133333333332	4.3742024555127476E12
173.48733333333334	4.101807193464368E12
173.53333333333333	4.0837586746054766E12
173.57925000000003	4.065716969150816E12
173.62525	4.800927179264383E12
173.67125	3.677440677568033E12
173.71716666666669	4.117221887836921E12
173.76316666666668	4.251776770289445E12
173.80908333333335	4.35112112309218E12
173.85508333333334	3.5289348119757305E12
173.90099999999998	3.753494512147036E12
173.947	4.0563061688742295E12
173.99291666666667	3.202820377770594E12
174.03883333333334	3.5447683752627627E12
174.08483333333334	3.4777944340362686E12
174.13083333333333	3.1114716846015806E12
174.17675	3.80363413414793E12
174.22275	3.409918141142494E12
174.26875	3.6031577110163833E12
174.31466666666668	3.1957520735371543E12
174.36066666666665	3.3576854028428076E12
174.40658333333334	3.165495282815507E12
174.45258333333334	3.3078615329655415E12
174.4985	3.663495656964027E12
174.5445	3.4986861632840635E12
174.5904166666667	3.3554054317952754E12
174.63641666666666	2.8227680513500825E12
174.68233333333333	2.6970942344261455E12
174.72833333333335	3.4674985634109424E12
174.77425	2.465301257190936E12
174.82025000000002	2.560703848322665E12
174.86625	2.3019751465881997E12
174.91216666666665	2.8962970114630356E12
174.95816666666667	2.9995231400954004E12
175.00408333333334	2.885582462557653E12
175.05008333333336	2.894893887317262E12
175.096	2.1098646113321106E12
175.142	2.6611309284141846E12
175.18791666666667	3.320013084903312E12
175.23391666666666	2.7345386731117666E12
175.27983333333336	2.898419249518607E12
175.32583333333335	3.224682400700813E12
175.37175	2.899430993164469E12
175.41775	2.554605651341717E12
175.46375	2.213692595689836E12
175.50966666666667	2.41278674780355E12
175.55566666666667	2.0464374195405217E12
175.6015833333333	2.662269230246699E12
175.64758333333333	2.21374452991557E12
175.6935	3.3304444649185044E12
175.73941666666667	2.1599697786524575E12
175.78541666666666	3.022312513718482E12
175.83133333333336	1.8870538242046882E12
175.87733333333333	2.3033082211548345E12
175.92333333333332	2.0406488948340847E12
175.96925000000002	1.8621273013009937E12
176.01525	2.6031622920407964E12
176.06125000000003	1.8885444523363757E12
176.10716666666667	1.6082817635302844E12
176.15316666666666	2.4843148091063096E12
176.19908333333333	2.1551378059846865E12
176.24508333333333	2.3229087243407075E12
176.29100000000003	1.154382655216558E12
176.33691666666667	2.1341168478435076E12
176.38291666666666	2.078842460081922E12
176.42883333333333	1.8787928504661838E12
176.47483333333332	1.5143868476976987E12
176.52083333333334	1.7506324398258357E12
176.56675	1.658189793006873E12
176.61274999999998	1.5461733818262754E12
176.65875	1.6728520670646187E12
176.70466666666667	1.8504077570061377E12
176.7506666666667	1.2394766593295461E12
176.79658333333333	1.1176834533518914E12
176.84258333333335	2.0210991254773296E12
176.8885	1.470826619719576E12
176.93449999999999	1.2981543100161658E12
176.98041666666668	1.5128807962695732E12
177.02641666666668	1.5652074922368596E12
177.07233333333335	1.2751503927274993E12
177.11833333333334	1.8948674296911145E12
177.16424999999998	1.3426354709928325E12
177.21025	1.475177662539306E12
177.25625	1.3905454860635435E12
177.3021666666667	1.437007817898338E12
177.34816666666666	1.148896494660109E12
177.39408333333333	1.1288362185373047E12
177.44008333333335	1.3357240403839805E12
177.486	1.4252281437470059E12
177.532	1.4912455764390178E12
177.57791666666668	1.0446619162965242E12
177.62383333333335	7.252517776530453E11
177.66983333333334	1.0221375980853665E12
177.71583333333334	1.176196954097178E12
177.76175	9.898291640565459E11
177.80775	4.1214865862974286E11
177.85375000000002	9.08598233782993E11
177.89966666666666	9.178815576132784E11
177.94566666666665	1.0621565351999978E12
177.99158333333335	4.062217999038017E11
178.03758333333334	9.18322210901813E11
178.08350000000002	1.2973868387051897E12
178.12941666666666	5.905815947112968E11
178.17541666666665	1.0028984750473723E12
178.22133333333335	4.9370133617375507E11
178.26733333333334	7.905828577864064E11
178.31333333333336	8.018119287982003E11
178.35925	1.0674439664787369E11
178.40525	7.577555467213475E11
178.45125000000002	2.2115774771631772E11
178.49716666666666	-6.499749939920919E10
178.54316666666668	6.290563923555942E11
178.58908333333332	6.207267653795146E11
178.63500000000002	5.693534385272664E11
178.681	6.686240551309501E11
178.72691666666665	2.044242208736231E11
178.77291666666667	1.1332596491459077E12
178.81883333333334	9.664507297095621E11
178.86483333333334	5.765901310630421E11
178.91083333333333	7.717293565049393E11
178.95675	6.14702519303604E11
179.00275000000002	2.717979382205022E11
179.04875	1.1671929144378342E11
179.09466666666668	4.703441713107351E11
179.14058333333332	1.9983847974435837E11
179.18658333333332	4.867246550124306E10
179.23258333333334	-3.9884974733935844E10
179.2785	4.722176653002224E11
179.32441666666668	-1.0546240911834036E11
179.37041666666667	2.3153745650663673E10
179.4163333333333	5.038700101613674E9
179.46233333333333	2.060459858434061E11
179.50833333333333	-1.896859339849641E11
179.55425000000002	-6.225838130916147E11
179.60025	-6.915767293794836E11
179.64624999999998	1.844303024587286E11
179.69216666666668	7.836615932084818E9
179.73816666666667	-6.168086065562599E11
179.78408333333334	5.115976421101343E11
179.83008333333333	-3.478302385095531E11
179.876	-6.222501106849706E11
179.922	-9.059105324079776E10
179.96791666666667	-1.1261962403197275E11
180.01383333333334	6.6873554408459785E10
180.05983333333333	-5.675543142922239E11
180.10583333333335	2.5367001656096985E11
180.15175	-5.353149891314236E11
180.19774999999998	-9.897427577157006E11
180.24375	-4.561269991368355E11
180.28966666666668	-1.2803292497809465E12
180.33566666666667	-7.74104674593567E11
180.38158333333334	-1.2113287599613692E11
180.42749999999998	-6.127262151710874E11
180.4735	-5.3106661794000336E11
180.51941666666667	-7.546162962874926E11
180.5654166666667	-8.979565006695612E11
180.61133333333333	-3.173755307461492E11
180.65733333333336	-7.346285492418196E11
180.70333333333335	-2.2968397842209568E10
180.74925	-8.413000930616145E11
180.79525	-7.674657527730939E11