11.116944	1520.0
11.02736	1800.0
11.048537	1590.0
11.075682	1720.0
11.055966	1610.0
11.112565868263474	1610.0
11.057861723446893	1470.0
11.099055999999999	1350.0
11.077785214785214	1970.0
11.131396396396395	1600.0
11.110987999999999	1480.0
11.091766	1410.0
11.152407999999999	1560.0
11.080755244755245	1610.0
11.215802802802802	1480.0
11.115315315315316	1410.0
11.136192000000001	1520.0
11.187099999999999	1780.0
11.135284	1730.0
11.22864	1850.0
11.154423999999999	1740.0
11.194748000000001	1640.0
11.190536	1460.0
11.223343	1250.0
11.233328	1530.0
11.197796203796203	1780.0
11.257185185185186	1490.0
11.191979999999999	1550.0
11.316896	1520.0
11.234011000000001	1790.0
11.24244	1540.0
11.316824	1640.0
11.223018	1650.0
11.366426000000001	1650.0
11.264972	1550.0
11.305120000000001	1860.0
11.319407999999999	1450.0
11.320039999999999	1660.0
11.367293	1440.0
11.31155	1410.0
11.372085999999999	1490.0
11.318453546453547	1400.0
11.42454154154154	1760.0
11.367560000000001	1720.0
11.360475000000001	1600.0
11.445054945054945	1590.0
11.315933933933934	1560.0
11.519748000000002	1570.0
11.382135999999999	1500.0
11.423368	1800.0
11.464627999999999	1430.0
11.419648	1560.0
11.518904000000001	1740.0
11.433299	1510.0
11.498232	1920.0
11.459708000000001	1890.0
11.536084000000001	1640.0
11.515516	1570.0
11.488593406593406	1900.0
11.577072072072072	1670.0
11.451248	1580.0
11.661192	1720.0
11.507170000000002	1570.0
11.547262	1600.0
11.620706	1660.0
11.520628	1670.0
11.681152000000001	1310.0
11.563324	1750.0
11.629415999999999	1710.0
11.614882	1670.0
11.647572	1450.0
11.675718	1350.0
11.623648000000001	1810.0
11.714560000000001	1540.0
11.604692307692309	1320.0
11.785001001001001	1820.0
11.670976	1800.0
11.689858000000001	1480.0
11.800636000000001	1580.0
11.627584000000002	1630.0
11.863173	1850.0
11.707503999999998	1500.0
11.777728	1600.0
11.790213	1670.0
11.770032	1580.0
11.855152	1710.0
11.775216	1480.0
11.865364000000001	1550.0
11.77234	1700.0
11.914954000000002	1410.0
11.842652000000001	1510.0
11.857637362637364	1550.0
11.955395395395396	1730.0
11.754321999999998	1730.0
12.055306	1340.0
11.849831999999999	1470.0
11.943527999999999	1680.0
11.971696	1520.0
11.889838000000001	1600.0
12.045733999999999	1590.0
11.937570000000001	1320.0
12.034803	1750.0
11.96396	1670.0
12.059467999999999	1980.0
12.041112	1520.0
12.034922	1750.0
12.131381999999999	1720.0
11.953228771228771	1430.0
12.228050050050049	1570.0
12.034496000000001	2050.0
12.137705	1760.0
12.208497999999999	1350.0
12.069001999999999	1630.0
12.259656999999999	1320.0
12.162155999999998	1590.0
12.156731999999998	1640.0
12.238221999999999	1660.0
12.206982	1870.0
12.302056	1560.0
12.174950999999998	1810.0
12.316288	1640.0
12.211392000000002	1870.0
12.347337999999999	1380.0
12.344831999999998	1510.0
12.180587412587412	1570.0
12.479531531531531	1800.0
12.207987999999999	1590.0
12.45546	1380.0
12.366674999999999	1470.0
12.300924	1500.0
12.454118000000001	1360.0
12.348737000000002	1520.0
12.490328	1720.0
12.364192000000001	1380.0
12.459792999999999	1660.0
12.41118	1340.0
12.490195999999999	1450.0
12.523824999999999	1530.0
12.364524000000001	1390.0
12.621956000000001	1500.0
12.366130822596631	1590.0
12.640835999999998	1640.0
12.547846000000002	1670.0
12.433086000000001	1870.0
12.660831999999999	1740.0
12.473336	1620.0
12.673885	1410.0
12.552588	1610.0
12.598963999999999	1590.0
12.612466999999999	1720.0
12.626607999999999	1690.0
12.704396000000001	1630.0
12.555966	1580.0
12.771938	1590.0
12.567552000000001	1390.0
12.796813999999999	1590.0
12.740748251748252	1370.0
12.57452	1410.0
12.885797000000002	1810.0
12.604427999999999	1440.0
12.870811999999999	1610.0
12.748077	1630.0
12.741536000000002	1600.0
12.829460000000001	1870.0
12.767355000000002	1850.0
12.899712000000001	1550.0
12.750966000000002	1580.0
12.907501000000002	1460.0
12.767272000000002	1620.0
12.933376000000001	1760.0
12.927261000000001	1750.0
12.759463999999999	1580.0
13.078832167832168	1580.0
12.728949949949952	1610.0
13.064248000000001	1690.0
12.94304	1340.0
12.883336	1660.0
13.046814000000001	1290.0
12.902521999999999	1380.0
13.093873	1450.0
12.956064000000001	1510.0
13.052240000000001	1700.0
12.985973999999999	1780.0
13.074981999999999	1640.0
13.120769999999998	1550.0
12.968916	1850.0
13.223976	1430.0
12.933248000000001	1610.0
13.255419000000002	1270.0
13.154269269269271	1480.0
13.033782	1560.0
13.281301000000001	1500.0
13.054895999999999	1530.0
13.300544	1410.0
13.175738999999998	1690.0
13.21081	2050.0
13.240553999999999	1540.0
13.243856000000001	1570.0
13.354324	1640.0
13.198912000000002	1790.0
13.401084000000001	1580.0
13.210092	1400.0
13.429244000000001	1520.0
13.421975999999999	1790.0
13.209679999999999	1510.0
13.552195804195803	1660.0
13.255915915915915	1440.0
13.530446000000001	1560.0
13.439602000000001	1650.0
13.391784999999999	1750.0
13.514915999999999	1770.0
13.431288	1610.0
13.587035999999999	1980.0
13.444236	1790.0
13.572986	1590.0
13.473051	1600.0
13.594856000000002	1430.0
13.642256	1810.0
13.443499000000001	1830.0
13.757061999999999	1280.0
13.433799999999998	1440.0
13.730276723276722	1700.0
13.676970970970972	1560.0
13.549736000000001	1640.0
13.756199000000001	1300.0
13.598058	1710.0
13.787438	1540.0
13.671036000000001	1530.0
13.730440000000002	1420.0
13.717464	1470.0
13.643372999999999	1820.0
13.846268	1840.0
13.667050000000001	1670.0
13.853793000000001	1670.0
13.825935999999999	1640.0
13.755772	1340.0
13.977844000000001	1900.0
13.685584	1600.0
13.958289710289712	1570.0
13.864882882882883	1670.0
13.877288000000002	1570.0
13.935808000000002	1570.0
13.845690000000001	1540.0
13.989034	1440.0
13.903231999999999	1350.0
14.006469999999998	1750.0
13.900836	1400.0
14.013812	1330.0
14.018426	1760.0
13.947006	1530.0
14.145474000000002	1630.0
13.853044000000001	1350.0
14.154608000000001	1320.0
14.046437562437562	1590.0
14.030656	1360.0
14.153439439439438	1380.0
13.988375999999999	1610.0
14.178401999999998	1890.0
14.086456	1470.0
14.156148	1300.0
14.105371	1720.0
14.144406	1440.0
14.198399999999999	1590.0
14.123447000000001	1520.0
14.280656	1650.0
14.064064	1690.0
14.294780999999999	1160.0
14.233566	1380.0
14.176028000000001	1540.0
14.350864	1770.0
14.130739999999999	1810.0
14.354016983016983	1350.0
14.266610610610611	1740.0
14.301002	1770.0
14.311643999999999	1530.0
14.280255	1570.0
14.386839999999999	1800.0
14.307879999999999	1650.0
14.426306	1620.0
14.273142000000002	1320.0
14.427322	1670.0
14.416956000000001	1780.0
14.343623999999998	1460.0
14.550151999999999	1680.0
14.265759000000001	1780.0
14.538508	1680.0
14.451282000000001	1580.0
14.452486513486512	1940.0
14.520097097097096	1730.0
14.427287999999999	1760.0
14.568807	1600.0
14.494398	1410.0
14.577672000000002	1740.0
14.481106	1680.0
14.577064000000002	1620.0
14.601227999999999	1490.0
14.535774	1560.0
14.702399999999999	1680.0
14.453551999999998	1580.0
14.727172827172829	1410.0
14.632446446446446	1060.0
14.613199999999999	1590.0
14.729086000000001	1470.0
14.576242000000001	1550.0
14.758432567432568	1660.0
14.675852852852852	1600.0
14.741044	1500.0
14.698843999999999	1670.0
14.729963	1430.0
14.790799999999999	1400.0
14.728171999999999	1780.0
14.865416999999999	1380.0
14.672879999999999	1510.0
14.888424000000001	1670.0
14.816387000000001	1430.0
14.786114	1350.0
14.945092000000001	1470.0
14.734359	2120.0
14.957832	1710.0
14.865791999999999	1610.0
14.91824975024975	1860.0
14.916797797797798	1380.0
14.888528000000001	1660.0
14.985288000000001	1950.0
14.922632	1650.0
15.034488000000001	1430.0
14.889085000000001	1470.0
15.049073999999999	1510.0
15.000097999999999	1690.0
14.982636000000001	1640.0
15.151155999999999	1900.0
14.888764	1490.0
15.162744	1560.0
15.03462	2010.0
15.082324	1510.0
15.136946999999999	1250.0
15.047008	1500.0
15.181246753246754	1290.0
15.103048048048048	1730.0
15.20072	1960.0
15.112198000000001	1420.0
15.20101	1740.0
15.192323999999999	1450.0
15.168328000000001	1870.0
15.308581	1490.0
15.082982000000001	1540.0
15.349912	1620.0
15.214979999999999	1710.0
15.251472000000001	1610.0
15.359024	1490.0
15.236943999999999	1620.0
15.333556	1670.0
15.318460000000002	1820.0
15.301714285714286	1510.0
15.355954954954955	1750.0
15.321819999999999	1700.0
15.41352	1320.0
15.317830000000001	1680.0
15.438039999999999	1450.0
15.363897	1700.0
15.418328000000001	1420.0
15.493712	1340.0
15.324174000000001	1550.0
15.544832	1780.0
15.403977999999999	1850.0
15.505718	1900.0
15.513412000000001	1620.0
15.459047999999999	1480.0
15.553980999999999	1800.0
15.496432	1690.0
15.582351648351649	1580.0
15.524734734734736	1680.0
15.595407999999999	1560.0
15.567423999999999	1320.0
15.591346	1390.0
15.660032000000001	1450.0
15.539757999999999	1410.0
15.718494	1850.0
15.58014	1690.0
15.677724	1720.0
15.704512999999999	1800.0
15.629592000000001	1560.0
15.746366000000002	1970.0
15.671215999999999	1710.0
15.755503999999998	1740.0
15.725103999999998	1410.0
15.755326673326673	1630.0
15.759415415415415	1400.0
15.766538000000001	1410.0
15.822851999999999	1590.0
15.750712	1650.0
15.869956	2060.0
15.773039000000001	1440.0
15.861934	1670.0
15.8834	1500.0
15.801130000000001	1300.0
15.933959999999999	1620.0
15.834975999999999	1500.0
15.929533000000001	1300.0
15.913774000000002	1510.0
15.916644	1490.0
15.952933	1430.0
15.938179999999999	1750.0
16.003312687312686	1530.0
15.947768768768768	1600.0
16.033408000000001	1670.0
15.968960000000001	1480.0
16.035786000000002	1770.0
16.067591999999998	1660.0
15.976280000000001	1640.0
16.131579000000002	1500.0
16.01024	1630.0
16.119327999999999	1710.0
16.106535000000001	1540.0
16.087720000000001	1470.0
16.153652000000001	1830.0
16.116604000000002	1480.0
16.186410000000002	1510.0
16.143682000000002	1740.0
16.198475524475526	1750.0
16.17001101101101	1620.0
16.212375999999999	1880.0
16.246995000000002	1730.0
16.182487999999999	1560.0
16.307196000000001	1460.0
16.193386	1560.0
16.303416000000002	1760.0
16.302531999999999	1760.0
16.263238999999999	1570.0
16.347056000000002	1400.0
16.286168	1400.0
16.369464999999998	1720.0
16.334512	1120.0
16.372423999999999	1430.0
16.371770999999999	1590.0
16.394859999999998	1580.0
16.430293706293707	1530.0
16.381321321321323	1490.0
16.483116000000003	1430.0
16.389112000000001	1610.0
16.507216	1930.0
16.487908000000001	1580.0
16.450579999999999	1470.0
16.553681999999998	1830.0
16.458991999999999	1470.0
16.570504	1710.0
16.530110999999998	1570.0
16.55866	1650.0
16.575222	1500.0
16.577949	1250.0
16.627255999999999	1880.0
16.589735999999998	1560.0
16.666891108891111	1450.0
16.586688688688689	1360.0
16.691246	1570.0
16.675661000000002	1790.0
16.650959999999998	1520.0
16.770616	1520.0
16.636876999999998	1630.0
16.778337999999998	1440.0
16.723116000000001	1600.0
16.743742000000001	1250.0
16.782523999999999	1680.0
16.750360000000001	1860.0
16.821296	1560.0
16.786823999999999	1540.0
16.843944	1590.0
16.796140000000001	1570.0
16.831015999999998	1550.0
16.895233766233765	1590.0
16.825149149149148	1560.0
16.917337999999997	1600.0
16.863312000000001	1560.0
16.912218000000003	1670.0
16.945456	1750.0
16.888939999999998	1850.0
16.971546	1640.0
16.934100000000001	1750.0
16.983840000000001	1650.0
16.981370000000002	1460.0
16.992391999999999	1390.0
17.013480000000001	1110.0
17.013945000000003	1410.0
17.059170000000002	1470.0
17.022358000000001	1710.0
17.093856143856144	1690.0
17.050703703703704	1460.0
17.093043999999999	1860.0
17.136181000000001	2060.0
17.069788000000003	1690.0
17.171049999999997	1620.0
17.116167999999998	1440.0
17.181103999999998	1450.0
17.176392	1720.0
17.169875000000001	1740.0
17.219193999999998	1390.0
17.212478000000001	1820.0
17.261528999999999	1730.0
17.229384	1570.0
17.280740000000002	1510.0
17.255185000000001	1390.0
17.298764000000002	1410.0
17.328842157842157	1660.0
17.272477477477477	1490.0
17.379103999999998	1530.0
17.303256000000001	1490.0
17.377141999999999	1500.0
17.381352	1800.0
17.357782	1720.0
17.420378621378621	1600.0
17.393081081081082	1780.0
17.449231999999999	1500.0
17.430551000000001	1680.0
17.465133999999999	1760.0
17.459416000000001	1480.0
17.487943000000001	1310.0
17.521015999999999	1470.0
17.479751999999998	1470.0
17.562202797202797	1640.0
17.499644644644647	1620.0
17.577024000000002	1450.0
17.578240000000001	1620.0
17.553936	1380.0
17.622927999999998	1520.0
17.580050999999997	1670.0
17.644068000000001	1540.0
17.624946000000001	1620.0
17.646349000000001	1610.0
17.657456	1800.0
17.669719999999998	1700.0
17.704898203592816	1700.0
17.67745090180361	1530.0
17.740536000000002	1750.0
17.697509	1590.0
17.761604000000002	1850.0
17.763359640359642	1870.0
17.727957	1740.0
17.82170929070929	1740.0
17.754224224224224	1510.0
17.836119	1890.0
17.820073359073358	1500.0
17.826431535269712	1720.0
17.860489000000001	1640.0
17.852276	1360.0
17.899214000000001	1760.0
17.871618000000002	1420.0
17.925112000000002	1580.0
17.896128000000001	1860.0
17.947121000000003	1730.0
17.96058	1910.0
17.928196	1930.0
18.023739260739262	1560.0
17.941295999999998	1800.0
18.039656000000001	1420.0
18.022071	1780.0
18.018865999999999	1580.0
18.072402	1640.0
18.041249000000001	1500.0
18.100819999999999	1570.0
18.081527999999999	1590.0
18.122282999999999	1460.0
18.110412	1660.0
18.141597999999998	1490.0
18.166522999999998	1590.0
18.142408	1490.0
18.219176000000001	1770.0
18.149370999999999	1710.0
18.247073999999998	1680.0
18.232783783783784	1430.0
18.217464	1840.0
18.287863999999999	1560.0
18.237891999999999	1500.0
18.308412000000001	1550.0
18.292760000000001	1440.0
18.32047	1670.0
18.329034	1890.0
18.340616000000001	1720.0
18.382840000000002	1670.0
18.357272000000002	1570.0
18.424168000000002	1420.0
18.376848000000003	1110.0
18.450244999999999	1560.0
18.455611999999999	1760.0
18.427112000000001	1520.0
18.518065065065066	1660.0
18.449833999999999	1440.0
18.53314	1390.0
18.516285	1630.0
18.516832000000001	1560.0
18.566976	1380.0
18.560780000000001	1700.0
18.595091999999998	1360.0
18.589133999999998	1600.0
18.617948999999999	1690.0
18.630700000000001	1620.0
18.635096000000001	1410.0
18.67909090909091	1710.0
18.642142142142141	1660.0
18.707895999999998	1520.0
18.689216000000002	1500.0
18.715589410589413	1750.0
18.743054054054053	1780.0
18.719327999999997	1210.0
18.770712	1500.0
18.762128000000001	1440.0
18.794225999999998	1340.0
18.796468000000001	1510.0
18.815796000000002	1230.0
18.835892999999999	1590.0
18.845112	1620.0
18.884828000000002	1450.0
18.856780999999998	1580.0
18.919879999999999	1410.0
18.906327999999998	1460.0
18.937524	1590.0
18.975009999999997	1550.0
18.938044955044955	1670.0
19.008407407407407	1340.0
18.98836	1370.0
19.022212	1710.0
19.035101000000001	1440.0
19.038954	1820.0
19.069621999999999	1650.0
19.069986	1650.0
19.103168	1400.0
19.091384000000001	1480.0
19.128610999999999	1350.0
19.127668	1440.0
19.151610000000002	1480.0
19.176997999999998	1600.0
19.144979999999997	1450.0
19.217776000000001	1730.0
19.18875824175824	1770.0
19.227995995995997	1630.0
19.245412000000002	1820.0
19.239315737051793	1440.0
19.285469879518072	1400.0
19.280224	1500.0
19.315453999999999	1380.0
19.308403999999999	1360.0
19.339479999999998	1350.0
19.348254000000001	1380.0
19.36994	1490.0
19.397920000000003	1660.0
19.373653000000001	1700.0
19.434462	2090.0
19.406475999999998	1570.0
19.448931000000002	1540.0
19.463975999999999	1370.0
19.451780219780222	1460.0
19.500329329329329	1500.0
19.491986000000001	1410.0
19.529319999999998	1540.0
19.528701000000002	1620.0
19.547899999999998	1740.0
19.564871999999998	1480.0
19.578330999999999	1520.0
19.611321999999998	1590.0
19.596366	1480.0
19.648866000000002	1640.0
19.629864000000001	1550.0
19.670863999999998	1590.0
19.691964035964038	1350.0
19.66534	1310.0
19.726464	1510.0
19.703307692307693	1650.0
19.743522522522522	1160.0
19.749416	1490.0
19.757256000000002	1550.0
19.781972	1420.0
19.787288	1620.0
19.821811	1720.0
19.807880000000001	1750.0
19.856248000000001	1310.0
19.848085999999999	1410.0
19.882210000000001	1680.0
19.907948000000001	1600.0
19.881529999999998	1320.0
19.957459999999998	1420.0
19.917028000000002	1710.0
19.968363	1550.0
19.978152000000001	1380.0
19.977335664335662	1710.0
20.014866866866864	1700.0
20.008384	1270.0
20.045928	1490.0
20.041581999999998	1580.0
20.070575999999999	1890.0
20.074452000000001	1410.0
20.095032	1490.0
20.12058	1430.0
20.105608	1660.0
20.157738000000002	1390.0
20.131291999999998	1500.0
20.173468	1660.0
20.189131	1550.0
20.180336	1710.0
20.228928	1560.0
20.21105094905095	1660.0
20.257509509509507	1720.0
20.261849999999999	1780.0
20.280265734265736	1570.0
20.299396396396396	1440.0
20.312799999999999	1680.0
20.344861999999999	1350.0
20.340169999999997	1660.0
20.380801999999999	1460.0
20.381962999999999	1680.0
20.400064	1150.0
20.431279999999997	1630.0
20.414988999999998	1680.0
20.463082	1370.0
20.458817999999997	1930.0
20.483954000000001	1680.0
20.49962	1750.0
20.50678221778222	1610.0
20.534815815815815	1680.0
20.540568	1570.0
20.565557999999999	1500.0
20.566255999999999	1580.0
20.594943999999998	1520.0
20.602432	2070.0
20.618974999999999	1380.0
20.643825999999997	1980.0
20.632183999999999	1790.0
20.681438999999997	1650.0
20.667300000000001	1650.0
20.694015999999998	1360.0
20.713777999999998	1380.0
20.712794000000002	1880.0
20.750798	1410.0
20.751533466533466	1220.0
20.785080080080078	1630.0
20.789591999999999	1730.0
20.810980999999998	1820.0
20.825182000000002	1610.0
20.839266000000002	1680.0
20.868473999999999	1720.0
20.860384	1170.0
20.906932000000001	1520.0
20.897098	1360.0
20.928048	1570.0
20.950680000000002	1380.0
20.939223999999999	1440.0
20.984544	1660.0
20.978448	1540.0
21.011293999999999	1560.0
21.021360000000001	1530.0
21.032614385614387	1530.0
21.052846846846847	1420.0
21.063448000000001	1640.0
21.091992000000001	1780.0
21.087418	1390.0
21.121624000000001	1350.0
21.120784	1610.0
21.145559000000002	1590.0
21.172799999999999	1570.0
21.159746772591856	1380.0
21.20498489425982	1690.0
21.195976000000002	1610.0
21.224944000000001	1690.0
21.240772	1240.0
21.2486	1510.0
21.275268000000001	1500.0
21.279214785214783	1480.0
21.307994994994996	1430.0
21.311382000000002	1650.0
21.341045999999999	1490.0
21.347895999999999	1690.0
21.370159999999998	1490.0
21.399813999999999	1510.0
21.386862000000001	1400.0
21.440062000000001	1730.0
21.428899000000001	1640.0
21.461116000000001	1600.0
21.479972	1600.0
21.480388000000001	1630.0
21.517616	1590.0
21.519034000000001	1620.0
21.549043000000001	1510.0
21.559336000000002	1790.0
21.577095904095906	1520.0
21.592014014014016	1610.0
21.607859999999999	1600.0
21.634697999999997	1630.0
21.636265999999999	1720.0
21.671635999999999	1350.0
21.668839999999999	1470.0
21.694433	1430.0
21.719873999999997	1650.0
21.721133999999999	1690.0
21.754479	1540.0
21.752800000000001	1680.0
21.779104	1370.0
21.793486999999999	1960.0
21.805880000000002	1200.0
21.825597999999999	1950.0
21.838453546453547	1350.0
21.862397397397398	1590.0
21.869	1500.0
21.895604000000002	1600.0
21.90099	1740.0
21.923382	1310.0
21.943722000000001	1740.0
21.948968000000001	1790.0
21.979664	1340.0
21.977094000000001	1770.0
22.004186000000001	1630.0
22.022507999999998	1590.0
22.033360000000002	1180.0
22.058768000000001	1680.0
22.066336	1610.0
22.092976	1690.0
22.103876	1600.0
22.12738961038961	2060.0
22.139935999999999	1440.0
22.159297297297297	1660.0
22.183136000000001	1500.0
22.184363000000001	1670.0
22.219796000000002	1410.0
22.217185999999998	1310.0
22.249309690309691	1510.0
22.26726226226226	1580.0
22.275468	1650.0
22.301223	1710.0
22.305118	1640.0
22.329194000000001	1760.0
22.343857	1780.0
22.360992	1690.0
22.380423999999998	1520.0
22.392128871128872	1560.0
22.41934934934935	1760.0
22.421872	1680.0
22.450673000000002	1720.0
22.457891999999998	1530.0
22.475207999999999	1960.0
22.502848	1380.0
22.497952000000002	1490.0
22.531292000000001	1330.0
22.536344	1610.0
22.556343999999999	1470.0
22.573312000000001	1440.0
22.582364000000002	1660.0
22.604461999999998	1640.0
22.61552	1660.0
22.639136000000001	1780.0
22.644435999999999	1410.0
22.668465534465533	1380.0
22.681336336336337	1480.0
22.693788000000001	1510.0
22.720461999999998	1540.0
22.718154999999999	1460.0
22.752191999999997	1630.0
22.759536000000001	1530.0
22.777657000000001	1710.0
22.796334000000002	1420.0
22.804296000000001	1590.0
22.832093999999998	1610.0
22.843415999999998	1410.0
22.867804	1170.0
22.880844	1720.0
22.900070000000003	1680.0
22.915331999999999	1440.0
22.929108891108893	1380.0
22.953794794794796	1500.0
22.961568	1570.0
22.992327	1480.0
22.997946000000002	1750.0
23.020104	1640.0
23.042891000000001	1750.0
23.047676000000003	1510.0
23.075472000000001	1420.0
23.082980000000003	1800.0
23.104602	1940.0
23.119277999999998	1690.0
23.136647999999997	1480.0
23.154655999999999	1490.0
23.168935999999999	1550.0
23.191258999999999	1650.0
23.201709999999999	1370.0
23.225522954091819	1410.0
23.236212424849697	1700.0
23.257504000000001	1490.0
23.27394	1510.0
23.283711	1370.0
23.311	1540.0
23.315836000000001	1690.0
23.340734999999999	1370.0
23.353248000000001	1500.0
23.368032000000003	1770.0
23.388000000000002	1750.0
23.401000000000003	1570.0
23.422983016983018	1970.0
23.434389949748745	1440.0
23.454992000000001	1570.0
23.465268000000002	1730.0
23.485636363636363	1480.0
23.503228228228227	1460.0
23.515405999999999	1870.0
23.539027000000001	1290.0
23.543944	1580.0
23.570495999999999	1760.0
23.582587	1460.0
23.599550000000001	1740.0
23.618326	1640.0
23.629114000000001	1730.0
23.649519999999999	1610.0
23.661708000000001	1520.0
23.681317	1300.0
23.693567999999999	1750.0
23.711238000000002	1470.0
23.727997000000002	1510.0
23.738488	1500.0
23.76595804195804	1920.0
23.768041041041041	1320.0
23.794308000000001	1850.0
23.808688	1610.0
23.819873999999999	1620.0
23.842848	1840.0
23.853452000000001	1570.0
23.877746000000002	1390.0
23.889814000000001	1400.0
23.907048	1790.0
23.923058000000001	1770.0
23.941168000000001	1450.0
23.960871999999998	1650.0
23.972190000000001	1650.0
23.996113999999999	1630.0
24.001154	1620.0
24.028242757242758	1380.0
24.040719719719721	1540.0
24.053007999999998	1850.0
24.080494999999999	1510.0
24.08905	1520.0
24.113163999999998	1810.0
24.126600999999997	1510.0
24.143207999999998	1680.0
24.162416	1500.0
24.175933000000001	1540.0
24.197046	1790.0
24.208454	1590.0
24.228724999999997	1470.0
24.240660000000002	1740.0
24.261900000000001	1350.0
24.277308000000001	1750.0
24.287298	1550.0
24.311640359640361	1730.0
24.322686000000001	1660.0
24.338576	1500.0
24.359704000000001	1670.0
24.368496999999998	1770.0
24.389925999999999	1670.0
24.403758	1630.0
24.421866999999999	1710.0
24.437460000000002	1630.0
24.451675999999999	1720.0
24.470285000000001	1660.0
24.485547999999998	1400.0
24.505665999999998	1830.0
24.515854000000001	1450.0
24.536184000000002	1740.0
24.551168000000001	1720.0
24.565972027972027	1660.0
24.58962	1670.0
24.601141999999999	1480.0
24.618456999999999	1830.0
24.633788000000003	1530.0
24.653372000000001	1690.0
24.668410999999999	1580.0
24.683724000000002	1690.0
24.701060000000002	1530.0
24.713965999999999	1620.0
24.733903999999999	1500.0
24.746176000000002	1610.0
24.765457000000001	1530.0
24.777576	1780.0
24.792290000000001	1920.0
24.812030999999998	1700.0
24.821251748251751	1750.0
24.842975975975975	1900.0
24.856946000000001	1590.0
24.872433999999998	1790.0
24.888389221556885	1800.0
24.901553106212425	1640.0
24.918527999999998	1670.0
24.932207999999999	1810.0
24.950823	1540.0
24.964237999999998	1810.0
24.98415	1820.0
24.997962999999999	2060.0
25.013124000000001	1760.0
25.031212	1820.0
25.042090999999999	1540.0
25.064164000000002	2000.0
25.075441558441558	1670.0
25.09384984984985	1560.0
25.114367999999999	1830.0
25.127616	1660.0
25.149953	1660.0
25.161840000000002	1660.0
25.182308000000003	1660.0
25.198627999999999	1820.0
25.217236	1740.0
25.23396	2030.0
25.249862	1640.0
25.268273999999998	1820.0
25.282432	1640.0
25.303677999999998	1950.0
25.312472	1650.0
25.336424000000001	1750.0
25.351389999999999	2460.0
25.36324175824176	1610.0
25.383990990990991	2030.0
25.394037999999998	1870.0
25.415672000000001	2020.0
25.430204	2170.0
25.445637000000001	1960.0
25.462855999999999	2150.0
25.478466000000001	1960.0
25.497744000000001	2110.0
25.510719999999999	1800.0
25.530192	1690.0
25.543990000000001	2070.0
25.561516000000001	1900.0
25.578816	1880.0
25.590879000000001	1960.0
25.616416000000001	2140.0
25.626665334665333	1910.0
25.650029029029028	2270.0
25.665936000000002	1980.0
25.679649999999999	1610.0
25.699952	2230.0
25.714935999999998	2010.0
25.734944000000002	1950.0
25.747031	2080.0
25.767172000000002	1900.0
25.781801999999999	2190.0
25.799728999999999	2530.0
25.819616	2420.0
25.832636000000001	1950.0
25.855596999999999	1990.0
25.866042	1950.0
25.887990000000002	1960.0
25.903419	2310.0
25.917603396603397	1820.0
25.939042042042043	2080.0
25.951060999999999	2020.0
25.970493999999999	1980.0
25.985014	2230.0
26.00018	2020.0
26.015148	2040.0
26.031084	2220.0
26.049883000000001	2270.0
26.063382000000001	2320.0
26.084172000000002	2150.0
26.092445000000001	1880.0
26.112020979020979	2340.0
26.128223999999999	1720.0
26.143422000000001	2110.0
26.161135999999999	2300.0
26.171704295704295	1790.0
26.190828828828828	2350.0
26.206655999999999	2320.0
26.219524	2210.0
26.237884999999999	2270.0
26.254874000000001	2360.0
26.271789999999999	2510.0
26.285139000000001	2240.0
26.303240000000002	2570.0
26.316759999999999	2180.0
26.33578	2080.0
26.352529999999998	2270.0
26.366558000000001	2120.0
26.388319000000003	2290.0
26.400656000000001	2110.0
26.419652000000003	2230.0
26.436847	2010.0
26.452070929070928	2260.0
26.469834834834835	2170.0
26.486362	2290.0
26.504552	2090.0
26.519968000000002	2140.0
26.537980000000001	2300.0
26.55593	2210.0
26.57189	2600.0
26.590990999999999	2070.0
26.604372000000001	1900.0
26.624320000000001	2170.0
26.638726999999999	2240.0
26.656545999999999	2040.0
26.670272000000001	2060.0
26.684211000000001	2440.0
26.703479999999999	2110.0
26.719435564435564	2130.0
26.737167167167168	2390.0
26.754642	1980.0
26.771205999999999	2150.0
26.787490000000002	2350.0
26.802404000000003	2110.0
26.822520000000001	1960.0
26.835651000000002	2420.0
26.854040000000001	2480.0
26.867526000000002	2460.0
26.883864000000003	2640.0
26.901864	1840.0
26.916063999999999	2100.0
26.936023000000002	1880.0
26.953911999999999	2150.0
26.970689999999998	2230.0
26.985707999999999	2370.0
27.001804195804194	2370.0
27.01978978978979	1840.0
27.034981999999999	2150.0
27.054116	2140.0
27.069512000000003	1960.0
27.087780000000002	2220.0
27.102271999999999	2120.0
27.120504	1930.0
27.140701	2260.0
27.151478000000001	2060.0
27.176077999999997	2000.0
27.190242000000001	1820.0
27.209112000000001	1890.0
27.225351999999997	1940.0
27.241216000000001	2000.0
27.262219999999999	1990.0
27.275941058941058	2130.0
27.295968968968968	1970.0
27.313655999999998	1980.0
27.331520000000001	1910.0
27.349585000000001	1860.0
27.366232	1880.0
27.386319999999998	1900.0
27.400948	1950.0
27.420839999999998	1790.0
27.436384	1690.0
27.452323000000003	1820.0
27.470230000000001	1750.0
27.486920000000001	2150.0
27.506498007968126	1570.0
27.521381526104417	1920.0
27.541376	1870.0
27.557580419580422	2260.0
27.57522922922923	1630.0
27.592837999999997	1540.0
27.608423999999999	1910.0
27.625432	1810.0
27.641740000000002	1670.0
27.662359000000002	1400.0
27.677104000000003	1830.0
27.694401999999997	1750.0
27.709566000000002	1650.0
27.725576	1630.0
27.744152000000003	1470.0
27.757385000000003	1990.0
27.773996	1790.0
27.792003999999999	1740.0
27.808630999999998	1450.0
27.825944	1650.0
27.84155944055944	1520.0
27.858001001001	1780.0
27.875437999999999	1680.0
27.892990000000005	1930.0
27.908206	1480.0
27.927047999999999	1700.0
27.942983999999999	1800.0
27.958785000000002	1760.0
27.975711999999998	1870.0
27.988827999999998	1790.0
28.007853000000001	1720.0
28.025064	1530.0
28.039011999999996	1580.0
28.056784	1930.0
28.074154	1890.0
28.090964	1340.0
28.107304695304695	1490.0
28.123721721721722	2000.0
28.140471999999999	1910.0
28.156506	1550.0
28.173613999999997	1570.0
28.190089999999998	1610.0
28.207773	1710.0
28.223047999999999	1860.0
28.239936000000004	2190.0
28.258708000000002	1690.0
28.272318000000002	1860.0
28.291604	1560.0
28.306486	1800.0
28.321991999999998	1590.0
28.338639999999998	1890.0
28.355902	1930.0
28.373028000000001	1600.0
28.389612387612388	1830.0
28.408315315315313	2010.0
28.425380000000001	1790.0
28.442095999999999	2010.0
28.455009	1810.0
28.470230000000001	1630.0
28.490919999999999	1810.0
28.506188999999999	1850.0
28.528008	1220.0
28.542767999999999	1910.0
28.557383000000002	1760.0
28.574929999999998	1610.0
28.591867999999998	1820.0
28.609057	1420.0
28.624683999999998	1780.0
28.641224000000001	1450.0
28.657254745254747	1650.0
28.67619119119119	1930.0
28.692177999999998	1810.0
28.707535	1730.0
28.726807999999998	1770.0
28.740751999999997	1350.0
28.758303000000002	2060.0
28.775351999999998	1950.0
28.792289999999998	1870.0
28.808532999999997	1910.0
28.826180000000001	1530.0
28.841864000000001	1790.0
28.857762999999998	1380.0
28.875834000000001	1510.0
28.893922	1780.0
28.912521999999999	1760.0
28.927512	1610.0
28.943140859140858	1730.0
28.959062062062063	1530.0
28.976293999999999	1780.0
28.994381999999998	1740.0
29.008816999999997	1830.0
29.025552000000005	1580.0
29.041611999999997	1830.0
29.059781999999998	1710.0
29.077944000000002	1770.0
29.091616000000002	1730.0
29.108335	1770.0
29.124631999999998	1680.0
29.141656000000001	1360.0
29.157227000000002	1970.0
29.173756000000001	1860.0
29.191696	1720.0
29.20668831168831	1880.0
29.224171171171172	1800.0
29.241736	1780.0
29.258744000000004	1680.0
29.273907999999999	1790.0
29.291762000000002	1680.0
29.308588	1650.0
29.322016000000001	1570.0
29.340992	1640.0
29.358584999999998	1730.0
29.375435999999997	1900.0
29.39349	1660.0
29.409006000000002	1910.0
29.425363999999998	1730.0
29.442339999999998	1600.0
29.458904	1720.0
29.47523	1870.0
29.492669330669329	1650.0
29.508323323323324	1560.0
29.527568000000002	1690.0
29.543103999999996	1740.0
29.557986	1870.0
29.577929999999999	1850.0
29.594016	1820.0
29.611401999999998	1640.0
29.629275999999997	1920.0
29.644688000000002	1880.0
29.662305999999997	1330.0
29.678514	1520.0
29.696601999999999	1920.0
29.712966000000002	1560.0
29.729112000000001	1910.0
29.746832000000001	1520.0
29.761857142857142	2010.0
29.779792792792794	1870.0
29.795403999999998	1850.0
29.815031000000001	1810.0
29.832156000000001	1590.0
29.846443999999998	1820.0
29.866223999999999	1780.0
29.882828	1990.0
29.899054	1550.0
29.917934999999996	1630.0
29.934272	1850.0
29.950384	1580.0
29.966823000000002	1680.0
29.984894000000001	1410.0
29.999751999999997	1910.0
30.017471	1950.0
30.033808000000001	1760.0
30.052032967032968	1920.0
30.069382382382379	1560.0
30.086392000000004	1860.0
30.104416000000001	1980.0
30.121512999999997	1700.0
30.139127999999999	1740.0
30.154672000000001	1750.0
30.171626999999997	1640.0
30.186471999999998	2010.0
30.204308000000005	1800.0
30.221566000000003	1700.0
30.236979999999999	1560.0
30.255323999999998	1690.0
30.272884999999999	1980.0
30.288830000000001	1560.0
30.307933999999999	1890.0
30.323874125874127	1700.0
30.34059059059059	1490.0
30.355664000000001	1860.0
30.371663000000002	1730.0
30.389631999999999	1680.0
30.406822000000002	1710.0
30.424206000000002	1960.0
30.439088000000002	1500.0
30.455051999999998	2040.0
30.472285000000003	1670.0
30.488712	1940.0
30.504097999999999	1340.0
30.519134999999999	1610.0
30.536424	1440.0
30.552303999999999	1970.0
30.566387000000002	1790.0
30.581930000000003	1630.0
30.599726273726272	1580.0
30.616823823823822	1840.0
30.630936000000002	1680.0
30.649624000000003	2040.0
30.664684999999999	1910.0
30.680630000000001	1850.0
30.696284000000002	1820.0
30.711535000000001	1550.0
30.727479999999996	1980.0
30.743936000000001	1700.0
30.760944000000002	2330.0
30.775463999999999	1800.0
30.793033999999999	1700.0
30.808736999999997	1660.0
30.825804000000002	1730.0
30.843891999999997	1950.0
30.860070929070925	1560.0
30.878025999999998	1640.0
30.892121999999997	1780.0
30.909677000000002	1600.0
30.924071999999999	2030.0
30.940839999999998	1710.0
30.956465999999999	1740.0
30.972494000000001	1790.0
30.989243999999999	1760.0
31.004635	1920.0
31.021152000000001	1850.0
31.036904	1610.0
31.055979999999998	1970.0
31.071143999999997	1650.0
31.085564000000002	1800.0
31.100445999999998	1810.0
31.116279999999996	1860.0
31.133255255255257	2100.0
31.151105999999999	1950.0
31.166414	2020.0
31.184089999999998	1690.0
31.200841999999998	1760.0
31.219311999999999	1810.0
31.235543999999997	1630.0
31.252262000000002	1630.0
31.269308000000002	1490.0
31.285962000000001	1870.0
31.304033	1650.0
31.319967999999999	1790.0
31.337968	1910.0
31.354585	1890.0
31.369628000000002	1890.0
31.389354000000001	1660.0
31.40544844844845	2010.0
31.422656	1770.0
31.441808000000002	1850.0
31.459844155844156	1860.0
31.474781781781783	1860.0
31.492882000000002	1770.0
31.510134999999998	1630.0
31.527024000000001	1640.0
31.544040000000003	1600.0
31.560584000000002	1810.0
31.578254000000001	2050.0
31.596342	1740.0
31.614413000000003	1870.0
31.629076000000001	2020.0
31.646572000000003	1700.0
31.664642999999998	1590.0
31.682629370629371	2090.0
31.698576576576578	1680.0
31.714704000000005	1740.0
31.731944000000002	1900.0
31.749435564435561	1930.0
31.766808808808808	1900.0
31.785330000000002	1960.0
31.801289999999998	1820.0
31.818332999999999	1670.0
31.835791999999998	1560.0
31.854843999999996	1590.0
31.871345999999999	1450.0
31.888634000000003	1600.0
31.905856	2020.0
31.924722000000003	2030.0
31.940880000000003	2020.0
31.95706293706294	1560.0
31.976771771771773	1530.0
31.992730000000002	1890.0
32.008936000000006	1680.0
32.026561999999998	1640.0
32.046067999999998	2080.0
32.062795999999999	2080.0
32.077483000000001	1780.0
32.096116000000002	1640.0
32.114015999999999	1750.0
32.130334999999995	1770.0
32.148536	1840.0
32.165239999999997	1740.0
32.186458999999999	2040.0
32.202188	2030.0
32.219090000000001	1850.0
32.235173000000003	1780.0
32.25310989010989	1750.0
32.270123123123128	1730.0
32.287402999999998	1870.0
32.305152	1740.0
32.321404000000001	1430.0
32.337184000000001	1910.0
32.354703999999998	1670.0
32.373367999999999	2290.0
32.390585000000002	1960.0
32.406530000000004	1620.0
32.421723999999998	2030.0
32.439921999999996	1780.0
32.455488000000003	1750.0
32.474208000000004	1970.0
32.490304000000002	1670.0
32.50723	1900.0
32.52333366633367	1750.0
32.539914914914917	1920.0
32.555351999999999	1820.0
32.571704000000004	1900.0
32.587783000000002	1670.0
32.605854000000001	1720.0
32.622363999999997	1710.0
32.637834999999995	1730.0
32.653128000000002	1850.0
32.670888000000005	1870.0
32.687685000000002	1780.0
32.704472000000003	1960.0
32.718778	1940.0
32.736473000000004	1800.0
32.751415999999999	1960.0
32.765728000000003	1740.0
32.784543999999997	1820.0
32.801326673326678	1520.0
32.816993993993997	1980.0
32.833281999999997	1980.0
32.851179999999999	1660.0
32.867615999999998	1750.0
32.883006999999999	1900.0
32.901040000000002	1750.0
32.920321999999999	2020.0
32.936935000000005	1850.0
32.953672000000005	2160.0
32.968983999999999	1890.0
32.986623000000002	1960.0
33.00273	1980.0
33.019597999999995	1870.0
33.034179999999999	1580.0
33.054408000000002	1900.0
33.069772227772226	1900.0
33.086772772772775	2030.0
33.102705999999998	1900.0
33.117815999999998	2000.0
33.135313000000004	1880.0
33.152279999999998	2030.0
33.167624000000004	2210.0
33.183185000000002	2050.0
33.199871999999999	1900.0
33.215284000000004	2090.0
33.231904	1800.0
33.247980000000005	1990.0
33.264935999999999	1850.0
33.284002999999998	1940.0
33.301586	2120.0
33.31579	1860.0
33.331984000000006	1590.0
33.3492987012987	1700.0
33.366994005994002	1880.0
33.382233532934137	1820.0
33.399000000000001	1730.0
33.414659999999998	1780.0
33.432209	1580.0
33.448304	1850.0
33.466363999999999	1760.0
33.480827999999995	1820.0
33.500639999999997	1580.0
33.516244	1970.0
33.533162000000004	1560.0
33.552008000000001	1950.0
33.567175999999996	1980.0
33.583587000000001	2070.0
33.598453999999997	1710.0
33.61621078921079	1870.0
33.633214214214213	2020.0
33.64978	2010.0
33.667804000000004	1630.0
33.685106000000005	2050.0
33.700630000000004	1810.0
33.716589999999997	1550.0
33.734842	1980.0
33.751283464566924	1800.0
33.767414634146341	1660.0
33.785302999999999	1900.0
33.799396000000002	1760.0
33.818548	1710.0
33.836936999999999	1670.0
33.851391999999997	1730.0
33.868415999999996	1540.0
33.885763000000004	1780.0
33.903827172827171	1890.0
33.921912912912916	1790.0
33.93629	1570.0
33.952840000000002	1810.0
33.970184000000003	1670.0
33.987942000000004	1620.0
34.006293999999997	1750.0
34.022689999999997	1860.0
34.039543999999999	2050.0
34.054608000000002	2280.0
34.075540000000004	2090.0
34.091485000000006	2070.0
34.107267999999998	1870.0
34.123294000000001	1930.0
34.142913	1600.0
34.16028	1510.0
34.176649350649349	1800.0
34.193655655655654	1990.0
34.210129999999999	1750.0
34.226695999999997	2020.0
34.243034999999999	1810.0
34.259712	1960.0
34.277532000000001	2060.0
34.297320999999997	1570.0
34.315674000000001	1900.0
34.328831999999998	1740.0
34.348881999999996	1920.0
34.36768	1810.0
34.383464000000004	1770.0
34.399540999999999	1840.0
34.418832000000002	1710.0
34.435856000000001	1770.0
34.452435000000001	2030.0
34.470338661338658	1850.0
34.487777777777779	1830.0
34.505141999999999	1960.0
34.524276	1740.0
34.542681999999999	1960.0
34.559944000000002	1920.0
34.577824	1620.0
34.59404	1650.0
34.611983000000002	2050.0
34.627991999999999	1890.0
34.645394000000003	1860.0
34.664834999999997	1950.0
34.680779999999999	1990.0
34.696739999999998	1790.0
34.713822	1910.0
34.730746000000003	1910.0
34.747098901098902	2000.0
34.765665665665665	2120.0
34.781848000000004	1900.0
34.798832000000004	2030.0
34.816902999999996	1880.0
34.833329999999997	1950.0
34.851061999999999	1800.0
34.865336999999997	1590.0
34.884180000000001	1690.0
34.90014	1570.0
34.916363000000004	1920.0
34.933625999999997	2020.0
34.948788	1890.0
34.967593000000001	2070.0
34.984487999999999	1800.0
34.999839999999999	1960.0
35.015785000000001	1750.0
35.033465534465535	1580.0
35.05003	1670.0
35.067756756756758	2020.0
35.084580000000003	2110.0
35.099703999999996	2090.0
35.119081000000001	1820.0
35.132544000000003	1860.0
35.153416	1740.0
35.170245999999999	2070.0
35.185583999999999	1960.0
35.203456000000003	1840.0
35.220742999999999	2130.0
35.237787999999995	1860.0
35.253495999999998	1930.0
35.270972999999998	1880.0
35.287447999999998	1780.0
35.304121878121876	1740.0
35.320879879879882	1680.0
35.339717999999998	1770.0
35.356003999999999	2180.0
35.370037000000004	1940.0
35.389327999999999	2080.0
35.408567999999995	1850.0
35.424663000000002	1870.0
35.442632000000003	1990.0
35.459490000000002	1670.0
35.475435000000004	1960.0
35.491672000000001	2040.0
35.509052000000004	1970.0
35.527542000000004	1740.0
35.544266	1490.0
35.559736000000001	1680.0
35.576135000000001	2250.0
35.592741258741256	1930.0
35.6083003003003	1780.0
35.624783999999998	1730.0
35.64431274900398	1650.0
35.660885542168671	2080.0
35.677823999999994	1780.0
35.692936000000003	1700.0
35.711855999999997	1850.0
35.729579999999999	1670.0
35.749630000000003	1910.0
35.764977999999999	1660.0
35.780273000000001	1810.0
35.798344	1830.0
35.815936000000001	1710.0
35.831826	1880.0
35.848573999999999	2120.0
35.865279720279716	1680.0
35.884226226226225	1600.0
35.901180000000004	1960.0
35.919767999999998	1700.0
35.936084999999999	1710.0
35.952025999999996	1920.0
35.966254000000006	1800.0
35.985548000000001	1900.0
35.999072000000005	1580.0
36.016607999999998	1860.0
36.034784999999999	1660.0
36.050730000000001	1770.0
36.068028000000005	2060.0
36.085635000000003	1960.0
36.103296	1930.0
36.121175999999998	1980.0
36.138172827172831	1760.0
36.15366466466466	1860.0
36.172694	1570.0
36.190224000000001	1850.0
36.20628	2040.0
36.225208000000002	1630.0
36.239183816183818	2020.0
36.255540540540544	1850.0
36.274501999999998	2100.0
36.291765999999996	1530.0
36.307644000000003	1740.0
36.325336	1800.0
36.341884999999998	1760.0
36.358874	1820.0
36.374617999999998	1940.0
36.391682000000003	1640.0
36.409392000000004	1790.0
36.426403596403595	1830.0
36.443421421421419	1720.0
36.458627999999997	1650.0
36.477388000000005	1630.0
36.496348000000005	1570.0
36.509656	2100.0
36.528321428571431	1600.0
36.54461592741935	1920.0
36.562511999999998	1710.0
36.578843999999997	1990.0
36.595362000000002	1730.0
36.614496000000003	1770.0
36.630968000000003	1480.0
36.646583999999997	1960.0
36.664254	2030.0
36.681615999999998	1700.0
36.697034965034966	1530.0
36.715333333333334	2080.0
36.733572000000002	1630.0
36.748706000000006	1820.0
36.769461999999997	1850.0
36.781908000000001	2100.0
36.800873000000003	1770.0
36.819175999999999	1750.0
36.837440000000001	1730.0
36.854461999999998	1810.0
36.872329999999998	1920.0
36.888289999999998	1890.0
36.905332999999999	1700.0
36.924015999999995	1960.0
36.940463999999999	1440.0
36.957563	1620.0
36.975633999999999	1740.0
36.990246753246751	1990.0
37.005933933933932	1720.0
37.024856	1710.0
37.041895999999994	1580.0
37.059023000000003	1850.0
37.077093999999995	2060.0
37.093705999999997	1790.0
37.108798	1890.0
37.129580000000004	2040.0
37.145540000000004	1690.0
37.162982	1780.0
37.179305999999997	1730.0
37.198146000000001	1830.0
37.215646	1720.0
37.233536000000001	1670.0
37.250239999999998	1840.0
37.265293706293711	1780.0
37.28395495495495	1830.0
37.298114000000005	1900.0
37.318173000000002	1670.0
37.335848000000006	1700.0
37.351331999999999	1900.0
37.369143999999999	1730.0
37.386152000000003	1830.0
37.403948	1860.0
37.420836999999999	1700.0
37.43824	1600.0
37.455488000000003	1590.0
37.471862999999999	1600.0
37.489232000000001	1690.0
37.504724000000003	1940.0
37.522922000000001	1700.0
37.539379999999994	1760.0
37.554370629370631	1450.0
37.572380000000003	1760.0
37.593066	1940.0
37.607481999999997	1500.0
37.624716999999997	1690.0
37.639623999999998	1670.0
37.658048000000001	1430.0
37.676783	1800.0
37.693929999999995	1870.0
37.710416000000002	1840.0
37.725657000000005	1760.0
37.740780000000001	1620.0
37.758888000000006	1960.0
37.775685000000003	1540.0
37.791629999999998	1610.0
37.809401999999999	1670.0
37.826488511488513	1490.0
37.842543999999997	1830.0
37.860437125748504	1840.0
37.876359719438881	1970.0
37.893218000000005	1970.0
37.912004000000003	1690.0
37.926536999999996	1560.0
37.941592	1530.0
37.960043999999996	1880.0
37.977007	1760.0
37.993835999999995	1570.0
38.011656000000002	1610.0
38.027206	1650.0
38.044463999999998	1950.0
38.060839999999999	1730.0
38.080461	1810.0
38.095747999999993	2020.0
38.110810810810811	1510.0
38.129525999999998	2020.0
38.144924000000003	1610.0
38.162768463073853	1690.0
38.179463927855707	1920.0
38.195791999999997	1490.0
38.212816000000004	1950.0
38.231290999999999	2140.0
38.248176000000001	1340.0
38.264471999999998	1460.0
38.282542999999997	2230.0
38.299872000000001	1910.0
38.315283999999998	1720.0
38.330165999999998	1810.0
38.350639999999999	1900.0
38.364948000000005	1730.0
38.383754754754754	1800.0
38.398074000000001	1810.0
38.415603999999995	1500.0
38.431482000000003	1810.0
38.449368	1790.0
38.465768000000004	1670.0
38.483584999999998	1540.0
38.49953	1460.0
38.516621999999998	2110.0
38.534064000000001	1930.0
38.551763999999999	1690.0
38.567583999999997	2010.0
38.584104000000004	1840.0
38.601112000000001	2040.0
38.617190000000001	1620.0
38.635143999999997	1600.0
38.652222777222782	1720.0
38.669621621621623	1810.0
38.683979999999998	1730.0
38.703406000000001	1600.0
38.718541999999999	1710.0
38.735445999999996	1680.0
38.752136	1810.0
38.769739999999999	1610.0
38.786842999999998	1730.0
38.801703999999994	1490.0
38.818708000000001	1710.0
38.834766000000002	2070.0
38.853808000000001	1890.0
38.869544000000005	1830.0
38.888262000000005	1670.0
38.905307999999998	1820.0
38.92037462537462	1870.0
38.937222222222225	1780.0
38.953392000000001	1540.0
38.970692	1940.0
38.988424000000002	1480.0
39.006236000000001	1700.0
39.024456000000001	1760.0
39.040405999999997	1850.0
39.054103999999995	1950.0
39.073432000000004	1640.0
39.089628000000005	2150.0
39.105512000000004	1310.0
39.122536000000004	1810.0
39.137726000000001	1700.0
39.158439999999999	1750.0
39.173576000000004	1530.0
39.190584000000001	1780.0
39.207589410589406	2150.0
39.224603603603605	1980.0
39.241624000000002	1940.0
39.258983999999998	1790.0
39.275408000000006	1760.0
39.290664	1880.0
39.308214	1540.0
39.325696000000001	1970.0
39.343373	1870.0
39.358516000000002	1690.0
39.377124000000002	1790.0
39.393026000000006	1620.0
39.411595999999996	1760.0
39.427789999999995	1880.0
39.445784000000003	1760.0
39.462904000000002	1520.0
39.48046153846154	2030.0
39.496050050050052	1410.0
39.513832000000001	1470.0
39.531222	1510.0
39.548006000000001	1780.0
39.564363999999998	1680.0
39.581896	1850.0
39.597666000000004	1790.0
39.615957999999999	1700.0
39.630206000000001	1920.0
39.649180000000001	1750.0
39.665208	1720.0
39.680104	1760.0
39.701979000000001	1470.0
39.717116000000004	2050.0
39.735764000000003	1810.0
39.751024000000001	1870.0
39.767776223776224	1800.0
39.784990990990991	1940.0
39.803305999999999	1460.0
39.820397999999997	1630.0
39.838084000000002	1570.0
39.853535000000001	1690.0
39.870111999999999	1810.0
39.88644	1760.0
39.903143999999998	1550.0
39.921781218781213	1630.0
39.937402402402405	1770.0
39.953234999999999	2010.0
39.970216000000001	1640.0
39.989215999999999	1840.0
40.006223999999996	2050.0
40.023232	1990.0
40.039454545454547	1600.0
40.055566566566569	1790.0
40.07488	1650.0
40.091752	1710.0
40.109822999999999	1470.0
40.126148000000001	1810.0
40.142336	1560.0
40.160052999999998	1520.0
40.175808000000004	1830.0
40.193211999999995	1600.0
40.210384000000005	1480.0
40.228353999999996	1900.0
40.24539	1420.0
40.261513000000001	1840.0
40.279266401590455	1610.0
40.296221105527636	1640.0
40.315617617617619	1520.0
40.32978321678322	1830.0
40.344675675675674	1560.0
40.361910999999999	1530.0
40.379448000000004	1590.0
40.396121878121882	2150.0
40.414197197197197	1420.0
40.430107999999997	1690.0
40.447361999999998	1830.0
40.464584000000002	1610.0
40.483415999999998	1770.0
40.498664000000005	1620.0
40.514741000000001	1590.0
40.534326	1780.0
40.548988000000001	1520.0
40.567664000000001	1630.0
40.583503999999998	1870.0
40.599112887112888	1780.0
40.618694694694696	1690.0
40.635711999999998	1640.0
40.652189999999997	1720.0
40.669353000000001	1750.0
40.684736000000001	1680.0
40.702247999999997	1700.0
40.720582999999998	1490.0
40.736929999999994	1710.0
40.754742	1940.0
40.770834999999998	1670.0
40.788831999999999	1660.0
40.805972000000004	1650.0
40.823684999999998	1640.0
40.839872	1470.0
40.856895999999999	1560.0
40.874204747774485	1910.0
40.89180404040404	1590.0
40.909423423423426	1930.0
40.92525974025974	1490.0
40.942155688622755	1480.0
40.959275827482443	1790.0
40.974485999999999	1540.0
40.992616000000005	1630.0
41.008263999999997	2020.0
41.027841000000002	1680.0
41.045017000000001	2170.0
41.063041041041039	1580.0
41.079548000000003	2050.0
41.093648000000002	1620.0
41.112839999999998	1320.0
41.129104000000005	1560.0
41.14573	1580.0
41.162574425574427	1880.0
41.181134865134865	1720.0
41.198567134268536	1730.0
41.21454	1670.0
41.233280999999998	1470.0
41.249657342657343	1480.0
41.266213213213213	1860.0
41.283223999999997	1610.0
41.297376	1700.0
41.319195195195199	1770.0
41.333421999999999	1600.0
41.352414000000003	1450.0
41.369678	1740.0
41.384304	1620.0
41.401643999999997	1670.0
41.420127999999998	1450.0
41.437878121878121	1460.0
41.454335999999998	1670.0
41.471360000000004	1860.0
41.487071999999998	1830.0
41.505509000000004	1450.0
41.525725000000001	1450.0
41.543407999999999	1610.0
41.556812000000001	1910.0
41.574388611388613	1480.0
41.590476476476482	1760.0
41.608469061876249	1320.0
41.625158158158158	1750.0
41.640927927927926	2110.0
41.659511999999999	1620.0
41.677227999999999	1570.0
41.695128871128873	1510.0
41.711072072072071	1440.0
41.728102897102893	1750.0
41.744969999999995	1660.0
41.761575999999998	1580.0
41.779325	1480.0
41.796607999999999	1660.0
41.812764999999999	1470.0
41.830539460539462	1670.0
41.846669669669673	1710.0
41.863697000000002	1600.0
41.881575000000005	1750.0
41.898023999999999	1320.0
41.917157999999993	1600.0
41.935130000000001	1530.0
41.950364635364636	1770.0
41.966306306306308	1780.0
41.984699999999997	1720.0
42.002671999999997	1730.0
42.018766233766236	2000.0
42.036458000000003	1710.0
42.051590590590592	1610.0
42.070219000000002	1560.0
42.088675648702598	1490.0
42.10398997995992	2030.0
42.120856000000003	1770.0
42.13798901098901	1600.0
42.156873873873877	1580.0
42.173715000000001	1590.0
42.189920000000001	1710.0
42.206923076923076	1490.0
42.223550000000003	1810.0
42.240811999999998	1670.0
42.258454999999998	1690.0
42.27438323353293	1800.0
42.290951999999997	1480.0
42.310001998002001	1490.0
42.327952000000003	1630.0
42.343376753507009	1580.0
42.359153153153152	1740.0
42.377919999999996	1530.0
42.393076000000001	1610.0
42.413072	1530.0
42.430079999999997	1760.0
42.447298000000004	1640.0
42.465107892107888	1570.0
42.482747747747744	1730.0
42.500375999999996	1480.0
42.516151999999998	2140.0
42.534179999999999	1440.0
42.551609999999997	1640.0
42.568191999999996	1720.0
42.585188811188814	1420.0
42.602195804195809	1430.0
42.618387387387386	1860.0
42.636128128128128	1550.0
42.65231	1740.0
42.671240240240238	1660.0
42.687600000000003	1490.0
42.708157842157846	1580.0
42.72367532467532	1690.0
42.738565130260518	1770.0
42.756343999999999	1510.0
42.773749000000002	1730.0
42.792271728271729	1650.0
42.810899899899901	1900.0
42.826630999999999	1760.0
42.844349999999999	1450.0
42.863113772455094	1480.0
42.880412412412412	1610.0
42.896585000000002	1620.0
42.910739	1540.0
42.928422000000005	1480.0
42.945521999999997	1800.0
42.964395000000003	1510.0
42.980337662337661	1540.0
42.996709709709712	1670.0
43.015093999999998	1510.0
43.033535999999998	1970.0
43.050134999999997	1720.0
43.065621999999998	1570.0
43.08372	1900.0
43.099589000000002	1770.0
43.115922077922079	1740.0
43.134337337337342	1410.0
43.152399600399598	1590.0
43.169632	1800.0
43.187555000000003	1890.0
43.203670000000002	1920.0
43.219816999999999	1310.0
43.239588411588414	1540.0
43.255522522522526	1950.0
43.271728000000003	1310.0
43.289031999999999	1710.0
43.306026000000003	1740.0
43.322614000000002	1470.0
43.340289999999996	1450.0
43.358430999999996	1760.0
43.37618581418581	1460.0
43.393486486486488	1780.0
43.413041	1690.0
43.428428571428569	1610.0
43.443974999999995	1540.0
43.461776	1580.0
43.478872000000003	1610.0
43.496769230769232	1900.0
43.512108108108109	1530.0
43.530547999999996	1410.0
43.546405594405599	1610.0
43.564916916916921	1590.0
43.581952000000001	1710.0
43.598959999999998	1480.0
43.616963999999996	1850.0
43.634421578421573	1570.0
43.65161861861862	1470.0
43.667631999999998	1720.0
43.685535999999999	1770.0
43.702224999999999	1580.0
43.71991108891109	1620.0
43.737071071071071	1740.0
43.756064000000002	1560.0
43.773006006006007	1580.0
43.789243999999997	1690.0
43.807120000000005	1800.0
43.823612000000004	1590.0
43.840118000000004	1630.0
43.858775000000001	1890.0
43.875616000000001	2040.0
43.892672327672329	1480.0
43.908618618618618	1890.0
43.926484000000002	1990.0
43.944934000000003	1580.0
43.961475	2080.0
43.976591999999997	1270.0
43.996822177822182	1760.0
44.015217999999997	1730.0
44.031208208208206	1600.0
44.045538999999998	1900.0
44.065016	2080.0
44.081139999999998	1360.0
44.100252000000005	1800.0
44.115346000000002	1480.0
44.133558000000001	1470.0
44.150750249750253	1850.0
44.169376376376377	1440.0
44.186391999999998	1430.0
44.202114000000002	1830.0
44.219138000000001	1610.0
44.236432000000001	1460.0
44.255994994994992	1710.0
44.271657342657349	1650.0
44.289389830508476	1870.0
44.30742	1260.0
44.322672327672329	1790.0
44.341477522477518	1770.0
44.358055055055054	1670.0
44.373789210789212	1600.0
44.391865596790375	2060.0
44.409158841158842	1640.0
44.426995995995995	1550.0
44.443444	1590.0
44.459817999999999	1520.0
44.476950049950048	1940.0
44.493627627627625	1720.0
44.510656000000004	1690.0
44.530225999999999	1660.0
44.543993006993006	1550.0
44.56362	1920.0
44.579687999999997	1400.0
44.596696000000001	1680.0
44.613720000000001	1630.0
44.630495000000003	1860.0
44.647328000000002	1560.0
44.665754245754243	1460.0
44.681491491491492	1720.0
44.697747999999997	1790.0
44.715800000000002	1630.0
44.731582000000003	1620.0
44.749856856856859	1610.0
44.767115000000004	1550.0
44.783059999999999	1540.0
44.800724275724271	1700.0
44.81603303303303	1680.0
44.83288811188811	1450.0
44.850006993006993	1690.0
44.868905905905905	1790.0
44.885745	1520.0
44.901936000000006	1820.0
44.919884115884116	1570.0
44.937840840840842	1300.0
44.953848000000001	1660.0
44.971000000000004	1640.0
44.987008000000003	1400.0
45.004642000000004	1720.0
45.020659999999999	1740.0
45.037801000000002	1530.0
45.055858141858138	1980.0
45.073078078078083	1920.0
45.087259000000003	1530.0
45.106089910089914	1570.0
45.122104	1420.0
45.138980000000004	1730.0
45.155315000000002	1330.0
45.173398601398603	1620.0
45.191783783783784	1920.0
45.209389999999999	1780.0
45.225640640640641	1390.0
45.244224775224772	1710.0
45.261058058058062	1540.0
45.276600000000002	1300.0
45.293951	1500.0
45.310478521478522	1310.0
45.324787787787784	1690.0
45.343966999999999	1550.0
45.361296000000003	1540.0
45.379303999999998	1570.0
45.396148000000004	1600.0
45.411319999999996	1800.0
45.428131868131864	1440.0
45.444340340340339	1620.0
45.461694999999999	1740.0
45.479383999999996	1530.0
45.496853999999999	1700.0
45.512824999999999	1610.0
45.529012999999999	1680.0
45.545780000000001	1870.0
45.562428571428569	1570.0
45.580239239239241	1480.0
45.597472000000003	1640.0
45.613575000000004	1450.0
45.63438	1610.0
45.649512000000001	1690.0
45.666398429833166	1700.0
45.682278738555439	1410.0
45.699747494989978	1400.0
45.716701298701302	1550.0
45.732618618618616	1550.0
45.750762237762238	1690.0
45.768015015015017	1700.0
45.785007	1650.0
45.801234000000001	1510.0
45.818629370629367	1480.0
45.835659659659662	1660.0
45.854255999999999	1620.0
45.869970000000002	1490.0
45.885771228771226	1580.0
45.90172972972973	1370.0
45.920630000000003	1400.0
45.935740518962071	1630.0
45.952892892892898	1400.0
45.970743999999996	1620.0
45.988065999999996	1680.0
46.005414999999999	2050.0
46.022632000000002	1690.0
46.040807999999998	1380.0
46.058367000000004	1660.0
46.074578842315368	1700.0
46.091515030060123	1730.0
46.108856000000003	1590.0
46.125059999999998	1480.0
46.142756000000006	1620.0
46.158964999999995	1640.0
46.174909999999997	1510.0
46.192042957042958	1600.0
46.21080360721443	1630.0
46.22658483033932	1610.0
46.241955955955952	1570.0
46.259592407592407	1660.0
46.278340999999998	1450.0
46.295561561561563	1580.0
46.312007992007992	1890.0
46.328990019960081	1440.0
46.346020040080155	1640.0
46.362339660339657	1430.0
46.379032000000002	1970.0
46.395227772227777	1490.0
46.415559999999999	1840.0
46.430269809428282	1750.0
46.446127872127867	1560.0
46.462980980980987	1410.0
46.478411999999999	1700.0
46.497164835164831	1640.0
46.514679999999998	1840.0
46.533167999999996	1940.0
46.549417999999996	1680.0
46.565199999999997	1920.0
46.582199800199803	1920.0
46.598072072072071	1750.0
46.616799999999998	1590.0
46.633842000000001	1690.0
46.651806000000001	1600.0
46.667619999999999	1600.0
46.684288000000002	1460.0
46.700355000000002	1790.0
46.71828528528529	1350.0
46.734410999999994	1610.0
46.752205000000004	1640.0
46.768360000000001	1750.0
46.784821999999998	1240.0
46.800781029263369	1710.0
46.818544000000003	1600.0
46.835080000000005	1710.0
46.853184000000006	1700.0
46.869787000000002	1650.0
46.886915999999999	1690.0
46.906067999999998	1710.0
46.922045999999995	1460.0
46.936928000000002	1650.0
46.951824000000002	1650.0
46.971601	1520.0
46.987714000000004	1490.0
47.005696	1540.0
47.022704000000004	1400.0
47.039480000000005	1630.0
47.056914085914087	1960.0
47.075658658658661	1780.0
47.090330000000002	1510.0
47.107747999999994	1640.0
47.126333000000002	1570.0
47.142568000000004	1350.0
47.159492	1460.0
47.176085	1900.0
47.194436000000003	1270.0
47.210124	1530.0
47.228721999999998	1630.0
47.245872000000006	1710.0
47.262784000000003	1360.0
47.278142000000003	1560.0
47.296729999999997	1530.0
47.312936000000001	1700.0
47.329944000000005	1500.0
47.34731768231768	1680.0
47.364531531531526	1480.0
47.382979999999996	1430.0
47.399182000000003	1510.0
47.414642000000001	1530.0
47.431334999999997	1460.0
47.448031999999998	1790.0
47.468949554896142	1240.0
47.482654196157739	1410.0
47.500014	1340.0
47.519101999999997	1730.0
47.537103999999999	1340.0
47.553980000000003	1530.0
47.570528000000003	1380.0
47.588884999999998	1440.0
47.60483	1590.0
47.621169830169833	1450.0
47.639072072072075	1350.0
47.657192000000002	1440.0
47.674216000000001	1540.0
47.691223999999998	1330.0
47.709636000000003	1500.0
47.725724	1640.0
47.743093000000002	1790.0
47.758488	1640.0
47.778164000000004	1830.0
47.793303999999999	1430.0
47.810393999999995	1410.0
47.828336	1640.0
47.845762000000001	1700.0
47.864080000000001	1610.0
47.880375999999998	1580.0
47.897782999999997	1300.0
47.916307692307697	1320.0
47.933882882882884	1250.0
47.950423999999998	1260.0
47.968736	1480.0
47.98574	1780.0
48.004021999999999	1640.0
48.021472000000003	1280.0
48.036683999999994	1840.0
48.054473000000002	1660.0
48.073512000000001	1490.0
48.090536	1360.0
48.107859140859141	1530.0
48.126097097097094	1630.0
48.141576000000001	1630.0
48.159281999999997	1410.0
48.176768000000003	1710.0
48.19355944055944	1680.0
48.212155155155159	1650.0
48.229030000000002	1730.0
48.245655999999997	1690.0
48.261935000000001	1630.0
48.280256000000001	1540.0
48.296839999999996	1690.0
48.315542000000001	1680.0
48.330748	1570.0
48.347782000000002	1640.0
48.365743999999999	1700.0
48.383268000000001	1540.0
48.402540000000002	1760.0
48.418485000000004	1650.0
48.434792000000002	1500.0
48.453520000000005	1470.0
48.472335000000001	1380.0
48.486617382617382	1370.0
48.501849849849847	1630.0
48.520901000000002	1530.0
48.536645999999998	1460.0
48.554507999999998	1510.0
48.570166	1700.0
48.588776000000003	1700.0
48.607927999999994	1770.0
48.623826000000001	1610.0
48.639318000000003	1580.0
48.658603999999997	1490.0
48.674979999999998	1540.0
48.694367999999997	1650.0
48.710768000000002	1910.0
48.728585000000002	1460.0
48.744530000000005	1690.0
48.761046953046957	1480.0
48.779315315315316	1690.0
48.796379999999999	1750.0
48.813851999999997	1490.0
48.831104000000003	1890.0
48.848993999999998	1490.0
48.867082000000003	1550.0
48.884143999999999	1340.0
48.901296000000002	1620.0
48.920175999999998	1340.0
48.936785999999998	1380.0
48.952716000000002	1830.0
48.970890000000004	1500.0
48.988391	1440.0
49.007232000000002	1660.0
49.023739999999997	1770.0
49.040264000000001	1660.0
49.056620379620377	1530.0
49.075408408408407	1400.0
49.092534999999998	1450.0
49.110143999999998	1550.0
49.126440000000002	1580.0
49.147180000000006	1360.0
49.162396000000001	1570.0
49.181204000000001	1830.0
49.196384000000002	1510.0
49.214239999999997	1960.0
49.233863999999997	1540.0
49.249074850299401	1820.0
49.266214428857715	1570.0
49.283524	1490.0
49.300521999999994	1830.0
49.320247999999999	1880.0
49.338485514485519	1350.0
49.356218218218217	1850.0
49.370383999999994	1520.0
49.389920000000004	1450.0
49.403908000000001	1610.0
49.426383999999999	1630.0
49.441576000000005	1310.0
49.458781999999999	1300.0
49.477268000000002	1810.0
49.493745999999994	1690.0
49.513756999999998	1790.0
49.528632000000002	1530.0
49.544408000000004	1660.0
49.561579999999999	1940.0
49.580672	1670.0
49.597090000000001	1490.0
49.613703999999998	1610.0
49.633625374625375	1490.0
49.651732732732732	1800.0
49.667884999999998	1720.0
49.68383	1740.0
49.703733999999997	1740.0
49.717832999999999	1490.0
49.735680000000002	1500.0
49.751992000000001	1840.0
49.770063	1720.0
49.787530000000004	1390.0
49.804222000000003	1890.0
49.821863999999998	1620.0
49.839364000000003	1280.0
49.856339999999996	1430.0
49.874760999999999	1290.0
49.892229999999998	1490.0
49.910216535433072	1510.0
49.927088414634149	1430.0
49.943080000000002	1320.0
49.961848000000003	1530.0
49.978983999999997	1560.0
49.996929999999999	1650.0
50.013268000000004	1800.0
50.032024	1840.0
50.048780000000001	1740.0
50.065688000000002	2000.0
50.084822000000003	1900.0
50.101745999999999	1650.0
50.117601999999998	1520.0
50.134526473526471	1590.0
50.152369369369367	1760.0
50.170135999999999	1680.0
50.187144000000004	1440.0
50.203317682317689	1290.0
50.22194594594594	1670.0
50.240116883116883	1490.0
50.256216000000002	1420.0
50.27514	1640.0
50.291502000000001	1720.0
50.310231999999999	1760.0
50.326723999999999	1260.0
50.343580000000003	1650.0
50.361703999999996	1610.0
50.378120000000003	1440.0
50.398342	1650.0
50.413983999999999	1240.0
50.430627999999999	1540.0
50.449762	1930.0
50.46658	1630.0
50.482527472527472	1410.0
50.500281281281282	1350.0
50.521239999999999	1830.0
50.535441999999996	1190.0
50.553424	2060.0
50.570431999999997	1570.0
50.587888	1370.0
50.606463999999995	1770.0
50.623130000000003	1390.0
50.639901999999999	1780.0
50.657035	1540.0
50.674576000000002	1740.0
50.691940000000002	1610.0
50.710521	1490.0
50.727797607178466	1770.0
50.744565697091275	1660.0
50.760734999999997	1520.0
50.778488511488511	1860.0
50.796591591591586	1820.0
50.814585000000001	1680.0
50.830835999999998	1630.0
50.849158000000003	1610.0
50.864580000000004	1500.0
50.884672000000002	1500.0
50.900627999999998	1710.0
50.916542	1500.0
50.934711999999998	1730.0
50.950643999999997	1730.0
50.968570999999997	1600.0
50.986751999999996	1510.0
51.005247999999995	1540.0
51.020386999999999	1500.0
51.037653999999996	1700.0
51.054786427145707	1350.0
51.070834669338673	1790.0
51.090780000000002	1260.0
51.107087999999997	1660.0
51.125506000000001	1440.0
51.140872000000002	1520.0
51.157896000000001	1550.0
51.176010999999995	2120.0
51.195776000000002	1510.0
51.212448000000002	1620.0
51.227944000000001	1830.0
51.246195999999998	1510.0
51.263289999999998	1690.0
51.281482000000004	1780.0
51.297367999999999	1370.0
51.316644000000004	1470.0
51.332146000000002	1660.0
51.350018018018019	1480.0
51.368990000000004	1620.0
51.385064	1600.0
51.402264000000002	1710.0
51.420096000000001	1320.0
51.437423000000003	1310.0
51.455494000000002	1870.0
51.473136000000004	1370.0
51.490144000000001	1570.0
51.507151999999998	1720.0
51.524176000000004	1610.0
51.541882999999999	1660.0
51.560715999999999	1730.0
51.578216000000005	1720.0
51.595224000000002	1840.0
51.614136000000002	1800.0
51.631210210210213	1540.0
51.646422000000001	1960.0
51.665129999999998	1800.0
51.682119999999998	1740.0
51.701497000000003	1810.0
51.716644000000002	1740.0
51.734335999999999	1860.0
51.750884999999997	1530.0
51.768396000000003	1460.0
51.786961999999995	1620.0
51.803734999999996	1400.0
51.821815999999998	1440.0
51.840967999999997	1420.0
51.855906999999995	1720.0
51.875138	1570.0
51.889558000000001	1620.0
51.907434565434563	1980.0
51.923639639639639	1850.0
51.942495999999998	1520.0
51.959723000000004	1510.0
51.977511999999997	1210.0
51.993843999999996	1980.0
52.009953000000003	1700.0
52.028024000000002	1780.0
52.046112000000001	1680.0
52.063583999999999	1580.0
52.079929999999997	1850.0
52.095890000000004	1760.0
52.113413000000001	1510.0
52.132335999999995	1550.0
52.148739999999997	1630.0
52.163706000000005	1320.0
52.182671328671333	1590.0
52.199681681681682	1800.0
52.216704	1740.0
52.233711999999997	1320.0
52.250736000000003	1190.0
52.268436254980081	2120.0
52.287113113113115	1540.0
52.304743486973948	1580.0
52.319582582582584	1800.0
52.335403999999997	1420.0
52.354168000000001	1890.0
52.370346000000005	1700.0
52.388436000000006	1640.0
52.405856	1360.0
52.421935000000005	1800.0
52.440856000000004	1570.0
52.456007999999997	1600.0
52.474664335664336	1360.0
52.4898988988989	1840.0
52.506689999999999	1790.0
52.523252999999997	1630.0
52.541695999999995	1720.0
52.559103999999998	1950.0
52.574485000000003	1610.0
52.592116000000004	1500.0
52.609390000000005	2020.0
52.628779999999999	1500.0
52.645527999999999	1500.0
52.662056	1520.0
52.675547999999999	1610.0
52.693014000000005	1580.0
52.713090000000001	1590.0
52.729241999999999	1440.0
52.747978021978021	1970.0
52.763927927927931	1820.0
52.780662	1590.0
52.798186000000001	1450.0
52.813561999999997	1530.0
52.831625374625375	1420.0
52.849184184184182	1650.0
52.867367999999999	1270.0
52.883307000000002	1630.0
52.899232000000005	1360.0
52.916256000000004	1960.0
52.933264000000001	1560.0
52.950271999999998	1600.0
52.968252	1650.0
52.984323000000003	1490.0
53.002229999999997	1770.0
53.018333666333668	1870.0
53.034914914914914	1710.0
53.051167999999997	1550.0
53.071384000000002	1600.0
53.088788000000001	1440.0
53.104777999999996	1580.0
53.121838000000004	1810.0
53.138601999999999	1500.0
53.156432000000002	1630.0
53.172024	1910.0
53.190021999999999	1530.0
53.204946	1520.0
53.221496000000002	1860.0
53.240442000000002	1630.0
53.259416000000002	1260.0
53.273727999999998	1890.0
53.292225999999999	1890.0
53.307992007992013	1110.0
53.326279279279284	1740.0
53.343631000000002	1290.0
53.361356000000001	1540.0
53.377092000000005	1580.0
53.395702	1540.0
53.415438000000002	1490.0
53.432324000000001	1440.0
53.447935000000001	1550.0
53.467047999999998	1760.0
53.482128000000003	1430.0
53.495947000000001	1780.0
53.514676000000001	1630.0
53.532781999999997	1440.0
53.550635	1970.0
53.566752000000001	1530.0
53.58400799200799	1740.0
53.601176176176175	1600.0
53.61824	1850.0
53.636526946107786	1590.0
53.652783567134264	1720.0
53.671384000000003	1550.0
53.687624	1520.0
53.703864000000003	1320.0
53.721614000000002	1510.0
53.738895999999997	1850.0
53.756773000000003	1650.0
53.774844000000002	1710.0
53.791936	1700.0
53.807767000000005	1340.0
53.822318000000003	1510.0
53.841975999999995	1560.0
53.858485999999999	1520.0
53.873675324675325	1660.0
53.891132132132135	2080.0
53.910024	1420.0
53.92653	1640.0
53.943055999999999	1450.0
53.960064000000003	1850.0
53.978456000000001	1590.0
53.996096000000001	2080.0
54.011466000000006	1520.0
54.028112	1540.0
54.047973999999996	1460.0
54.063152694610778	1210.0
54.081192384769537	1710.0
54.098903999999997	1540.0
54.114581999999999	1670.0
54.133454	1800.0
54.151862137862139	1450.0
54.169825825825825	1530.0
54.185327999999998	1650.0
54.202287999999996	1280.0
54.218526999999995	1520.0
54.234913999999996	1540.0
54.254413999999997	1460.0
54.272304000000005	1650.0
54.286816000000002	1640.0
54.305128000000003	1570.0
54.324262000000004	1760.0
54.338374000000002	1440.0
54.356547999999997	1520.0
54.374784431137719	1670.0
54.389208416833668	1590.0
54.408588000000002	1700.0
54.425119000000002	1500.0
54.444200000000002	1670.0
54.460339698492461	1470.0
54.478993000000003	1620.0
54.49588	1800.0
54.511839999999999	1270.0
54.529223000000002	1600.0
54.545729999999999	1540.0
54.564228	1550.0
54.582453000000001	1400.0
54.597608000000001	1390.0
54.615476953907816	1660.0
54.630781999999996	1490.0
54.649591999999998	1510.0
54.667067999999993	1400.0
54.685046	1640.0
54.699224000000001	1820.0
54.716558441558441	1620.0
54.735741741741741	1580.0
54.750129999999999	1700.0
54.768491017964074	1550.0
54.78669338677355	1450.0
54.802980000000005	1750.0
54.821328000000001	1820.0
54.838743999999998	1260.0
54.853907999999997	1890.0
54.872747999999994	1860.0
54.891686	1970.0
54.907015999999999	1900.0
54.925463999999998	1630.0
54.941541000000001	1650.0
54.961435999999999	1490.0
54.979123999999999	1380.0
54.995722000000001	2140.0
55.013372627372625	1900.0
55.029888888888891	1940.0
55.047522999999998	1510.0
55.064912	1950.0
55.081189999999999	1370.0
55.101179999999999	1820.0
55.118079999999999	1610.0
55.136848000000001	1730.0
55.151986000000001	1590.0
55.170054	1610.0
55.188141999999999	1320.0
55.205835	1500.0
55.222032000000006	1900.0
55.239372000000003	1770.0
55.257821999999997	1700.0
55.275188	1830.0
55.291593406593407	1390.0
55.31023423423423	1560.0
55.327480000000001	1550.0
55.346223999999999	1840.0
55.362625999999999	1600.0
55.383262000000002	1410.0
55.39762137862138	1810.0
55.416081081081082	1550.0
55.435167832167835	1280.0
55.450201201201203	1630.0
55.467224000000002	1900.0
55.484636000000002	1670.0
55.503522000000004	1520.0
55.520935000000001	1730.0
55.538055999999997	1540.0
55.557208000000003	1540.0
55.574784999999999	1590.0
55.591884115884113	1810.0
55.607393393393394	1700.0
55.627597999999999	1430.0
55.645580000000002	1720.0
55.664048000000001	1330.0
55.680485000000004	1480.0
55.698353999999995	1740.0
55.717363999999996	1590.0
55.732334999999999	1630.0
55.749040000000001	1740.0
55.769239999999996	1470.0
55.785463999999997	1550.0
55.802472000000002	1700.0
55.819496000000001	1770.0
55.836503999999998	1630.0
55.853511999999995	1750.0
55.872908091908094	1860.0
55.890221221221225	2040.0
55.907274000000001	2040.0
55.927720000000001	1600.0
55.941338999999999	1660.0
55.961240000000004	1900.0
55.975687999999998	1660.0
55.995623999999999	1710.0
56.012836	1630.0
56.031490000000005	1310.0
56.047205999999996	1380.0
56.063256000000003	1510.0
56.082052000000004	1700.0
56.100123000000004	1700.0
56.117704295704293	1660.0
56.134728728728732	1270.0
56.152352999999998	1560.0
56.169741258741254	1690.0
56.188243243243242	1600.0
56.206583000000002	1600.0
56.222068	1560.0
56.238816	1900.0
56.256813000000001	1570.0
56.274936000000004	1650.0
56.29374	1620.0
56.309327000000003	1950.0
56.324840000000002	1400.0
56.344590000000004	1700.0
56.361272999999997	1480.0
56.379776	1630.0
56.396447999999999	1730.0
56.412503000000001	1500.0
56.431196	1560.0
56.449650349650348	1510.0
56.46772872872873	1480.0
56.485803999999995	1500.0
56.500388000000001	1560.0
56.518902000000004	1580.0
56.537031999999996	1630.0
56.554187999999996	1650.0
56.572806	1820.0
56.588839999999998	1580.0
56.609096000000001	1690.0
56.625466000000003	1620.0
56.641875999999996	1400.0
56.659244000000001	1830.0
56.675652999999997	1640.0
56.694296000000001	1660.0
56.712812	1530.0
56.729485000000004	1790.0
56.748463536463539	1550.0
56.764561561561564	1490.0
56.781224000000002	1260.0
56.800136000000002	1520.0
56.816256000000003	1450.0
56.833421999999999	1700.0
56.852271999999999	1700.0
56.869708000000003	1650.0
56.887765999999999	1360.0
56.904640000000001	1500.0
56.923940000000002	1400.0
56.939884999999997	1270.0
56.956873999999999	1640.0
56.974375999999999	1160.0
56.992682000000002	1410.0
57.010392000000003	1550.0
57.028954045954045	1860.0
57.045582582582583	1450.0
57.062432000000001	1430.0
57.079456	1840.0
57.097551000000003	1610.0
57.117379999999997	1610.0
57.133339999999997	1670.0
57.150379999999998	1220.0
57.169947999999998	1720.0
57.186228	1910.0
57.204135000000001	1530.0
57.221967999999997	1620.0
57.239504000000004	1450.0
57.256782000000001	1740.0
57.275253999999997	1710.0
57.291164000000002	1710.0
57.309201999999999	1800.0
57.327469530469529	1660.0
57.345570570570572	1590.0
57.362664000000002	1540.0
57.380672000000004	1490.0
57.397796610169493	1850.0
57.415497492477428	1930.0
57.432175999999998	1770.0
57.45044	1970.0
57.467461999999998	1520.0
57.485329999999998	1640.0
57.501776	1550.0
57.520431000000002	1630.0
57.538792000000001	1540.0
57.554463999999996	1270.0
57.572302000000001	1840.0
57.589832000000001	1620.0
57.608572427572426	1590.0
57.626791791791788	1770.0
57.642879999999998	1750.0
57.660839999999993	1740.0
57.677141999999996	1820.0
57.696093999999995	1710.0
57.713936000000004	1410.0
57.730944000000001	1790.0
57.748695999999995	1770.0
57.766976	1860.0
57.783984000000004	1450.0
57.800992000000001	1650.0
57.818642000000004	1700.0
57.836713000000003	1550.0
57.854771228771227	1300.0
57.871237237237239	1580.0
57.887185000000002	1650.0
57.906880119880121	1620.0
57.925101999999995	1590.0
57.943035000000002	1890.0
57.959111999999998	1590.0
57.976135999999997	1500.0
57.993144000000001	1670.0
58.011433566433567	1590.0
58.030780780780781	1730.0
58.047632999999998	1450.0
58.065703999999997	1360.0
58.082639999999998	1630.0
58.099183266932272	1510.0
58.115480480480478	1420.0
58.134540621865597	1430.0
58.152264000000002	1580.0
58.168379999999999	1930.0
58.1891008991009	1550.0
58.204342000000004	1410.0
58.223475999999998	1510.0
58.241897999999999	1810.0
58.256762000000002	2000.0
58.275624000000001	1770.0
58.293039999999998	1670.0
58.309384000000001	1400.0
58.327316000000003	1710.0
58.345942000000001	1570.0
58.362834999999997	1580.0
58.380084000000004	1390.0
58.397455999999998	1500.0
58.415242999999997	1690.0
58.433314000000003	1550.0
58.450496000000001	1670.0
58.467504000000005	1560.0
58.484496496496497	1840.0
58.501722831505482	1600.0
58.520190571715148	1710.0
58.535995999999997	1910.0
58.554575999999997	1810.0
58.572282000000001	1560.0
58.589356000000002	1840.0
58.605091999999999	1530.0
58.622084999999998	1450.0
58.638632000000001	1850.0
58.656322000000003	1570.0
58.674393000000002	1550.0
58.691672000000004	1860.0
58.708695999999996	1690.0
58.727542	1800.0
58.742747999999999	1480.0
58.759720720720722	1800.0
58.776961999999997	1690.0
58.795580000000001	1520.0
58.812012000000003	1690.0
58.829186	1710.0
58.845509490509492	1510.0
58.862955955955954	1770.0
58.879313000000003	1570.0
58.896832000000003	1370.0
58.913856000000003	1700.0
58.930185000000002	1690.0
58.948356000000004	1460.0
58.965896000000001	1610.0
58.984642000000001	1730.0
59.000048	1510.0
59.017932000000002	1770.0
59.033884115884121	1470.0
59.050180180180185	1490.0
59.068975999999999	1730.0
59.085984000000003	1350.0
59.102992	1750.0
59.119639999999997	1520.0
59.136462999999999	1720.0
59.155036000000003	1620.0
59.172490000000003	1630.0
59.189064000000002	1590.0
59.206071999999999	1470.0
59.224607999999996	1570.0
59.242103999999998	1750.0
59.258229999999998	1560.0
59.275136000000003	1720.0
59.291143999999996	1460.0
59.308294705294706	1560.0
59.327027027027029	1680.0
59.342984999999999	1750.0
59.359977999999998	1620.0
59.378238000000003	1780.0
59.394779999999997	1750.0
59.412875999999997	1870.0
59.428772000000002	1680.0
59.445684999999997	1590.0
59.463555999999997	1550.0
59.481296	1490.0
59.499073000000003	1530.0
59.516312000000006	1920.0
59.532440000000008	1800.0
59.549343999999998	1810.0
59.566396000000005	1840.0
59.585376000000004	1640.0
59.602232767232763	1630.0
59.618590590590586	1740.0
59.636687312687314	1810.0
59.654075075075077	1580.0
59.670833999999999	1780.0
59.688921999999998	1680.0
59.706463999999997	1770.0
59.724655999999996	1540.0
59.741183999999997	1740.0
59.756784999999994	1730.0
59.771948000000002	1570.0
59.791920000000005	1440.0
59.80954400000001	1960.0
59.828495999999994	1780.0
59.843612	1640.0
59.861385999999996	1570.0
59.876913086913085	1740.0
59.895828828828826	1410.0
59.913624000000006	1870.0
59.930983999999995	1810.0
59.947823999999997	1480.0
59.965100999999997	1790.0
59.982588	1890.0
59.997484	1450.0
60.014372999999999	1780.0
60.033907999999997	1670.0
60.052531999999999	1710.0
60.068884999999995	1430.0
60.083907999999994	1550.0
60.101762000000001	1580.0
60.120735000000003	1500.0
60.136904000000001	1780.0
60.154816000000004	1450.0
60.171820179820187	1910.0
60.189122122122122	1500.0
60.207221999999994	1680.0
60.223148000000002	1550.0
60.239840000000001	1640.0
60.257784000000001	1640.0
60.274523000000002	1600.0
60.293276000000006	1930.0
60.309444000000006	1550.0
60.326752999999997	1950.0
60.342963330029733	1760.0
60.36277295660949	1660.0
60.377986	1650.0
60.395054000000002	1870.0
60.413142000000001	1600.0
60.431213	1860.0
60.448776223776214	1420.0
60.465045045045038	1660.0
60.482821999999999	1920.0
60.500188000000001	1780.0
60.517614000000002	1560.0
60.534397000000006	1650.0
60.552008000000001	1680.0
60.56944	1590.0
60.586144000000004	1990.0
60.602330000000002	1910.0
60.620061999999997	1550.0
60.635285999999994	1800.0
60.653204000000002	1740.0
60.671216000000001	1650.0
60.68836300000001	1890.0
60.706434000000002	1390.0
60.723990000000001	1700.0
60.739930069930068	1650.0
60.757436436436436	1310.0
60.775840000000002	1470.0
60.792823000000006	1640.0
60.810311999999996	1480.0
60.827335999999995	1660.0
60.843634999999999	1520.0
60.861071713147403	1880.0
60.879827722772269	1670.0
60.897361054766733	1500.0
60.913429999999998	1550.0
60.927468000000005	1560.0
60.946423999999993	1750.0
60.963583999999997	1750.0
60.981455999999994	1860.0
60.998184999999999	1680.0
61.015833166833168	1580.0
61.034675675675679	1720.0
61.050504000000004	1600.0
61.068043999999993	1880.0
61.084344000000002	1540.0
61.101862000000004	1810.0
61.119551999999999	1590.0
61.135004000000002	1550.0
61.155829000000004	1470.0
61.170856000000001	1500.0
61.189567999999994	1460.0
61.207506999999993	1680.0
61.221835999999996	1620.0
61.240822000000001	1820.0
61.258663999999996	1980.0
61.276256000000004	1500.0
61.294696000000002	1660.0
61.310860139860146	1750.0
61.328148148148145	1530.0
61.346736	1650.0
61.363135	1440.0
61.381095999999999	1630.0
61.398776000000005	1820.0
61.418180999999997	1670.0
61.432344000000001	1680.0
61.450668	1760.0
61.466834999999996	1550.0
61.484779999999994	1440.0
61.50132	1490.0
61.521685000000005	1710.0
61.538356000000007	1640.0
61.55659	1390.0
61.573272999999993	1530.0
61.591768231768235	1790.0
61.609432432432435	1810.0
61.625943999999997	1510.0
61.643552894211581	1750.0
61.660280561122249	1550.0
61.679231000000001	1580.0
61.698616000000001	1870.0
61.713388000000002	1600.0
61.731902000000005	1470.0
61.750031999999997	1580.0
61.767122000000008	1560.0
61.785063999999998	1980.0
61.802445663010971	1730.0
61.820045135406211	2000.0
61.835379999999994	1630.0
61.853966	1800.0
61.870011976047898	2130.0
61.887620240480956	1650.0
61.905296	1850.0
61.923779661016951	1650.0
61.941169508525576	1730.0
61.958953999999991	1440.0
61.976216000000001	1680.0
61.995891000000007	1820.0
62.014184	1610.0
62.030272000000004	1560.0
62.048184999999997	1660.0
62.064413999999999	1760.0
62.082295999999992	1810.0
62.099304000000004	1430.0
62.116644000000001	1710.0
62.133940000000003	1810.0
62.150802999999996	1850.0
62.169386613386614	1460.0
62.187954954954947	1390.0
62.205383999999995	1670.0
62.223103999999992	1900.0
62.239639999999994	1820.0
62.258101999999994	1540.0
62.272725999999999	1460.0
62.293319999999994	1570.0
62.310406	1550.0
62.325747999999997	1640.0
62.344716000000005	1860.0
62.358598999999998	1690.0
62.37923	1530.0
62.396228000000001	1670.0
62.414952999999997	1790.0
62.431607999999997	1780.0
62.448638361638352	1660.0
62.465978978978974	1640.0
62.484577999999999	1530.0
62.503341999999996	1730.0
62.519046000000003	1720.0
62.536484000000002	1630.0
62.554572	1630.0
62.570684999999997	1770.0
62.591629999999995	1760.0
62.607801999999992	1730.0
62.625366000000007	1630.0
62.641176000000002	1380.0
62.660328	1660.0
62.678026000000003	1750.0
62.693329999999996	1420.0
62.710261999999993	2010.0
62.728332999999999	1680.0
62.748839160839168	1560.0
62.765108108108116	1680.0
62.782302000000008	1670.0
62.800634000000002	1810.0
62.817855999999992	1510.0
62.836721999999995	1630.0
62.851888000000002	1810.0
62.869754527162975	1680.0
62.886260999999998	1640.0
62.906458000000001	1360.0
62.925198000000002	1790.0
62.940252999999998	1620.0
62.957951999999999	1750.0
62.975848000000006	1540.0
62.993485000000007	1480.0
63.009430000000002	1530.0
63.02725674325675	1750.0
63.04433033033034	1770.0
63.061784000000003	1770.0
63.079029940119753	1620.0
63.095181362725448	1670.0
63.110188000000001	1530.0
63.124089999999995	1590.0
63.139896999999998	1660.0
63.153452000000001	1750.0
63.165351999999999	1660.0
63.178367000000001	1560.0
63.191541999999998	1600.0
63.202473999999995	1830.0
63.212040999999999	1410.0
63.221607999999996	1720.0
63.231760000000001	1490.0
63.239195000000002	1550.0
63.24731168831169	1590.0
63.253828828828823	1710.0
63.261632000000006	1540.0
63.26746	1720.0
63.273730269730272	1640.0
63.277152000000001	1780.0
63.285245999999994	1610.0
63.288291999999998	1550.0
63.290627000000008	1480.0
63.293816000000007	1570.0
63.298352000000001	1800.0
63.303798	1920.0
63.305924000000005	1530.0
63.308578000000004	1780.0
63.312355999999994	1990.0
63.312695999999995	1810.0
63.31486113886114	1520.0
63.316000000000003	1560.0
63.320209999999996	1580.0
63.321906000000006	1640.0
63.321030999999998	1880.0
63.321968000000005	1310.0
63.321287999999996	1920.0
63.324159000000002	1690.0
63.325000000000003	1640.0
63.324714	1770.0
63.323999999999998	1970.0
63.322776435045313	1810.0
63.323379999999993	1540.0
63.325999999999993	1830.0
63.324795999999999	1870.0
63.323999999999998	1520.0
63.324729000000005	1740.0
63.323417582417576	1820.0
63.323855855855854	1780.0
63.324919000000001	1680.0
63.323035999999995	1620.0
63.320045999999991	1960.0
63.320999999999998	1790.0
63.320827999999999	1610.0
63.319763999999992	1570.0
