11.131984000000001	9810.0
11.171057000000001	9730.0
11.127360000000001	9040.0
11.180448	8600.0
11.147920000000001	9260.0
11.133704	8320.0
11.16086	8120.0
11.139168	8800.0
11.166156530408774	9160.0
11.159210631895686	9070.0
11.135149999999999	9490.0
11.151076	9300.0
11.149545454545455	9250.0
11.150603603603605	10110.0
11.170360000000001	9050.0
11.137127999999999	8950.0
11.142804999999999	8810.0
11.160244755244754	9180.0
11.135826826826827	8480.0
11.1829	9380.0
11.138624999999999	9260.0
11.134972000000001	8320.0
11.169280000000001	9320.0
11.127128000000001	8440.0
11.182409999999999	9430.0
11.14651948051948	8620.0
11.134840840840841	8870.0
11.159970000000001	9060.0
11.137725	8720.0
11.166055	8870.0
11.1578	8760.0
11.135897102897102	9240.0
11.152153153153153	8930.0
11.148435000000001	8740.0
11.150650000000001	8270.0
11.169814000000001	8340.0
11.135999999999999	8860.0
11.144535464535464	8750.0
11.158354354354353	9060.0
11.135352000000001	8930.0
11.183270189431704	8570.0
11.136074222668004	9170.0
11.1379	8540.0
11.166459999999999	8440.0
11.126795000000001	8570.0
11.182542	9290.0
11.143800000000001	8190.0
11.136584000000001	8780.0
11.159380000000001	9050.0
11.136973026973028	8300.0
11.167009009009009	8600.0
11.15612	9150.0
11.136785	8770.0
11.153789999999999	8250.0
11.147209999999999	8090.0
11.15122	7420.0
11.170081	9170.0
11.13592	8560.0
11.147344	8630.0
11.1571	8540.0
11.134858999999999	7980.0
11.182589999999999	7940.0
11.133573999999999	8670.0
11.140945	8350.0
11.166649	8090.0
11.126580000000001	8570.0
11.182872	8210.0
11.14099	8470.0
11.139165834165834	8630.0
11.159743743743745	8280.0
11.136516	8770.0
11.16723	8350.0
11.155400999999999	8190.0
11.138034965034965	9020.0
11.154276276276276	8560.0
11.146470000000001	8890.0
11.151522	8400.0
11.16854	7880.0
11.135541999999999	7740.0
11.149325000000001	8060.0
11.156238999999999	8200.0
11.134868131868132	8470.0
11.181394394394394	8110.0
11.132105000000001	8270.0
11.144776999999999	8470.0
11.16479	8110.0
11.124534465534465	7730.0
11.165849849849849	8550.0
11.153213000000001	8090.0
11.129200000000001	8260.0
11.163855999999999	7950.0
11.139635	8130.0
11.156193	7540.0
11.15836	7700.0
11.13495	8080.0
11.150265000000001	7980.0
11.15165	7660.0
11.146398601398602	8790.0
11.165972972972973	8160.0
11.1412	7550.0
11.13885	8140.0
11.163500000000001	8060.0
11.134646	8170.0
11.173815000000001	8690.0
11.145174825174825	7430.0
11.127912912912912	7800.0
11.174607607607609	8290.0
11.126805000000001	8540.0
11.174232	8020.0
11.151100000000001	7520.0
11.129960000000001	8240.0
11.161485000000001	7710.0
11.138357000000001	7300.0
11.161619999999999	7760.0
11.15899000999001	7300.0
11.134837837837837	8480.0
11.150782	7770.0
11.14997	7640.0
11.148898000000001	7580.0
11.168374999999999	7470.0
11.139094999999999	8310.0
11.14132	7290.0
11.161643356643356	7540.0
11.135051051051052	8280.0
11.178246	7550.0
11.140829999999999	7340.0
11.130806	8290.0
11.171785	7360.0
11.126544000000001	7210.0
11.178900000000001	7880.0
11.148363999999999	8470.0
11.132378486055778	7380.0
11.161689378757515	7650.0
11.138657314629258	7730.0
11.165381999999999	7790.0
11.158325	8060.0
11.134763000000001	8340.0
11.15132	8080.0
11.148816	7750.0
11.150774999999999	7690.0
11.169281	7430.0
11.137032967032967	8240.0
11.142251251251251	7550.0
11.15972	7200.0
11.134967999999999	7360.0
11.18028	7600.0
11.138263999999999	7350.0
11.132755	7420.0
11.169883	7880.0
11.126300000000001	6530.0
11.181728000000001	7970.0
11.145250000000001	7480.0
11.133158	7180.0
11.160120000000001	7050.0
11.136248	7080.0
11.16689	7430.0
11.156916000000001	7380.0
11.135859999999999	7300.0
11.152225999999999	7840.0
11.147120879120878	7220.0
11.151717717717718	7710.0
11.16886	7650.0
11.135999999999999	7810.0
11.145119999999999	7600.0
11.157572	6960.0
11.13654	7500.0
11.18219	7920.0
11.13519	6950.0
11.13841	7210.0
11.167	7510.0
11.125153846153845	6980.0
11.183628628628629	7410.0
11.142008000000001	7820.0
11.13805	7020.0
11.159574000000001	7240.0
11.135254999999999	7850.0
11.167021999999999	6600.0
11.15428	7270.0
11.137571428571428	7520.0
11.154113113113114	7330.0
11.145489	7210.0
11.15138	7650.0
11.167225999999999	7340.0
11.135349999999999	6580.0
11.148600999999999	7100.0
11.154919999999999	7040.0
11.135672	8070.0
11.180598401598402	7920.0
11.132249249249249	6740.0
11.145	7250.0
11.163917999999999	8030.0
11.124844999999999	7250.0
11.181955	6560.0
11.13898	7090.0
11.143180000000001	7100.0
11.161300000000001	6880.0
11.135916083916085	7460.0
11.168198198198198	7430.0
11.153924	7810.0
11.142925	6860.0
11.159958999999999	6890.0
11.14832	6850.0
11.156376	6660.0
11.172285	7560.0
11.144088	7340.0
11.164350000000001	6590.0
11.165562	7260.0
11.149455	7720.0
11.19618	7050.0
11.148096903096903	6570.0
11.176612612612614	6810.0
11.187805000000001	6720.0
11.150677	7570.0
11.21452	7320.0
11.168470529470529	6480.0
11.189304	7040.0
11.203667667667668	7180.0
11.17792	6700.0
11.217249252243271	6900.0
11.203319959879639	7120.0
11.183462	6790.0
11.21621	6890.0
11.216998001998002	7020.0
11.22418918918919	6860.0
11.251037	6900.0
11.21794	6060.0
11.228935999999999	7090.0
11.256293706293706	6770.0
11.231461461461462	6760.0
11.294750000000001	6990.0
11.247285999999999	7050.0
11.244299999999999	7350.0
11.300595617529881	6620.0
11.245541832669323	7040.0
11.331429718875501	6700.0
11.285504999999999	7290.0
11.275366	7080.0
11.32274	6600.0
11.292958	7270.0
11.348224999999999	6600.0
11.340363999999999	6440.0
11.31326	6550.0
11.346579999999999	5920.0
11.344505	6240.0
11.360692	6590.0
11.395580000000001	7230.0
11.349026	6890.0
11.37106	6650.0
11.400722	7270.0
11.370800000000001	6940.0
11.460776000000001	7050.0
11.387524475524476	6610.0
11.395979979979979	6350.0
11.462199999999999	6730.0
11.386039999999999	6000.0
11.509270000000001	6340.0
11.442102999999999	6900.0
11.43328	6310.0
11.492672000000001	6820.0
11.446925	6470.0
11.52455	6050.0
11.510630000000001	6690.0
11.478073999999999	6620.0
11.522730000000001	6700.0
11.513222000000001	6190.0
11.53584	6860.0
11.584448	6600.0
11.522415000000001	6020.0
11.551651	6450.0
11.585774225774225	6450.0
11.547003003003004	6830.0
11.664639999999999	6930.0
11.570856000000001	6300.0
11.583159999999999	6030.0
11.662704000000002	6120.0
11.559780000000002	6520.0
11.719226000000003	6280.0
11.629600000000002	6000.0
11.627151999999999	6590.0
11.695874999999999	6750.0
11.632121999999999	6190.0
11.728159999999999	6070.0
11.710263999999999	6470.0
11.673774999999999	6880.0
11.729403999999999	6670.0
11.712219999999999	7090.0
11.735747999999999	6700.0
11.79265	6640.0
11.719199800199799	6570.0
11.757433433433434	6310.0
11.79124	6480.0
11.736025	6840.0
11.877491000000001	6320.0
11.763870000000001	6960.0
11.785014	6510.0
11.87396	6640.0
11.744487999999999	6140.0
11.93596	6030.0
11.828303999999999	7020.0
11.824025000000001	6320.0
11.907808000000001	6890.0
11.82442	6750.0
11.937768	6210.0
11.914384999999999	6000.0
11.871739999999999	6250.0
11.937779999999998	6670.0
11.910816183816184	6500.0
11.936	6670.0
12.004861999999999	6740.0
11.918299999999999	6200.0
11.964730000000001	6580.0
12.002925000000001	6710.0
11.930301	6850.0
12.097880000000002	6580.0
11.967904000000001	6880.0
11.990605	7460.0
12.097093000000001	6770.0
11.934129999999998	6770.0
12.159499999999998	7110.0
12.038999999999998	6210.0
12.029750999999999	7210.0
12.13106	7060.0
12.025177822177822	6900.0
12.154702702702702	6330.0
12.132636363636363	7530.0
12.078895895895895	7240.0
12.156169999999999	7930.0
12.122465	7990.0
12.146583999999999	7660.0
12.2286	6800.0
12.129520000000001	7150.0
12.179571428571428	7170.0
12.227492492492493	7650.0
12.137219999999999	7250.0
12.331488	7690.0
12.185035000000001	7390.0
12.203385000000001	8570.0
12.343639999999999	8090.0
12.136104	7550.0
12.403799999999999	7520.0
12.266385999999999	7650.0
12.252300000000002	7930.0
12.383030000000002	7880.0
12.250853146853148	8200.0
12.397775571002981	8300.0
12.379228228228229	8400.0
12.314945619335347	8240.0
12.414555	8670.0
12.374853146853146	8280.0
12.392677677677678	9240.0
12.494248000000001	8870.0
12.38687	8360.0
12.445014	8610.0
12.531960000000002	9110.0
12.407287999999999	9340.0
12.514735	9370.0
12.540015	9420.0
12.380280000000001	9560.0
12.658402000000001	8420.0
12.459225	9010.0
12.563385999999999	9970.0
12.629142857142858	9990.0
12.458156156156157	9880.0
12.666135000000001	10640.0
12.573808	10010.0
12.602559999999999	10590.0
12.685939999999999	10490.0
12.575935000000001	10470.0
12.660681	10990.0
12.6945	10820.0
12.641664	10850.0
12.741539999999999	11390.0
12.695606	11010.0
12.64354	11500.0
12.813478	11340.0
12.672025	12150.0
12.789356	12410.0
12.81612	12580.0
12.621192000000001	13010.0
12.927155844155845	13180.0
12.704610389610391	13180.0
12.830120120120121	13540.0
12.89733	13590.0
12.694579999999998	14220.0
12.923728000000001	13700.0
12.820139999999999	14550.0
12.856857142857143	14570.0
12.942901901901903	14200.0
12.812571	15160.0
12.900399999999999	15780.0
12.934511999999998	16560.0
12.882614999999999	15530.0
12.990012999999999	16410.0
12.9314	16660.0
12.875135999999999	17280.0
13.053075	18070.0
12.906635000000001	18990.0
13.038518962075846	17700.0
13.058016032064128	18820.0
12.851000000000001	19370.0
13.177223000000001	20800.0
12.93802	20000.0
13.080256	20410.0
13.146755000000001	21520.0
12.929684	21430.0
13.16961	21670.0
13.060983999999999	23010.0
13.113065000000001	24010.0
13.202173	24480.0
13.062199999999999	25390.0
13.159239999999999	25710.0
13.196225	25710.0
13.147233	27970.0
13.261550000000002	28480.0
13.194088000000001	29410.0
13.138645	28540.0
13.331115884115883	29380.0
13.176486486486485	32100.0
13.318083999999999	33490.0
13.323	33010.0
13.112874000000001	34240.0
13.439649999999999	36340.0
13.206410000000002	36060.0
13.345055	38100.0
13.406446000000001	38120.0
13.18788	39020.0
13.432495999999999	38770.0
13.322495	39790.0
13.370520000000001	41990.0
13.4541	42940.0
13.312868	43430.0
13.410685000000001	45210.0
13.443701000000001	44680.0
13.393820000000002	44120.0
13.504579420579422	47350.0
13.437807807807808	47620.0
13.386972999999999	48800.0
13.56934	47040.0
13.417186000000001	48650.0
13.55345	49940.0
13.564725999999999	51030.0
13.364559999999999	51480.0
13.685064000000001	53720.0
13.44872	53610.0
13.595857000000002	53790.0
13.651390000000001	52770.0
13.442290000000002	55520.0
13.686610000000002	55620.0
13.576238	55440.0
13.625999999999999	56930.0
13.708556	57170.0
13.570910000000001	57520.0
13.670634	56550.0
13.709231768231767	57300.0
13.663987987987987	58500.0
13.774145000000001	60150.0
13.714846	60610.0
13.664199999999999	59370.0
13.845623999999999	59070.0
13.711774999999999	60510.0
13.846505000000001	58700.0
13.865289999999998	58720.0
13.662602	60540.0
13.985809999999999	62460.0
13.763042000000002	62370.0
13.89348	63230.0
13.971298804780877	63970.0
13.749484939759038	65000.0
13.993920000000001	64840.0
13.893749999999999	65230.0
13.932876	65730.0
14.024988023952096	65630.0
13.888322645290581	65790.0
13.976320000000001	67660.0
14.013287999999999	70050.0
13.9681	67580.0
14.073440999999999	67900.0
14.01314	69930.0
13.954242000000001	70290.0
14.136300000000002	69870.0
14.001418000000001	69700.0
14.11904	71240.0
14.147492	71890.0
13.942815000000001	72960.0
14.24967	74110.0
14.1639	72420.0
14.012280000000001	75190.0
14.243754999999998	73730.0
14.081424999999999	73480.0
14.1982	73410.0
14.240507492507493	75150.0
14.121495495495497	75470.0
14.243791	72270.0
14.19919	74890.0
14.217532	72740.0
14.302605	75740.0
14.228945	72200.0
14.249779999999998	72190.0
14.313695999999998	75060.0
14.2317	75170.0
14.365107999999999	76110.0
14.332579999999998	76150.0
14.259499999999999	75840.0
14.432274999999999	76070.0
14.246051999999999	74290.0
14.424840000000001	76330.0
14.421031999999999	75850.0
14.293425000000001	73560.0
14.498376623376624	74310.0
14.328384384384385	74670.0
14.452796000000001	77920.0
14.483695000000001	75750.0
14.391918	75190.0
14.50746	75070.0
14.44524	76520.0
14.470130000000001	75570.0
14.548693999999999	78410.0
14.486419999999999	74640.0
14.518839999999999	77770.0
14.559000000000001	75000.0
14.480708	76430.0
14.611559999999999	76470.0
14.5718	77840.0
14.533665000000001	77030.0
14.67112	78910.0
14.483979999999999	77350.0
14.684573426573426	75560.0
14.652203796203798	76720.0
14.563933933933935	76130.0
14.743499999999999	75410.0
14.560371999999999	77570.0
14.703709999999999	76120.0
14.719747999999999	77710.0
14.64852	74660.0
14.756724	76190.0
14.676784999999999	74480.0
14.714409999999999	77030.0
14.788	74640.0
14.726711999999999	75850.0
14.771699999999999	74420.0
14.794749999999999	75290.0
14.7182	74590.0
14.864054000000001	75600.0
14.8072	75560.0
14.783923076923076	73540.0
14.914354354354355	74660.0
14.722171999999999	75200.0
14.938434999999998	74400.0
14.884171	73550.0
14.815600000000002	75100.0
14.990596000000002	73610.0
14.79283	75170.0
14.958557000000001	74430.0
14.954559999999999	74520.0
14.893856000000001	74570.0
15.007005000000001	74290.0
14.916281999999999	75510.0
14.963209999999998	75760.0
15.032328	74930.0
14.967974999999999	74780.0
15.018557000000001	74590.0
15.030339999999999	74230.0
14.957319999999999	73790.0
15.108507492507492	73720.0
15.040896896896896	73910.0
15.040529999999999	75670.0
15.154938	75010.0
14.956175000000002	76690.0
15.191958000000001	74680.0
15.109999999999999	74090.0
15.072872000000002	77200.0
15.23752	74900.0
15.031323	76310.0
15.20865	74730.0
15.187372	77250.0
15.13926	75500.0
15.247726	75380.0
15.14766	77540.0
15.201580000000002	77740.0
15.264075	76850.0
15.203213	76900.0
15.264322677322678	76790.0
15.268984984984986	75700.0
15.199780000000001	75090.0
15.348725999999999	75470.0
15.270239999999999	78230.0
15.285791999999999	78060.0
15.389865	75700.0
15.191965999999999	78340.0
15.437150000000001	76690.0
15.325994	76280.0
15.323135000000001	75880.0
15.469934	78640.0
15.263120000000001	77260.0
15.452736	77290.0
15.410905000000001	77590.0
15.384867999999999	78390.0
15.489850000000001	78350.0
15.382390000000001	78020.0
15.446425000000001	78040.0
15.496558441558442	77140.0
15.441233233233232	77840.0
15.513664	78390.0
15.502210000000002	78890.0
15.439349	78620.0
15.584720000000001	78500.0
15.495839999999999	81760.0
15.539664999999999	82560.0
15.621838	80790.0
15.4391	83350.0
15.676031999999999	85070.0
15.549144999999999	85060.0
15.576753	83160.0
15.699029999999999	86260.0
15.507568000000001	87940.0
15.690160000000001	89170.0
15.637756	90770.0
15.632199999999999	89730.0
15.72717365269461	91190.0
15.665998997995992	93110.0
15.671509	93960.0
15.7369	94830.0
15.691231999999999	94810.0
15.707909999999998	97720.0
15.751079999999998	100000.0
15.69618	99080.0
15.786716	99870.0
15.776811188811189	101350.0
15.730138138138139	101830.0
15.846450000000001	102480.0
15.726260000000002	105150.0
15.843605	108970.0
15.853292999999999	106790.0
15.75704	108770.0
15.909864000000001	108280.0
15.792654999999998	110650.0
15.878210000000001	109950.0
15.906615384615385	111680.0
15.843766766766766	113960.0
15.926325	111770.0
15.884577	113190.0
15.90788	115320.0
15.961808	112590.0
15.919229999999999	112200.0
15.945171999999999	113070.0
15.97255	115450.0
15.928958	114810.0
16.02346	117780.0
15.996475	116620.0
15.970400000000001	116430.0
16.068135999999999	117230.0
15.951379999999999	117170.0
16.089404000000002	120620.0
16.062390000000001	118170.0
16.004317999999998	117710.0
16.135456543456542	119510.0
16.013635635635634	118720.0
16.12256	116610.0
16.123207999999998	118230.0
16.083824999999997	118660.0
16.162717999999998	119240.0
16.10331	117580.0
16.141358	119330.0
16.190065000000001	117040.0
16.149084999999999	119230.0
16.187160000000002	118220.0
16.201888	117160.0
16.163685000000001	116920.0
16.260071	115300.0
16.213756243756244	118750.0
16.220954954954955	115520.0
16.299045000000003	116510.0
16.181832	118430.0
16.335223776223774	113510.0
16.275878878878878	112700.0
16.265385385385386	113130.0
16.374123000000001	113700.0
16.242190000000001	111950.0
16.366493999999999	112800.0
16.34685	112450.0
16.328365000000002	112680.0
16.405200000000001	110850.0
16.338984	111310.0
16.386054999999999	110030.0
16.423335999999999	105910.0
16.39049	107380.0
16.439177999999998	109490.0
16.436405000000001	109020.0
16.400765999999997	104870.0
16.496299999999998	105230.0
16.448755999999999	104970.0
16.473322677322678	105590.0
16.534546546546544	102780.0
16.41713	104000.0
16.575163999999997	102870.0
16.502134999999999	97810.0
16.510702999999999	100200.0
16.605545454545453	100940.0
16.474858299595141	100550.0
16.604150000000001	98950.0
16.580055999999999	95400.0
16.572759999999999	97540.0
16.643518	96450.0
16.578479999999999	95300.0
16.626312000000002	96040.0
16.6585	91610.0
16.634332000000001	94190.0
16.685939999999999	93840.0
16.678243999999999	89870.0
16.65025	86380.0
16.741674325674325	86690.0
16.695339339339341	85190.0
16.729837	84930.0
16.778479999999998	84990.0
16.674279601990051	86170.0
16.823718592964823	83100.0
16.757374000000002	82550.0
16.77834	81780.0
16.851838000000001	81760.0
16.745124999999998	79720.0
16.859666000000001	78350.0
16.833959999999998	77960.0
16.838764000000001	78810.0
16.892533466533468	76180.0
16.840786786786786	76120.0
16.88514	76520.0
16.908685999999999	76240.0
16.889880000000002	74320.0
16.932365634365635	72510.0
16.92806306306306	73360.0
16.914279999999998	72760.0
16.982125	71660.0
16.939509000000001	72650.0
16.979179999999999	71930.0
17.008475999999998	69780.0
16.9391	70930.0
17.058176	69800.0
16.99184	70490.0
17.031824	69340.0
17.081099999999999	69080.0
17.000807999999999	67750.0
17.10022	66710.0
17.061222000000001	67690.0
17.080015	68420.0
17.126663000000001	65380.0
17.083759999999998	64750.0
17.129736000000001	66950.0
17.140988011988014	65210.0
17.132307307307308	64690.0
17.178900000000002	63060.0
17.169438	62280.0
17.161825	61890.0
17.225562	60910.0
17.19472	61020.0
17.195623999999999	60930.0
17.258510000000001	62130.0
17.183338000000003	61930.0
17.282109999999999	59200.0
17.256450000000001	58100.0
17.232624999999999	60330.0
17.327481000000002	59060.0
17.23996	57350.0
17.328503999999999	58020.0
17.326235	57430.0
17.306733999999999	56400.0
17.371620379620378	57480.0
17.331777777777777	55560.0
17.366375000000001	57690.0
17.401137000000002	53850.0
17.373543369890331	54690.0
17.408988966900704	54010.0
17.425449999999998	54010.0
17.405695999999999	53110.0
17.477149999999998	54320.0
17.449331999999998	54820.0
17.459425	51480.0
17.516798999999999	51370.0
17.444559999999999	53310.0
17.542632000000001	53210.0
17.524549999999998	51770.0
17.507414000000001	52380.0
17.587910000000001	52430.0
17.507563999999999	49590.0
17.587015000000001	50870.0
17.584558441558443	51170.0
17.567164164164165	51260.0
17.623203999999998	47600.0
17.589369999999999	49350.0
17.619281999999998	49110.0
17.648800000000001	47080.0
17.630972	48780.0
17.662675	47460.0
17.670742000000001	50100.0
17.652799999999999	45420.0
17.714071999999998	47330.0
17.696495000000002	47910.0
17.703096000000002	44910.0
17.75619	44820.0
17.691687999999999	47430.0
17.781575	45370.0
17.763514000000001	44460.0
17.746359999999999	44940.0
17.829796203796203	45030.0
17.754590590590592	44330.0
17.830211000000002	44580.0
17.831990000000001	42940.0
17.81316	44060.0
17.870550000000001	45070.0
17.840417000000002	44120.0
17.869	43690.0
17.901271999999999	42810.0
17.882928286852589	42170.0
17.914121242484971	43300.0
17.930432865731465	42980.0
17.912666000000002	42970.0
17.968534999999999	41510.0
17.955126	41700.0
17.958359999999999	41710.0
18.01238	39940.0
17.953875	42010.0
18.035999999999998	41930.0
18.023361361361363	40560.0
18.002396396396396	39310.0
18.08802	40810.0
18.018605000000001	39560.0
18.087119999999999	40740.0
18.092496000000001	40270.0
18.075845000000001	38890.0
18.131639	39620.0
18.10275	38480.0
18.133801999999999	38730.0
18.165675	38030.0
18.149366999999998	37820.0
18.179559999999999	37720.0
18.191804000000001	36570.0
18.178405000000001	36350.0
18.236196	37620.0
18.223140000000001	37980.0
18.227964035964035	36340.0
18.277414414414416	36000.0
18.224430000000002	36460.0
18.302199999999999	35830.0
18.292392	35800.0
18.274285000000003	34280.0
18.355519000000001	35670.0
18.2898	35050.0
18.360147999999999	35220.0
18.370234765234766	36020.0
18.351824824824824	34550.0
18.408300000000001	35430.0
18.381536000000001	35120.0
18.411080000000002	34410.0
18.445101000000001	33710.0
18.431799999999999	35700.0
18.462194	33540.0
18.47663	34230.0
18.463663	32730.0
18.518081918081919	32950.0
18.50748948948949	32410.0
18.509349999999998	32530.0
18.562548	32560.0
18.511569999999999	32340.0
18.58859	32820.0
18.583159999999999	32240.0
18.560312	31390.0
18.637080000000001	33680.0
18.581344000000001	32000.0
18.6416	32500.0
18.651609000000001	30950.0
18.639000000000003	30690.0
18.687650000000001	32310.0
18.664804999999998	31100.0
18.68956	31340.0
18.71932	31070.0
18.705711999999998	30300.0
18.728840159840157	29530.0
18.745264264264264	31550.0
18.73753	30080.0
18.780355999999998	29600.0
18.7746	31780.0
18.780479	29190.0
18.827759999999998	29950.0
18.78256	30390.0
18.854890000000001	29170.0
18.883779999999998	28600.0
18.826599999999999	29960.0
18.897592	27990.0
18.888574999999999	27590.0
18.898011	27060.0
18.940799999999999	28590.0
18.917159999999999	26900.0
18.955349999999999	26770.0
18.968772999999999	27250.0
18.972922077922078	27730.0
19.003831831831832	26450.0
19.000310000000002	26970.0
19.009755999999999	27890.0
19.043479999999999	25640.0
19.042975999999999	25580.0
19.062299999999997	26270.0
19.080088999999997	27020.0
19.06418	25410.0
19.114272	26350.0
19.111675000000002	26100.0
19.120089	25860.0
19.161560000000001	24910.0
19.127288	24590.0
19.179919999999999	25440.0
19.178515000000001	24930.0
19.18225	24570.0
19.223099999999999	23960.0
19.2028	23440.0
19.23890909090909	23190.0
19.255361361361363	23620.0
19.258284	23700.0
19.289249999999999	23330.0
19.290320000000001	23240.0
19.301080000000002	22450.0
19.332046000000002	22850.0
19.331	22330.0
19.351042	22110.0
19.371919999999999	22950.0
19.359456000000002	22790.0
19.40326	22070.0
19.40137	21770.0
19.413599999999999	20990.0
19.448665342601785	21750.0
19.418381330685204	21510.0
19.466588469184888	21580.0
19.464607902735562	20660.0
19.474213786213785	20010.0
19.506582582582581	19730.0
19.489019000000003	20110.0
19.52431	19960.0
19.538709741550697	20040.0
19.545577464788732	21060.0
19.57368	19280.0
19.573840000000001	19350.0
19.587264000000001	19760.0
19.616175000000002	18180.0
19.617409000000002	18040.0
19.64021	19500.0
19.65654	19990.0
19.648160000000001	19130.0
19.689878	18170.0
19.687239999999999	18060.0
19.704036000000002	18910.0
19.732740000000003	18010.0
19.706084000000001	17670.0
19.758197802197802	17020.0
19.754686686686689	17310.0
19.766824999999997	17150.0
19.793209999999998	18730.0
19.780759999999997	17850.0
19.813448000000001	17130.0
19.82368	16750.0
19.832106	17600.0
19.861799999999999	17340.0
19.862818000000001	17010.0
19.87745	17440.0
19.904449	17310.0
19.905739999999998	17630.0
19.931288000000002	16230.0
19.945734999999999	17580.0
19.939457000000001	17020.0
19.982770000000002	16610.0
19.972404595404598	16060.0
19.995916916916915	16440.0
20.023013000000002	16520.0
20.003	17060.0
20.052454545454545	16960.0
20.03780680680681	17320.0
20.060853000000002	16450.0
20.084440000000001	17310.0
20.076045999999998	16140.0
20.110610000000001	16790.0
20.115328000000002	16320.0
20.126740000000002	16440.0
20.149584000000001	15770.0
20.147974999999999	15690.0
20.163281000000001	16640.0
20.182829999999999	16480.0
20.183078000000002	16500.0
20.208705000000002	15890.0
20.217399	15380.0
20.216584415584414	15730.0
20.261984984984984	15320.0
20.250220000000002	17120.0
20.283715999999998	16410.0
20.307750000000002	15480.0
20.284122	16610.0
20.342254999999998	16280.0
20.325953000000002	15890.0
20.354959999999998	16050.0
20.378675999999999	16040.0
20.369229999999998	14680.0
20.407302999999999	15990.0
20.409929999999999	15900.0
20.424769999999999	14610.0
20.450074999999998	15650.0
20.450568000000001	14970.0
20.470840000000003	15760.0
20.491928000000001	15030.0
20.492692307692309	15400.0
20.520735735735737	15560.0
20.53078	15400.0
20.531310000000001	15350.0
20.568905000000001	14800.0
20.557144999999998	14920.0
20.588999999999999	15680.0
20.606168	15940.0
20.591265	15870.0
20.641720999999997	15040.0
20.624890000000001	14650.0
20.650584000000002	14570.0
20.672114999999998	14710.0
20.665261999999998	15130.0
20.687919999999998	13370.0
20.710096	14810.0
20.714749999999999	15000.0
20.739964999999998	14640.0
20.751580000000001	14710.0
20.762816183816184	14120.0
20.790254254254254	15150.0
20.800999999999998	14350.0
20.814259999999997	13670.0
20.835912	14460.0
20.835799999999999	14260.0
20.868167	14370.0
20.877599999999997	14340.0
20.884876000000002	13840.0
20.918175000000002	14030.0
20.904259	13640.0
20.939519999999998	14010.0
20.951032000000001	14490.0
20.956325	13960.0
20.985595	13640.0
20.982759999999999	14060.0
21.005991999999999	13140.0
21.022749999999998	13090.0
21.029758241758241	13400.0
21.049966966966966	14210.0
21.057147999999998	13960.0
21.068490000000001	13020.0
21.089058999999999	13270.0
21.09573	13430.0
21.11026	12930.0
21.126459999999998	12730.0
21.127139	12820.0
21.156000000000002	13340.0
21.161368	13090.0
21.171939999999999	12490.0
21.196258999999998	13800.0
21.184380000000001	13500.0
21.220556000000002	13130.0
21.224745000000002	12060.0
21.234537	13040.0
21.257298701298701	12980.0
21.255054054054053	13100.0
21.27834965034965	13480.0
21.292736736736739	12590.0
21.301300000000001	12760.0
21.325952000000001	12520.0
21.335650000000001	13010.0
21.351941	13170.0
21.375319999999999	12870.0
21.38288	12830.0
21.402694999999998	12560.0
21.420030000000001	13750.0
21.423749999999998	13950.0
21.456202000000001	13650.0
21.460255	13070.0
21.481103000000001	12970.0
21.506340000000002	12420.0
21.496503999999998	13840.0
21.536529999999999	13490.0
21.542584999999999	14110.0
21.556036963036963	13780.0
21.583476476476477	13180.0
21.579700000000003	13300.0
21.608261000000002	14200.0
21.62068	13330.0
21.631744000000001	13640.0
21.654965000000001	13290.0
21.662167	13340.0
21.677600000000002	12980.0
21.698	12960.0
21.703135	13160.0
21.721409999999999	13430.0
21.7377	13730.0
21.740079999999999	13330.0
21.770205000000001	12490.0
21.773355000000002	14000.0
21.788970000000003	14120.0
21.812566	13990.0
21.806539460539462	13370.0
21.84077722277722	12680.0
21.843839839839841	14180.0
21.858824000000002	13400.0
21.881625	13800.0
21.880561	12740.0
21.905280000000001	12730.0
21.917045999999999	13390.0
21.92943	13610.0
21.951262	13430.0
21.956600000000002	13600.0
21.969712000000001	14500.0
21.989335000000001	14310.0
21.997748999999999	14560.0
22.018149999999999	14090.0
22.034886	14020.0
22.040965	13490.0
22.073414	13910.0
22.077877122877123	13460.0
22.096222222222224	13920.0
22.12135	13370.0
22.112713999999997	14710.0
22.152740000000001	14350.0
22.156766000000001	14160.0
22.174499999999998	13790.0
22.199328999999999	14400.0
22.196200000000001	13870.0
22.225475999999997	13970.0
22.239054999999997	14490.0
22.248918	14680.0
22.271699999999999	15420.0
22.280206	14620.0
22.295315000000002	14740.0
22.315341	14830.0
22.324200000000001	15400.0
22.344504000000001	14260.0
22.358644999999999	15190.0
22.361012987012987	14830.0
22.39020920920921	14790.0
22.393915999999997	15180.0
22.412105	15730.0
22.435665	14870.0
22.431720000000002	15590.0
22.465992	14710.0
22.467925000000001	14920.0
22.480277999999998	15930.0
22.505240000000001	16410.0
22.50609	15150.0
22.529254999999999	15560.0
22.539373999999999	16400.0
22.552160000000001	16400.0
22.573799999999999	15780.0
22.580729999999999	14810.0
22.594898000000001	16260.0
22.616499999999998	16720.0
22.624007992007993	16360.0
22.636567567567567	16280.0
22.653386000000001	17320.0
22.658239999999999	16390.0
22.680239999999998	17550.0
22.696660000000001	17450.0
22.702916251246261	17820.0
22.724933333333336	16610.0
22.724379899497489	17390.0
22.750240201005028	17190.0
22.765828485456368	17890.0
22.770495531281032	16520.0
22.791770392749246	17430.0
22.797569999999997	16750.0
22.816406593406594	18020.0
22.836104104104102	17000.0
22.843926	18170.0
22.861065	17730.0
22.874188	18190.0
22.888987012987013	17940.0
22.910577577577577	18410.0
22.922619999999998	18120.0
22.935352999999999	19170.0
22.95617	18240.0
22.968336000000001	18460.0
22.991795	20210.0
23.00367	18100.0
23.01512	20390.0
23.038575999999999	19020.0
23.04655	18750.0
23.067494	20220.0
23.08474	20080.0
23.095701999999999	20380.0
23.117875000000002	20910.0
23.122787000000002	20400.0
23.14002	21090.0
23.159147999999998	20160.0
23.168221778221778	21530.0
23.185511511511514	20930.0
23.199300000000001	21260.0
23.213044	21080.0
23.231279999999998	21490.0
23.242441999999997	20760.0
23.25572	21120.0
23.273935999999999	22450.0
23.282094999999998	21730.0
23.303122999999999	21670.0
23.319020000000002	21340.0
23.326928000000002	22690.0
23.348299999999998	22720.0
23.352648000000002	23300.0
23.375520000000002	24590.0
23.392775999999998	23130.0
23.400195	23630.0
23.424436	23990.0
23.43374	23990.0
23.451307692307694	24260.0
23.467420420420421	25680.0
23.477176	24660.0
23.4956	25080.0
23.508208	24550.0
23.522625000000001	25320.0
23.541855000000002	26370.0
23.552869999999999	26130.0
23.565687999999998	26000.0
23.583205	25300.0
23.592806	27240.0
23.609960000000001	26580.0
23.625892	26380.0
23.637875000000001	27770.0
23.658384615384616	29470.0
23.663638638638638	28850.0
23.684603603603602	28520.0
23.698090000000001	29170.0
23.707861138861137	28940.0
23.728316316316317	30650.0
23.738336	29850.0
23.755644999999998	31100.0
23.772152000000002	30790.0
23.781549999999999	31240.0
23.798448	31070.0
23.811885	33240.0
23.826661000000001	33300.0
23.84628	33180.0
23.858884	32220.0
23.872855000000001	34610.0
23.891902000000002	34270.0
23.901400000000002	34780.0
23.920217999999998	35330.0
23.936574999999998	36510.0
23.947047999999999	36860.0
23.968720000000001	37910.0
23.977703296703297	38470.0
23.998648351648349	37430.0
24.01399099099099	38390.0
24.021229999999999	38570.0
24.043892	40070.0
24.054359999999999	39930.0
24.071687000000001	41140.0
24.087499999999999	41390.0
24.097216	41470.0
24.112704999999998	41350.0
24.126013	42730.0
24.1402	43260.0
24.158777999999998	43990.0
24.171904999999999	44780.0
24.185541999999998	46030.0
24.203600000000002	46850.0
24.213256000000001	46710.0
24.233599999999999	48050.0
24.247591408591408	48710.0
24.258357357357358	50190.0
24.28182	49250.0
24.291595000000001	51210.0
24.307779	52860.0
24.327740000000002	51980.0
24.335243999999999	52390.0
24.358815	55740.0
24.366985	55520.0
24.380749999999999	55950.0
24.397635999999999	58910.0
24.409549999999999	58360.0
24.428175	60930.0
24.440239999999999	60380.0
24.450703999999998	60340.0
24.467835000000001	60620.0
24.481336000000002	63810.0
24.493400000000001	64270.0
24.509219999999999	66220.0
24.521494505494505	68380.0
24.539619619619621	64970.0
24.553080000000001	69310.0
24.560639999999999	70300.0
24.579104999999998	70990.0
24.591481000000002	72490.0
24.603870000000001	73830.0
24.625665999999999	74340.0
24.629684999999998	76750.0
24.648634000000001	79360.0
24.664000000000001	78780.0
24.675272	81330.0
24.69492	81450.0
24.705285	80540.0
24.721029999999999	85520.0
24.738992	85920.0
24.751664999999999	86580.0
24.768208000000001	90150.0
24.783517482517482	91640.0
24.795541541541539	92420.0
24.813575	95900.0
24.824324000000001	99200.0
24.838979999999999	96920.0
24.859726546906188	100310.0
24.86606513026052	102500.0
24.887131	102160.0
24.8994	104000.0
24.908919999999998	105620.0
24.929790000000001	109730.0
24.935485	110330.0
24.9496	112070.0
24.962426000000001	114820.0
24.973305	115160.0
24.991554000000001	120570.0
25.001300000000001	118120.0
25.013404000000001	123420.0
25.027909999999999	122490.0
25.039681318681318	125510.0
25.054858858858861	130680.0
25.068531999999998	130890.0
25.080624999999998	130640.0
25.099578000000001	133870.0
25.111240000000002	138880.0
25.122568000000001	139480.0
25.142664999999997	146110.0
25.152328999999998	146100.0
25.168800000000001	149210.0
25.187462	151610.0
25.197945000000001	157710.0
25.216940000000001	157500.0
25.225200000000001	163990.0
25.245595999999999	162570.0
25.260270000000002	168520.0
25.272084	175090.0
25.292750000000002	179070.0
25.305290709290709	181070.0
25.321521521521522	189130.0
25.337938000000001	190580.0
25.350240000000003	196090.0
25.368272000000001	198300.0
25.385825000000001	204760.0
25.397786	208260.0
25.41329	210900.0
25.425948000000002	217260.0
25.442345	221400.0
25.464683000000001	224760.0
25.474520000000002	230680.0
25.491471999999998	236000.0
25.506405000000001	242980.0
25.514973000000001	245920.0
25.53875	251170.0
25.544510000000002	257120.0
25.558679999999999	261590.0
25.573105000000002	268160.0
25.58511088911089	274710.0
25.604369369369369	280240.0
25.616320000000002	290050.0
25.631957	292840.0
25.647410000000001	300320.0
25.659264	303260.0
25.675450000000001	308100.0
25.690415999999999	318290.0
25.70298	323130.0
25.720980000000001	332070.0
25.73499	338380.0
25.750451000000002	349040.0
25.76914	357200.0
25.776698	364050.0
25.794425	373000.0
25.808564000000001	379080.0
25.82	387890.0
25.837136000000001	398650.0
25.850657342657342	409270.0
25.866566566566565	413830.0
25.881960000000003	422030.0
25.894905999999999	435680.0
25.91516	444760.0
25.926669	451370.0
25.941400000000002	465870.0
25.95758	475800.0
25.972925	486590.0
25.991016999999999	496820.0
26.006730000000001	510530.0
26.018730000000001	518530.0
26.033694999999998	536550.0
26.048444	543020.0
26.06156	555840.0
26.077728	565640.0
26.087610000000002	582570.0
26.104358000000001	597350.0
26.117549450549451	603750.0
26.128021	625660.0
26.148033999999999	630890.0
26.156255255255257	643190.0
26.17248	662800.0
26.187180000000001	677800.0
26.198415000000001	686970.0
26.217490999999999	706000.0
26.230029999999999	722010.0
26.244196000000002	730330.0
26.259050000000002	746630.0
26.271324	761340.0
26.287559999999999	780510.0
26.302023999999999	802930.0
26.313314999999999	812920.0
26.329718	824310.0
26.342769999999998	845270.0
26.356114000000002	861570.0
26.371142857142857	875470.0
26.383069069069069	896150.0
26.402200000000001	914180.0
26.413727999999999	934920.0
26.427099999999999	951470.0
26.44614	977090.0
26.454279999999997	995540.0
26.471378000000001	1008630.0
26.485409999999998	1034620.0
26.497971	1048170.0
26.5154	1073220.0
26.528392	1096330.0
26.543875	1125560.0
26.559654999999999	1142390.0
26.572890000000001	1166100.0
26.588158	1188960.0
26.604089999999999	1206560.0
26.618192000000001	1237300.0
26.63344	1262740.0
26.648375624375621	1286610.0
26.66364064064064	1317760.0
26.679970000000001	1341930.0
26.690549999999998	1372970.0
26.706937999999997	1388770.0
26.72466	1427170.0
26.736153999999999	1455050.0
26.75712	1490240.0
26.768944000000001	1513880.0
26.786435000000001	1540510.0
26.802071999999999	1572380.0
26.815000000000001	1606940.0
26.831712712712712	1640570.0
26.84375	1688050.0
26.857032	1713020.0
26.872859999999999	1750460.0
26.886384	1782220.0
26.901215000000001	1812310.0
26.916675324675325	1854080.0
26.930230230230229	1885450.0
26.944104000000003	1920940.0
26.956130000000002	1955630.0
26.971187	2005570.0
26.9894	2043190.0
27.001431999999998	2087240.0
27.016680000000001	2127000.0
27.031569999999999	2177680.0
27.04121	2228860.0
27.061202000000002	2275210.0
27.073895	2309930.0
27.091473000000001	2353410.0
27.103840000000002	2403830.0
27.116808000000002	2449220.0
27.135950000000001	2495280.0
27.149446999999999	2544730.0
27.164339999999999	2587770.0
27.180884115884115	2632300.0
27.194414414414414	2691150.0
27.208766000000001	2727130.0
27.224160000000001	2771770.0
27.238271999999998	2840870.0
27.253175000000002	2905380.0
27.267158000000002	2944830.0
27.282	2981480.0
27.298414000000001	3046500.0
27.307254999999998	3102010.0
27.326926	3151330.0
27.343779999999999	3210030.0
27.356264000000003	3267150.0
27.377230000000001	3334820.0
27.386253	3368120.0
27.401789999999998	3427390.0
27.417974000000001	3482310.0
27.431849999999997	3540170.0
27.448086	3604630.0
27.460472527472525	3653120.0
27.476632632632633	3709710.0
27.493359999999999	3770720.0
27.508054999999999	3825250.0
27.524799999999999	3893170.0
27.540740259740257	3948630.0
27.554704704704704	3995360.0
27.570551999999999	4072540.0
27.5852	4126770.0
27.60004	4183790.0
27.617460000000001	4248450.0
27.629983000000003	4315450.0
27.647870000000001	4358720.0
27.663743999999998	4416800.0
27.675284999999999	4475580.0
27.693373000000001	4522300.0
27.705960000000001	4573580.0
27.722696000000003	4631360.0
27.736538461538458	4681440.0
27.749874874874873	4715900.0
27.767600000000002	4774750.0
27.779138	4841900.0
27.792794999999998	4884520.0
27.808391999999998	4921160.0
27.824179999999998	4972580.0
27.839380000000002	5039290.0
27.852340000000002	5046550.0
27.864955000000002	5109760.0
27.880650000000003	5160060.0
27.896922077922078	5192940.0
27.909813813813813	5235940.0
27.923898000000001	5280190.0
27.937880000000003	5325720.0
27.954792000000001	5325660.0
27.969910000000002	5373330.0
27.983288999999996	5429870.0
27.999490000000002	5451120.0
28.011974025974023	5487250.0
28.026123123123121	5524860.0
28.042885999999999	5555350.0
28.056139999999999	5583110.0
28.071444	5650110.0
28.084220000000002	5706200.0
28.098828999999999	5701950.0
28.113259999999997	5722670.0
28.126045999999999	5785840.0
28.141404999999999	5824980.0
28.155917000000002	5822960.0
28.169599999999999	5867740.0
28.186279999999996	5924270.0
28.20027	5960100.0
28.213855000000002	5974390.0
28.22794	6017250.0
28.242239999999999	6051420.0
28.260493506493507	6071230.0
28.272989010989008	6097450.0
28.287270541082162	6142710.0
28.301579158316631	6146980.0
28.314950000000003	6155410.0
28.332663	6186490.0
28.345790000000001	6217190.0
28.360511999999996	6190460.0
28.375024999999997	6218210.0
28.388618000000001	6229040.0
28.401959999999999	6185310.0
28.417064	6161890.0
28.430540000000001	6185510.0
28.444946000000002	6158390.0
28.461199999999998	6121070.0
28.476834	6120050.0
28.491970000000002	6122830.0
28.504991	6091660.0
28.518940000000004	6064910.0
28.535541458541459	6066820.0
28.547462462462466	6029760.0
28.561989000000001	5971690.0
28.577839999999998	5956140.0
28.589417999999998	5926500.0
28.607524999999995	5886340.0
28.620978000000001	5836050.0
28.635200000000001	5826450.0
28.652808	5786500.0
28.666204999999998	5746320.0
28.683002999999999	5726610.0
28.696982999999999	5751940.0
28.710660000000001	5692950.0
28.726746000000002	5675880.0
28.741150000000001	5695370.0
28.755032	5663950.0
28.77028	5633070.0
28.785105000000001	5624340.0
28.799394605394603	5643700.0
28.814603603603601	5580580.0
28.831769999999999	5563570.0
28.848037999999999	5572140.0
28.861890000000002	5541290.0
28.878195999999999	5492710.0
28.894974999999999	5498150.0
28.907485999999995	5505270.0
28.924639999999997	5438520.0
28.939912000000003	5421230.0
28.955159999999999	5428510.0
28.970392	5402410.0
28.984059999999999	5339740.0
28.999613999999998	5319880.0
29.013035000000002	5319990.0
29.026057999999999	5257020.0
29.0412	5219160.0
29.056280000000001	5209950.0
29.072090000000003	5177760.0
29.087848151848153	5137720.0
29.101725999999999	5138380.0
29.115781781781781	5100440.0
29.130724999999998	5061360.0
29.145538999999999	5026740.0
29.161519999999999	5024660.0
29.176407999999999	4970350.0
29.1905	4929530.0
29.209153846153846	4911970.0
29.223435435435434	4895120.0
29.237729729729729	4834320.0
29.250154999999999	4805060.0
29.26246222664016	4772930.0
29.277424547283704	4732170.0
29.293463999999997	4673540.0
29.30743	4663740.0
29.321455	4626580.0
29.336399999999998	4581230.0
29.352825174825174	4549770.0
29.367209209209207	4538080.0
29.381619000000001	4503520.0
29.397359999999999	4436440.0
29.412591999999997	4421360.0
29.42784	4397140.0
29.442755000000002	4344420.0
29.458400000000001	4312740.0
29.475663999999998	4302420.0
29.4878	4252650.0
29.503285999999999	4198230.0
29.519959999999998	4173640.0
29.531607999999999	4158080.0
29.549714999999996	4096720.0
29.561243999999999	4072050.0
29.575349999999997	4066420.0
29.59384	4017790.0
29.607334999999999	3962070.0
29.621951999999997	3947450.0
29.637888111888113	3943690.0
29.653426426426424	3883360.0
29.668074999999998	3860530.0
29.681241	3843070.0
29.697709999999997	3802560.0
29.714005999999998	3767490.0
29.726809999999997	3734780.0
29.741239	3725910.0
29.756800000000002	3675430.0
29.772168000000004	3661410.0
29.788925000000003	3635150.0
29.801655	3616450.0
29.816600000000001	3543420.0
29.835148000000004	3544350.0
29.848595	3533780.0
29.864779000000002	3489300.0
29.879100000000001	3463080.0
29.893380000000004	3433800.0
29.910194805194802	3387940.0
29.924155155155155	3328830.0
29.9405	3264990.0
29.956232	3222620.0
29.972135000000002	3059980.0
29.988319000000001	2859220.0
30.003959999999999	2621080.0
30.019192	2476160.0
30.034904999999998	2394290.0
30.050671999999999	2344580.0
30.065920000000002	2295590.0
30.080508000000002	2234660.0
30.094400000000004	2186450.0
30.109178	2149170.0
30.123059999999999	2117480.0
30.13898	2059870.0
30.15353	2040180.0
30.170666000000001	2020760.0
30.187820000000002	1960770.0
30.200233766233765	1932370.0
30.217108108108111	1913100.0
30.230857999999998	1874710.0
30.245800000000003	1841640.0
30.262536000000004	1827660.0
30.277574999999999	1797740.0
30.294483	1768540.0
30.310760000000002	1739870.0
30.325430000000001	1722140.0
30.340240000000001	1699570.0
30.355471999999999	1673820.0
30.371559999999999	1645980.0
30.387951999999999	1645460.0
30.402225000000001	1598980.0
30.415986	1584080.0
30.432220000000001	1580350.0
30.446093999999999	1562450.0
30.462427572427572	1531120.0
30.478860860860863	1518370.0
30.488679999999999	1504810.0
30.504864000000001	1478030.0
30.521065	1470130.0
30.534558000000001	1459000.0
30.548750000000002	1446050.0
30.563832000000001	1422510.0
30.579079999999998	1403610.0
30.593605	1417040.0
30.608559999999997	1384440.0
30.623179999999998	1358150.0
30.63691	1367080.0
30.651788999999997	1354930.0
30.667049999999996	1336550.0
30.681751999999999	1324340.0
30.697000000000003	1321560.0
30.711577999999999	1300440.0
30.724919999999997	1289540.0
30.738708291708292	1284520.0
30.753946946946947	1276940.0
30.769055000000002	1264110.0
30.783259999999999	1257070.0
30.796672000000001	1253230.0
30.811919999999997	1228620.0
30.825258000000002	1223100.0
30.840399999999999	1224930.0
30.854779999999998	1218860.0
30.869879999999998	1194380.0
30.885112000000003	1179740.0
30.89894	1205370.0
30.914242757242757	1179930.0
30.92921921921922	1169150.0
30.943505000000002	1166440.0
30.959360000000004	1159370.0
30.974608	1141920.0
30.986675000000002	1135250.0
31.000524950099802	1128750.0
31.017272545090179	1117300.0
31.030794000000004	1100730.0
31.046994999999999	1113320.0
31.062414101290965	1098660.0
31.075276938569992	1076930.0
31.091012000000003	1078340.0
31.10181	1074020.0
31.118946000000001	1068930.0
31.136099999999999	1058470.0
31.148726	1056860.0
31.164535000000001	1052040.0
31.178297999999998	1043120.0
31.194679999999998	1037650.0
31.210392000000002	1040380.0
31.224989999999998	1027590.0
31.239284999999999	1014920.0
31.253007999999998	1025040.0
31.269500000000001	1014020.0
31.285671328671331	998160.0
31.299012012012014	1009210.0
31.313876000000004	1005680.0
31.330360000000002	992790.0
31.345305	986520.0
31.359840000000002	990270.0
31.374687999999999	992160.0
31.388320000000004	978840.0
31.403843000000002	978170.0
31.421849999999999	983610.0
31.438032000000003	967990.0
31.453279999999999	960850.0
31.469418999999998	964120.0
31.484760000000001	975280.0
31.499180000000003	956360.0
31.515004999999999	964790.0
31.531189000000001	956090.0
31.544709999999998	951580.0
31.562048951048951	955100.0
31.575745745745746	951500.0
31.589485999999997	954430.0
31.60472	945790.0
31.620208000000002	940770.0
31.636775	952220.0
31.651729	939090.0
31.667059999999999	929450.0
31.681114000000001	935830.0
31.697120000000002	936250.0
31.712645999999999	925180.0
31.729600000000001	914070.0
31.744779999999999	927280.0
31.759095000000002	921550.0
31.777182999999997	914970.0
31.789829999999998	918020.0
31.806515999999998	921320.0
31.821224999999998	901140.0
31.837039000000001	910950.0
31.852508491508491	909770.0
31.86909009009009	907000.0
31.884999999999998	900200.0
31.899077999999999	902360.0
31.91348	903690.0
31.928711999999997	890430.0
31.943960000000001	893790.0
31.959579000000002	894470.0
31.975439999999999	882720.0
31.990963999999998	875540.0
32.006430000000002	884730.0
32.020940000000003	882360.0
32.039549999999998	871870.0
32.055530000000005	867740.0
32.069935000000001	872480.0
32.086104999999996	866650.0
32.1004	855620.0
32.115591999999999	861900.0
32.12823376623377	860490.0
32.143885885885886	843500.0
32.161629999999995	851120.0
32.177540459540459	852970.0
32.19346946946947	845240.0
32.20902197802198	840780.0
32.22369369369369	844100.0
32.238512	838290.0
32.254244999999997	834880.0
32.269992000000002	828970.0
32.285240000000002	832610.0
32.300471999999999	828480.0
32.316015	829660.0
32.331952000000001	831210.0
32.3474	822370.0
32.363279999999996	814490.0
32.377575	810280.0
32.392026000000001	813990.0
32.409149850149852	808400.0
32.423415584415586	804620.0
32.438638638638636	812650.0
32.453004999999997	803970.0
32.468940000000003	800940.0
32.482807999999999	795940.0
32.499049999999997	803250.0
32.512801000000003	791980.0
32.527709999999999	788300.0
32.543894000000002	791520.0
32.558460159362546	788070.0
32.573728915662649	778670.0
32.589599999999997	784280.0
32.603487999999999	787790.0
32.617865000000002	775330.0
32.634048999999997	770720.0
32.649749999999997	774510.0
32.664030000000004	768770.0
32.678787212787213	764280.0
32.695802	759840.0
32.711885885885884	771250.0
32.726143999999998	755270.0
32.737580000000001	749930.0
32.754505999999999	754860.0
32.769919999999999	757260.0
32.784329999999997	740960.0
32.797850000000004	739620.0
32.814813000000001	745420.0
32.82884	736400.0
32.843111999999998	736310.0
32.857774999999997	732010.0
32.872054999999996	731090.0
32.886839999999999	716780.0
32.901188000000005	718440.0
32.916505000000001	725720.0
32.932857999999996	711780.0
32.947400000000002	708360.0
32.963020979020982	711190.0
32.975471471471472	712200.0
32.991825999999996	704180.0
33.008759999999995	710230.0
33.023992	715910.0
33.039255000000004	705770.0
33.055439	703280.0
33.069800000000001	708020.0
33.082336000000005	703310.0
33.095550000000003	688130.0
33.110431999999996	690070.0
33.125680000000003	694530.0
33.140230000000003	681410.0
33.15643	688640.0
33.170631	683960.0
33.185720000000003	683090.0
33.200396000000005	680000.0
33.215454999999999	678480.0
33.231552447552446	679340.0
33.245589589589592	667160.0
33.260227999999998	665510.0
33.274335000000001	670100.0
33.290518999999996	667260.0
33.306240000000003	658400.0
33.319679999999998	657640.0
33.334105000000001	662990.0
33.350255000000004	650910.0
33.364550000000001	649220.0
33.377907999999998	647190.0
33.393875000000001	647330.0
33.410058999999997	637550.0
33.423140000000004	634110.0
33.436969030969031	636620.0
33.454009009009013	629670.0
33.469555	627090.0
33.483260000000001	622920.0
33.497129999999999	626890.0
33.512406593406595	614980.0
33.52903603603604	614680.0
33.544200000000004	616640.0
33.557279999999999	610220.0
33.572794999999999	605510.0
33.589598000000002	600580.0
33.602940000000004	598150.0
33.616267999999998	593130.0
33.629955000000002	591120.0
33.646273000000001	599830.0
33.664279999999998	585420.0
33.677607999999999	579230.0
33.690950000000001	587910.0
33.706909000000003	580280.0
33.723109999999998	567900.0
33.739294000000001	570780.0
33.752555000000001	577470.0
33.768366	565380.0
33.78359040959041	562730.0
33.796690690690689	557310.0
33.812354999999997	559680.0
33.827958000000002	550220.0
33.8431	546370.0
33.859431999999998	556380.0
33.87397	544110.0
33.888526000000006	546850.0
33.904640000000001	538240.0
33.91818	533060.0
33.932639999999999	527540.0
33.948222999999999	524910.0
33.9664	522440.0
33.985329999999998	521850.0
33.999625000000002	513190.0
34.012051	515500.0
34.025320000000001	511390.0
34.042808000000001	499000.0
34.056989999999999	501960.0
34.071043956043958	503170.0
34.086035035035039	495980.0
34.101272000000002	490340.0
34.115916083916083	493540.0
34.130198198198201	485890.0
34.144999999999996	474860.0
34.160684000000003	484850.0
34.176479999999998	482030.0
34.191355000000001	473950.0
34.205649999999999	464480.0
34.219929999999998	473300.0
34.234439999999999	469990.0
34.250172999999997	462630.0
34.268270916334657	463060.0
34.286092369477906	464110.0
34.301400000000001	456870.0
34.316631999999998	456920.0
34.331865134865133	454490.0
34.348858	455470.0
34.364357357357356	446950.0
34.379579420579425	442280.0
34.395575575575577	444220.0
34.411071999999997	439350.0
34.425674999999998	440690.0
34.441713858424727	443180.0
34.458326980942829	440280.0
34.473027999999999	436670.0
34.488189999999996	435870.0
34.504104999999996	435010.0
34.519480000000001	428580.0
34.535679999999999	422250.0
34.550240000000002	428640.0
34.565905999999998	424730.0
34.582889999999999	413320.0
34.59883	419790.0
34.613275000000002	420770.0
34.62945854145854	410910.0
34.645643356643355	404580.0
34.660910910910907	413540.0
34.677929999999996	406800.0
34.690880999999997	405460.0
34.708010000000002	410700.0
34.723872	401550.0
34.738424999999999	396620.0
34.752057999999998	393640.0
34.766600000000004	395570.0
34.782935999999999	395030.0
34.798575	388450.0
34.812854999999999	389990.0
34.827970000000001	390340.0
34.843792000000001	376480.0
34.858725	378140.0
34.873806000000002	384560.0
34.890300000000003	385580.0
34.904233766233766	374760.0
34.917110110110109	366210.0
34.933309000000001	374930.0
34.949480000000001	366800.0
34.964712000000006	369800.0
34.976219999999998	363950.0
34.992078999999997	364480.0
35.007439999999995	359960.0
35.023463999999997	360580.0
35.038919999999997	358780.0
35.052758000000004	356960.0
35.0687	352270.0
35.082826000000004	348540.0
35.097990000000003	350170.0
35.114618999999998	342800.0
35.128979999999999	344670.0
35.143416000000002	346830.0
35.160205000000005	338320.0
35.175433566433568	336100.0
35.18876976976977	337760.0
35.202329999999996	332980.0
35.216974999999998	331930.0
35.233286	331620.0
35.250120000000003	326930.0
35.263543999999996	327710.0
35.279744999999998	324800.0
35.294055	320160.0
35.307459999999999	320150.0
35.324998000000001	315860.0
35.339129999999997	316400.0
35.354699000000004	313220.0
35.370899999999999	310950.0
35.385128000000002	310010.0
35.399075000000003	307230.0
35.415026000000005	309210.0
35.429630000000003	307120.0
35.442467999999998	305580.0
35.45746253746254	304150.0
35.473861861861863	302480.0
35.48912	297210.0
35.504351999999997	293870.0
35.520049999999998	300040.0
35.536831999999997	291850.0
35.552079999999997	290440.0
35.567312000000001	289580.0
35.582525000000004	291760.0
35.596805000000003	284570.0
35.61204	285790.0
35.626379999999997	280320.0
35.642365000000005	279170.0
35.656954999999996	279460.0
35.672750000000001	280790.0
35.686827999999998	280150.0
35.704099999999997	271630.0
35.718890999999999	272980.0
35.734629370629371	273020.0
35.749649649649648	264540.0
35.76437	261810.0
35.780255000000004	263770.0
35.795290000000001	262470.0
35.811457627118642	259920.0
35.827347652347655	261240.0
35.841678678678676	260090.0
35.854195586760277	259140.0
35.870848000000002	258110.0
35.884444999999999	259250.0
35.900554999999997	252270.0
35.914850000000001	246810.0
35.931956	253420.0
35.946424999999998	247620.0
35.959858000000004	243820.0
35.976399999999998	247000.0
35.992784	248310.0
36.006164999999996	240580.0
36.022470529470532	239970.0
36.038144144144141	236140.0
36.053553999999998	236340.0
36.068210000000001	233340.0
36.082472000000003	232290.0
36.098140000000001	229260.0
36.113579999999999	231580.0
36.127549999999999	231870.0
36.142263	227020.0
36.159680000000002	227460.0
36.174729999999997	220880.0
36.188755	224140.0
36.201740000000001	222260.0
36.220599999999997	221380.0
36.234879999999997	217210.0
36.24823	217810.0
36.264249	216220.0
36.279599999999995	213940.0
36.293216783216785	210990.0
36.307321321321318	212000.0
36.322311999999997	206840.0
36.337560000000003	207080.0
36.352792000000001	206100.0
36.369170000000004	204580.0
36.385789000000003	201660.0
36.400579999999998	205390.0
36.41433	205150.0
36.429375	200480.0
36.444251000000001	196270.0
36.458320000000001	199690.0
36.475480000000005	199360.0
36.489405000000005	196550.0
36.502465999999998	198160.0
36.519350000000003	196660.0
36.533630000000002	193420.0
36.547924999999999	193590.0
36.562205000000006	191420.0
36.580082917082919	193710.0
36.593925925925923	192760.0
36.609684999999999	189910.0
36.624355000000001	190850.0
36.640070000000001	185560.0
36.655591999999999	184990.0
36.672070000000005	187250.0
36.687505000000002	180620.0
36.702831168831167	183050.0
36.719486486486488	181180.0
36.736224999999997	176160.0
36.752786	170670.0
36.768950000000004	173750.0
36.783230000000003	171360.0
36.798699999999997	166460.0
36.816243999999998	168150.0
36.828099999999999	164830.0
36.842838161838159	161570.0
36.861660660660661	158010.0
36.875954954954956	152700.0
36.891200000000005	153860.0
36.906432000000002	148110.0
36.921680000000002	145010.0
36.936912	143870.0
36.952919999999999	140260.0
36.969103999999994	134240.0
36.984639999999999	133930.0
36.999872000000003	129920.0
37.016829999999999	128900.0
37.031785999999997	124790.0
37.047024999999998	123260.0
37.063831999999998	121100.0
37.077939999999998	117220.0
37.092307999999996	112910.0
37.109845	114310.0
37.126029000000003	110700.0
37.142416583416583	107380.0
37.159117117117113	104380.0
37.173614999999998	102020.0
37.189751999999999	100950.0
37.204999999999998	96940.0
37.220231999999996	95060.0
37.234575	94420.0
37.251425999999995	89170.0
37.266960000000005	88980.0
37.285240000000002	87430.0
37.299295000000001	84850.0
37.313004999999997	83050.0
37.328539999999997	83760.0
37.345296000000005	78000.0
37.360349999999997	78270.0
37.375585999999998	75790.0
37.391449999999999	76380.0
37.405347999999996	75470.0
37.420358641358639	71570.0
37.43758058058058	71000.0
37.453559999999996	70200.0
37.470688000000003	66480.0
37.484319999999997	68720.0
37.500036999999999	67050.0
37.519649999999999	64380.0
37.532035999999998	62670.0
37.549189999999996	61470.0
37.562697999999997	59920.0
37.576900000000002	60030.0
37.592803999999994	59050.0
37.605944999999998	59760.0
37.621189000000001	58260.0
37.636049999999997	56950.0
37.649707999999997	56120.0
37.664200000000001	56620.0
37.679959000000004	53980.0
37.693760000000005	54820.0
37.705178821178826	53050.0
37.718534534534534	53130.0
37.733381000000001	54920.0
37.74606	54090.0
37.759630000000001	54120.0
37.774120000000003	53300.0
37.788909090909087	52950.0
37.801882882882879	51910.0
37.819624000000005	54130.0
37.831075000000006	52090.0
37.845354999999998	52560.0
37.859649999999995	53960.0
37.876515999999995	51540.0
37.891224999999999	53510.0
37.906271999999994	52270.0
37.920079999999999	53130.0
37.932063999999997	50360.0
37.947249999999997	52880.0
37.962646353646356	50540.0
37.978002002002	53770.0
37.992747999999999	52150.0
38.006525000000003	53070.0
38.021191999999999	52790.0
38.036439999999999	51910.0
38.051963999999998	54330.0
38.067185000000002	54930.0
38.079954999999998	54350.0
38.094697302697298	53970.0
38.11171871871872	53740.0
38.127715000000002	53030.0
38.140118999999999	53330.0
38.156319999999994	54360.0
38.170679999999997	56800.0
38.184109999999997	55860.0
38.199888999999999	54560.0
38.215319999999998	55330.0
38.229107999999997	55770.0
38.243746268656714	55690.0
38.259002010050253	57500.0
38.274279999999997	56940.0
38.288448000000002	55740.0
38.302759999999999	57120.0
38.318866	57020.0
38.334850000000003	57940.0
38.348446000000003	55490.0
38.361710578842313	55820.0
38.376927855711422	58380.0
38.392400000000002	57400.0
38.407823999999998	56100.0
38.419890000000002	58220.0
38.436968999999998	58260.0
38.453140000000005	56950.0
38.466467999999999	58880.0
38.481639999999999	58450.0
38.497739000000003	58070.0
38.512287712287716	58520.0
38.526576576576581	57730.0
38.543050000000001	58860.0
38.557477999999996	58230.0
38.570819999999998	60100.0
38.585894000000003	59920.0
38.602094999999998	60750.0
38.616330999999995	58520.0
38.629599999999996	58920.0
38.645447999999995	59830.0
38.661829999999995	58260.0
38.675454999999999	59920.0
38.690249999999999	60740.0
38.706030000000005	60410.0
38.720015000000004	60420.0
38.732711999999999	60690.0
38.748019999999997	63210.0
38.764180000000003	60680.0
38.778475	60530.0
38.79548951048951	60470.0
38.809178178178179	61040.0
38.825796000000004	60330.0
38.840625000000003	63640.0
38.853451	60310.0
38.86992	62920.0
38.884847999999998	62650.0
38.899944999999995	60930.0
38.915591999999997	63460.0
38.928879999999999	62250.0
38.943398000000002	62410.0
38.961109999999998	60610.0
38.976858	59690.0
38.990499999999997	62860.0
39.005283999999996	62090.0
39.021075000000003	62220.0
39.035668999999999	62150.0
39.051978021978016	61840.0
39.068976976976977	62780.0
39.08420979020979	62150.0
39.097524475524473	62080.0
39.111798798798802	61110.0
39.123463999999998	62030.0
39.143149999999999	61300.0
39.157100999999997	63180.0
39.170949999999998	61440.0
39.185912000000002	62490.0
39.199255000000001	59530.0
39.215739999999997	62170.0
39.231560000000002	59220.0
39.247347999999995	59640.0
39.262785000000001	59190.0
39.277543000000001	59230.0
39.294250000000005	61430.0
39.307926000000002	60260.0
39.321080000000002	60860.0
39.336308691308687	58890.0
39.351856287425143	59010.0
39.368858575727181	61380.0
39.385040000000004	60460.0
39.400254745254742	58460.0
39.414535464535462	61000.0
39.431594594594593	60430.0
39.446125000000002	59560.0
39.460405000000002	57930.0
39.477040000000002	58650.0
39.491980000000005	58220.0
39.509014999999998	57790.0
39.521369999999997	56930.0
39.535029999999999	58420.0
39.549588	55760.0
39.565899999999999	56460.0
39.582258000000003	58300.0
39.596400000000003	56960.0
39.611626373626372	56360.0
39.626564564564568	55620.0
39.642397000000003	56890.0
39.660730000000001	56210.0
39.673915999999998	55810.0
39.690725	56210.0
39.705072000000001	55770.0
39.720320000000001	55320.0
39.735551999999998	54960.0
39.750800000000005	52760.0
39.765155	53060.0
39.780280000000005	53300.0
39.796293999999996	53400.0
39.812494999999998	51880.0
39.826618000000003	50750.0
39.84252	50530.0
39.860839999999996	51160.0
39.875540000000001	50990.0
39.888951999999996	49670.0
39.904642357642359	48880.0
39.921225225225228	45420.0
39.938034999999999	46880.0
39.953604999999996	46730.0
39.968420000000002	46620.0
39.983967999999997	45370.0
39.997805	44970.0
40.014223000000001	44730.0
40.032049999999998	44000.0
40.046307999999996	42350.0
40.059650000000005	43630.0
40.077612999999999	40690.0
40.092199999999998	42140.0
40.107312	42210.0
40.124130000000001	40100.0
40.137580999999997	40440.0
40.154109999999996	39640.0
40.168987999999999	39590.0
40.184104895104895	37670.0
40.199744744744748	40150.0
40.214500000000001	38070.0
40.231492000000003	38290.0
40.247860000000003	36940.0
40.261068999999999	35990.0
40.276959999999995	35250.0
40.292453999999999	35060.0
40.308010000000003	35450.0
40.321839000000004	34960.0
40.337919999999997	33860.0
40.353079999999999	33090.0
40.367449999999998	33040.0
40.384585999999999	33750.0
40.398020000000002	32270.0
40.414876	32080.0
40.428689999999996	33390.0
40.445953000000003	30830.0
40.461100000000002	30580.0
40.475369630369627	31040.0
40.489621513944222	30590.0
40.506304522613064	28990.0
40.523350000000001	28830.0
40.537526	28070.0
40.551735000000001	28700.0
40.567104999999998	27640.0
40.581760000000003	28310.0
40.597304000000001	28520.0
40.613240000000005	28260.0
40.628906000000001	28350.0
40.645040000000002	26750.0
40.656952000000004	26950.0
40.672274999999999	25610.0
40.688405000000003	25510.0
40.7027	25200.0
40.719775999999996	26400.0
40.735999999999997	26350.0
40.753042084168335	25010.0
40.766267267267267	25000.0
40.78013	23140.0
40.793730000000004	24050.0
40.808999	24950.0
40.825800000000001	23830.0
40.840727999999999	23970.0
40.855584999999998	24480.0
40.870398000000002	23040.0
40.88579	23520.0
40.902068	22550.0
40.915725000000002	23810.0
40.930272000000002	22690.0
40.945959999999999	22130.0
40.962574850299404	22210.0
40.976969969969971	22160.0
40.992215999999999	21770.0
41.007464464464462	21550.0
41.022711711711715	22680.0
41.037010989010987	21800.0
41.052190190190188	20990.0
41.069120000000005	21300.0
41.083087999999996	20960.0
41.097919999999995	20950.0
41.113849000000002	21920.0
41.129389610389609	21420.0
41.144625625625629	21080.0
41.159325000000003	20160.0
41.174619	19640.0
41.190820000000002	20750.0
41.206180000000003	20020.0
41.220840000000003	19680.0
41.236706000000005	19900.0
41.253050000000002	19570.0
41.267774000000003	18490.0
41.283974999999998	19880.0
41.299903096903101	18670.0
41.31426526526527	17300.0
41.329480000000004	18990.0
41.343775000000001	19210.0
41.360866000000001	18510.0
41.379799999999996	17820.0
41.392103999999996	17910.0
41.407515000000004	17990.0
41.420710999999997	17110.0
41.4345	17530.0
41.451388000000001	17920.0
41.467679999999994	16700.0
41.481240999999997	17890.0
41.496690000000001	17430.0
41.513391999999996	16620.0
41.528224999999999	16930.0
41.543239	16610.0
41.558800000000005	17570.0
41.573624000000002	15920.0
41.58914685314685	16700.0
41.602818818818818	15830.0
41.618209999999998	15520.0
41.634230000000002	16060.0
41.648664335664336	15730.0
41.66673426573427	15360.0
41.68203903903904	15530.0
41.696379999999998	14760.0
41.712336327345312	15690.0
41.726152304609215	15450.0
41.7425	15830.0
41.756126000000002	15730.0
41.769170000000003	15570.0
41.784318999999996	15210.0
41.799399999999999	15400.0
41.814703999999999	14470.0
41.829974999999997	15220.0
41.844672000000003	14520.0
41.859544455544452	16200.0
41.873819819819822	14200.0
41.888399999999997	16500.0
41.903404999999999	14580.0
41.917519999999996	14380.0
41.931376	15490.0
41.948190000000004	15450.0
41.961591999999996	14700.0
41.976839999999996	14960.0
41.992072	15020.0
42.006425	14710.0
42.022399	14460.0
42.037799999999997	15150.0
42.053784	13910.0
42.067164999999996	14460.0
42.084139999999998	14220.0
42.100760000000001	14990.0
42.114305999999999	14250.0
42.128754999999998	14770.0
42.143991017964069	15550.0
42.159539078156314	14620.0
42.175952000000002	14920.0
42.190224999999998	14890.0
42.203708999999996	14760.0
42.220599999999997	14310.0
42.238729999999997	14030.0
42.253025000000001	14040.0
42.267479000000002	13610.0
42.283680000000004	13800.0
42.299863999999999	14600.0
42.31512	15040.0
42.331249	13910.0
42.346599999999995	13970.0
42.361832	13760.0
42.377834999999997	15020.0
42.393312000000002	13470.0
42.408560000000001	13780.0
42.425004995004997	13650.0
42.442162162162163	13870.0
42.458272000000001	14010.0
42.473520000000001	14100.0
42.487485999999997	13450.0
42.502124999999999	12880.0
42.518577999999998	13540.0
42.532759999999996	13130.0
42.548480000000005	13040.0
42.562405000000005	12660.0
42.575465999999999	12390.0
42.592710000000004	13180.0
42.610588	12860.0
42.623930000000001	12720.0
42.638205000000006	14120.0
42.655199999999994	13660.0
42.670631999999998	12760.0
42.686684999999997	12120.0
42.702869	12720.0
42.71763936063936	12120.0
42.731915000000001	12480.0
42.746219219219221	11680.0
42.760505000000002	12690.0
42.775840000000002	12120.0
42.791080000000001	12380.0
42.805374999999998	12660.0
42.820408999999998	11970.0
42.836939999999998	12160.0
42.852665999999999	11600.0
42.866230000000002	12270.0
42.882992000000002	12820.0
42.898224428997018	12700.0
42.913283987915406	11490.0
42.927765000000001	12220.0
42.943949000000003	12210.0
42.955400000000004	11990.0
42.972235999999995	11540.0
42.988520479520481	11560.0
43.003102102102105	12500.0
43.018920000000001	11520.0
43.034392000000004	11360.0
43.048974999999999	11520.0
43.064489000000002	11050.0
43.080689999999997	11630.0
43.095829999999999	11910.0
43.110125000000004	11450.0
43.125686000000002	11670.0
43.1417	11240.0
43.156312	12160.0
43.170990000000003	11530.0
43.185265999999999	11360.0
43.20203696303696	12130.0
43.217258258258262	11400.0
43.232615000000003	11870.0
43.248705000000001	11320.0
43.262999999999998	11980.0
43.279167832167836	10970.0
43.294478478478482	11320.0
43.311425999999997	11720.0
43.326149999999998	11310.0
43.341191999999999	10520.0
43.35501	10900.0
43.371673000000001	11150.0
43.387300000000003	10530.0
43.401007999999997	11200.0
43.415399999999998	11420.0
43.431108999999999	10830.0
43.44688	10560.0
43.462494	11550.0
43.478025000000002	10870.0
43.492305000000002	10920.0
43.507097000000002	11300.0
43.522910000000003	10460.0
43.537937062937061	10890.0
43.556486486486484	10580.0
43.570832000000003	10520.0
43.586084999999997	10390.0
43.602269	11330.0
43.61938	10790.0
43.635653999999995	10260.0
43.648595	10480.0
43.663271999999999	10500.0
43.67924	10920.0
43.695976237623761	10060.0
43.712560606060606	10880.0
43.727654999999999	10760.0
43.743009999999998	9910.0
43.757747999999999	10700.0
43.772394999999996	10640.0
43.788578999999999	9720.0
43.803419999999996	10480.0
43.817542457542459	10250.0
43.834663663663662	10950.0
43.849545999999997	9900.0
43.866099999999996	9570.0
43.879632000000001	10510.0
43.894934999999997	9930.0
43.911104999999999	10520.0
43.925400000000003	10440.0
43.943328000000001	10350.0
43.958855999999997	10070.0
43.973284999999997	9920.0
43.991440000000004	10110.0
44.006864135864141	9820.0
44.022503503503501	9280.0
44.03802985074627	10070.0
44.05443819095477	9670.0
44.071095	9270.0
44.087278999999995	9730.0
44.102599999999995	10050.0
44.117265734265736	9470.0
44.133198198198201	9380.0
44.149751999999999	9050.0
44.164749999999998	8970.0
44.179434000000001	8930.0
44.196100000000001	9340.0
44.214497999999999	8370.0
44.227953326713006	8460.0
44.243080080080084	9190.0
44.258343343343341	9210.0
44.27641348088531	9820.0
44.291049999999998	8800.0
44.305329999999998	9340.0
44.322724999999998	9310.0
44.340085999999999	8550.0
44.355199999999996	8870.0
44.370111999999999	9770.0
44.385359999999999	8580.0
44.401110778443112	8730.0
44.417801603206414	8950.0
44.433630000000001	8000.0
44.449505000000002	8420.0
44.465857999999997	8980.0
44.479799999999997	8730.0
44.495531468531468	8410.0
44.512267267267269	8530.0
44.527512000000002	7970.0
44.542759999999994	8290.0
44.557991999999999	8210.0
44.573239999999998	8480.0
44.588471999999996	8550.0
44.601880000000001	8700.0
44.619568000000001	8450.0
44.63355	8210.0
44.649986000000006	8620.0
44.662030000000001	7910.0
44.675911999999997	8450.0
44.691149850149849	8140.0
44.70521221221221	8100.0
44.718019999999996	8160.0
44.731872000000003	8100.0
44.746675000000003	8030.0
44.760155844155847	7640.0
44.772890890890892	8790.0
44.786831999999997	8730.0
44.801825000000001	7270.0
44.815481518481519	8210.0
44.82754654654655	8270.0
44.842903999999997	8220.0
44.858974999999994	8140.0
44.873272	8570.0
44.88852	8680.0
44.901907999999999	8780.0
44.918750000000003	8020.0
44.932577999999999	8740.0
44.949805194805194	7980.0
44.962780780780783	8550.0
44.976275000000001	8320.0
44.991191999999998	8390.0
45.00526	8410.0
45.020214000000003	8210.0
45.035424999999996	7800.0
45.050598999999998	8860.0
45.066800000000001	8930.0
45.081223999999999	7900.0
45.094185000000003	8760.0
45.109855000000003	8600.0
45.124990000000004	8620.0
45.142268000000001	8770.0
45.155610000000003	8820.0
45.169139000000001	8690.0
45.185300000000005	7850.0
45.199580000000005	8700.0
45.214800000000004	8910.0
45.230894105894102	8390.0
45.242957957957955	7940.0
45.260640000000002	9440.0
45.273820000000001	8870.0
45.287970059880237	8430.0
45.303867735470945	8200.0
45.318279720279719	8430.0
45.333257257257259	8730.0
45.347461000000003	9090.0
45.363	9540.0
45.379628000000004	9310.0
45.393324999999997	8810.0
45.407911999999996	8910.0
45.423159999999996	8750.0
45.438816000000003	8670.0
45.455640000000002	9300.0
45.470286999999999	9270.0
45.481188811188808	9140.0
45.497336336336339	8510.0
45.512599599599596	9690.0
45.525978000000002	9170.0
45.542839999999998	8930.0
45.557480000000005	9440.0
45.572560000000003	9030.0
45.587792	9750.0
45.601660000000003	8610.0
45.617556	9880.0
45.634115000000001	9950.0
45.647563999999996	9940.0
45.662999999999997	9170.0
45.680683999999999	9610.0
45.69567	8740.0
45.708998000000001	9480.0
45.723890000000004	8800.0
45.741191999999998	9440.0
45.756433133732536	9420.0
45.771642642642639	9100.0
45.786905905905904	9840.0
45.802224000000002	9030.0
45.818349999999995	9810.0
45.831678000000004	9360.0
45.848739999999999	8910.0
45.863230000000001	9800.0
45.877525000000006	9770.0
45.893378999999996	9440.0
45.908839999999998	9710.0
45.923379999999995	9730.0
45.939609999999995	9800.0
45.956138861138861	8480.0
45.970144144144143	9690.0
45.984534000000004	9420.0
46.001190000000001	9960.0
46.017918999999999	10110.0
46.033760000000001	9430.0
46.048363636363632	9860.0
46.062228228228228	9440.0
46.077688999999999	9690.0
46.093890000000002	9530.0
46.110073999999997	10180.0
46.126049999999999	9250.0
46.139459000000002	10640.0
46.155659999999997	10090.0
46.169048000000004	9870.0
46.185044999999995	9030.0
46.201228999999998	9420.0
46.215850000000003	9150.0
46.230871999999998	10060.0
46.244034999999997	9390.0
46.262233999999999	9830.0
46.277200000000001	10520.0
46.291384000000001	10100.0
46.307079999999999	9990.0
46.321807348560078	9650.0
46.337703219315891	10240.0
46.354059059059054	9340.0
46.368040000000001	10010.0
46.383538999999999	9670.0
46.399070787637086	9600.0
46.41305115346038	9420.0
46.430250000000001	8940.0
46.447154999999995	9560.0
46.461480000000002	9370.0
46.476711999999999	9630.0
46.490090000000002	10070.0
46.504305000000002	9980.0
46.521120000000003	10000.0
46.535879999999999	10020.0
46.552410000000002	9760.0
46.566033898305086	10640.0
46.580290258449303	10080.0
46.594833167825222	9850.0
46.610849746192891	10150.0
46.627104104104106	9460.0
46.64282	9920.0
46.658180000000002	9810.0
46.672840000000001	9940.0
46.687755000000003	9620.0
46.702860000000001	9220.0
46.719107999999999	9950.0
46.733149999999995	9520.0
46.749904999999998	9390.0
46.76444	9930.0
46.781447999999997	10570.0
46.794789999999999	9640.0
46.810928999999994	9270.0
46.826240000000006	9470.0
46.841472000000003	9430.0
46.856720000000003	8830.0
46.874940000000002	9280.0
46.889099999999999	10050.0
46.905375624375623	9680.0
46.920464464464466	8880.0
46.934355000000004	9940.0
46.950180000000003	9010.0
46.965006000000002	9840.0
46.979469999999999	8770.0
46.995505000000001	9370.0
47.011400000000002	8040.0
47.028535999999995	9030.0
47.041817365269459	8930.0
47.057805611222442	9440.0
47.07347	9080.0
47.091230000000003	8550.0
47.105525	9800.0
47.119804999999999	8770.0
47.133146853146854	9450.0
47.150038000000002	9320.0
47.166362362362356	9230.0
47.180146853146852	9650.0
47.195745745745747	8740.0
47.211232000000003	8650.0
47.227134999999997	8890.0
47.242711999999997	9030.0
47.257960000000004	8820.0
47.273703999999995	9070.0
47.289439999999999	8650.0
47.304672000000004	8950.0
47.32029	8880.0
47.335508000000004	8220.0
47.349125000000001	8580.0
47.363843625498006	8280.0
47.380534136546189	8620.0
47.398980000000002	8160.0
47.413105000000002	8530.0
47.425666	8270.0
47.442819999999998	8390.0
47.458072000000001	9010.0
47.475093906093903	8200.0
47.489702702702701	7760.0
47.504800000000003	8830.0
47.521536000000005	8390.0
47.537984999999999	8540.0
47.552855000000001	8320.0
47.567149999999998	8300.0
47.581992	8030.0
47.598269999999999	8080.0
47.61353146853147	8240.0
47.628968968968969	8700.0
47.644835999999998	7560.0
47.658200000000001	8390.0
47.673985999999999	7540.0
47.690219999999997	8300.0
47.704093999999998	8250.0
47.720295	7700.0
47.736216783216783	8250.0
47.749663663663668	7930.0
47.765863863863864	7930.0
47.781119999999994	7990.0
47.797249000000001	8260.0
47.811750000000004	8300.0
47.827634000000003	8600.0
47.843834999999999	8580.0
47.858604999999997	8030.0
47.874220000000001	8410.0
47.889792	7730.0
47.90504	8820.0
47.919238	8850.0
47.933990000000001	8360.0
47.950595999999997	8230.0
47.966999999999999	8440.0
47.982231999999996	8720.0
47.996639999999999	7600.0
48.010640000000002	8020.0
48.029141858141863	8650.0
48.044905905905907	8090.0
48.058350000000004	8420.0
48.072672000000004	8060.0
48.087920000000004	8270.0
48.106939999999994	9140.0
48.122399999999999	8280.0
48.135075999999998	8470.0
48.153099999999995	7490.0
48.166840999999998	8260.0
48.182069999999996	8940.0
48.196929999999995	7890.0
48.213684999999998	8100.0
48.228937999999999	8410.0
48.24436	8800.0
48.261023999999999	8520.0
48.276375000000002	8240.0
48.290278000000001	8380.0
48.304934065934063	7840.0
48.321219219219216	8810.0
48.33598305084746	7840.0
48.352321965897687	8450.0
48.36938	8350.0
48.385564000000002	8130.0
48.401540000000004	7860.0
48.412963999999995	7910.0
48.42915	8180.0
48.445334000000003	8010.0
48.459825000000002	8890.0
48.476526	8660.0
48.492919999999998	8030.0
48.509104000000001	8230.0
48.524640000000005	8030.0
48.540489000000001	8320.0
48.555549999999997	9000.0
48.570352	8600.0
48.585599999999999	8520.0
48.601251748251748	8410.0
48.616690690690689	8140.0
48.631644000000001	8140.0
48.648415	7810.0
48.665317999999999	7900.0
48.679610000000004	8030.0
48.696987999999997	8460.0
48.710710000000006	8240.0
48.727657342657338	8590.0
48.740986013986017	8050.0
48.757183183183187	7930.0
48.770669999999996	7830.0
48.788283	8220.0
48.804769999999998	8260.0
48.817906000000001	8020.0
48.833154999999998	7630.0
48.850673	8130.0
48.868160000000003	7990.0
48.882992015968064	9110.0
48.896336673346696	8630.0
48.911586	9190.0
48.928310000000003	9010.0
48.944112000000004	8520.0
48.959025000000004	8600.0
48.973592000000004	8490.0
48.989080000000001	8410.0
49.005072000000006	8870.0
49.020609999999998	8260.0
49.037455000000001	7690.0
49.0518	8800.0
49.067030000000003	7920.0
49.081325	8060.0
49.098326	8680.0
49.11204	8160.0
49.127803999999998	8850.0
49.144005	8460.0
49.158754999999999	9260.0
49.175047952047947	8910.0
49.189702702702704	8130.0
49.204775000000005	8630.0
49.220959000000001	8990.0
49.235720000000001	8840.0
49.251640000000002	8700.0
49.268389999999997	8400.0
49.282728999999996	8400.0
49.299219999999998	8710.0
49.315629999999999	8380.0
49.329924999999996	8690.0
49.344792999999996	8550.0
49.362399999999994	8140.0
49.375779999999999	8510.0
49.390100000000004	8480.0
49.409139999999994	8000.0
49.42456	8720.0
49.439791999999997	8710.0
49.456655344655346	8880.0
49.470734734734734	7860.0
49.4848	8630.0
49.501095999999997	8230.0
49.516374999999996	8530.0
49.532962999999995	8620.0
49.547890000000002	7840.0
49.562193999999998	8540.0
49.578395	7740.0
49.593805000000003	8780.0
49.608440000000002	7690.0
49.624547999999997	8170.0
49.642164999999999	8570.0
49.658152000000001	8780.0
49.673249999999996	8540.0
49.687632000000001	8290.0
49.70299	8110.0
49.720126	8400.0
49.737279999999998	8630.0
49.748021978021981	8170.0
49.767162162162165	8420.0
49.780621000000004	8430.0
49.79609	8200.0
49.812274000000002	8860.0
49.829149999999998	8750.0
49.843150999999999	8060.0
49.859020000000001	8980.0
49.876044	8130.0
49.891275	8260.0
49.906866000000001	7830.0
49.922850000000004	8170.0
49.937814000000003	8630.0
49.953719999999997	8110.0
49.968952000000002	8100.0
49.984200000000001	8620.0
49.999583999999999	8150.0
50.015678321678323	8550.0
50.031009009009011	9090.0
50.048129353233833	7180.0
50.060443781094527	8640.0
50.077445783132532	8200.0
50.094556886227544	7790.0
50.106833500501509	7910.0
50.123668000000002	8620.0
50.139600000000002	8220.0
50.155509000000002	8200.0
50.170450000000002	8160.0
50.185312000000003	8800.0
50.199490000000004	8290.0
50.216227000000003	8510.0
50.23404	8170.0
50.24888	8060.0
50.26352	8000.0
50.277861000000001	8150.0
50.292499999999997	8650.0
50.312026973026974	8600.0
50.326620620620616	8100.0
50.342711999999999	8980.0
50.357959999999999	8550.0
50.373215999999999	8640.0
50.390369999999997	8890.0
50.403838	8250.0
50.418050000000001	8910.0
50.435617999999998	8190.0
50.450625000000002	7390.0
50.465631999999999	7730.0
50.480879999999999	8060.0
50.495480000000001	7980.0
50.51153	8120.0
50.528666000000001	8260.0
50.544342657342654	8200.0
50.560387387387387	8000.0
50.57732	8420.0
50.592199800199801	7520.0
50.606489489489483	7710.0
50.621283999999996	8020.0
50.637689999999999	7380.0
50.654040999999999	7670.0
50.666870000000003	8110.0
50.683053999999998	8770.0
50.699239999999996	7680.0
50.714472000000001	8540.0
50.72972	7830.0
50.744951999999998	8040.0
50.75855	8090.0
50.776539999999997	7880.0
50.79195	7490.0
50.806911999999997	8550.0
50.821525000000001	8000.0
50.838152999999998	8030.0
50.853560000000002	7710.0
50.868364	7840.0
50.885446553446556	9050.0
50.902342342342344	7940.0
50.916550000000001	8000.0
50.930436	7530.0
50.94708	8390.0
50.962519	7940.0
50.978720000000003	8130.0
50.994792000000004	8450.0
51.009909999999998	8280.0
51.023289000000005	8370.0
51.039490000000001	8330.0
51.053829999999998	7960.0
51.069875000000003	7960.0
51.088540000000002	8640.0
51.105260000000001	7960.0
51.119247999999999	7970.0
51.134644999999999	8320.0
51.148918000000002	8530.0
51.16401998001998	8480.0
51.181830830830833	8150.0
51.197929999999999	7330.0
51.213045999999999	7790.0
51.229399999999998	7970.0
51.244631999999996	7850.0
51.259880000000003	7910.0
51.275626000000003	7490.0
51.292569999999998	7250.0
51.308915999999996	7100.0
51.325494999999997	7540.0
51.338273000000001	7080.0
51.356340000000003	7030.0
51.372523999999999	6610.0
51.387800000000006	7280.0
51.403908999999999	6960.0
51.420940000000002	7150.0
51.43573	6950.0
51.451495000000001	7030.0
51.467667332667332	6430.0
51.483234234234232	7560.0
51.499063999999997	7390.0
51.513629999999999	6330.0
51.529940000000003	7270.0
51.547199999999997	6900.0
51.561627999999999	6840.0
51.575324999999999	6430.0
51.591140000000003	6920.0
51.60942	6980.0
51.625604000000003	6850.0
51.641310000000004	6120.0
51.654871999999997	6860.0
51.670049999999996	6990.0
51.684392467789891	7180.0
51.701393458870164	7040.0
51.719529648241206	7290.0
51.733313253012049	7270.0
51.747467532467532	6650.0
51.763958456973292	6880.0
51.777529828109202	6780.0
51.793414414414414	6890.0
51.809272	7250.0
51.823924999999996	7300.0
51.839846000000001	6930.0
51.853999999999999	6310.0
51.868587999999995	6780.0
51.885885000000002	6960.0
51.901355000000002	7140.0
51.91534	6480.0
51.929440677966099	6830.0
51.945827482447342	6280.0
51.962671999999998	7540.0
51.977800000000002	6600.0
51.992151999999997	6440.0
52.007374999999996	7460.0
52.021654999999996	6870.0
52.037794205794206	7270.0
52.050464464464461	7560.0
52.064525000000003	6580.0
52.082740000000001	6170.0
52.097360000000002	7220.0
52.112071999999998	6870.0
52.12603	6640.0
52.141148999999999	6860.0
52.155149999999999	7730.0
52.172545999999997	6760.0
52.189459999999997	7290.0
52.202511999999999	6260.0
52.218119999999999	7200.0
52.233367999999999	7050.0
52.247240000000005	7080.0
52.262689000000002	7590.0
52.278210000000001	6990.0
52.29119380619381	7260.0
52.308185185185188	6710.0
52.323405000000001	6900.0
52.337699999999998	7440.0
52.353843999999995	7710.0
52.369160000000001	6490.0
52.383555000000001	6990.0
52.39864	7320.0
52.415356000000003	7380.0
52.430425	7720.0
52.445352	7080.0
52.460599999999999	8020.0
52.476936000000002	6790.0
52.492069999999998	6580.0
52.506312000000001	7550.0
52.520740000000004	7680.0
52.535516000000001	7000.0
52.551724999999998	7030.0
52.566534465534467	7370.0
52.582288288288289	7090.0
52.596752000000002	7050.0
52.612124999999999	6980.0
52.628232000000004	7180.0
52.643450000000001	7170.0
52.657730000000001	7100.0
52.673894999999995	7240.0
52.687418000000001	7460.0
52.702439999999996	7680.0
52.718463999999997	8060.0
52.733919999999998	7880.0
52.749151999999995	7090.0
52.763100000000001	7350.0
52.778835999999998	6970.0
52.793770000000002	7370.0
52.808112000000001	7250.0
52.822900000000004	7830.0
52.838416000000002	6870.0
52.85446953046953	7510.0
52.869061061061061	6950.0
52.884320000000002	7300.0
52.899552	7300.0
52.9148	6960.0
52.930158999999996	7650.0
52.946040000000004	7240.0
52.958576000000001	7180.0
52.975729999999999	7530.0
52.991928999999999	7060.0
53.006350000000005	7690.0
53.023156	7500.0
53.038720000000005	7590.0
53.053940059940061	7540.0
53.069195195195192	7490.0
53.083779999999997	6900.0
53.099285000000002	7630.0
53.112684000000002	7550.0
53.127170829170829	7080.0
53.144767767767767	6980.0
53.160809999999998	7340.0
53.175605999999995	7030.0
53.192120000000003	6510.0
53.207080000000005	6680.0
53.221375000000002	6780.0
53.236362999999997	6700.0
53.254025316455696	6850.0
53.268847893114078	7020.0
53.283560000000001	6510.0
53.298791999999999	6280.0
53.315919999999998	6980.0
53.330379999999998	6470.0
53.34552	6470.0
53.359954999999999	6780.0
53.377221556886226	6160.0
53.39322244488978	6130.0
53.410445000000003	6520.0
53.425489510489513	5800.0
53.441072072072068	6020.0
53.457191999999999	6890.0
53.473835000000001	6720.0
53.490255000000005	6190.0
53.504919999999998	6010.0
53.520474	5890.0
53.5364	5680.0
53.551405000000003	6150.0
53.56606	6370.0
53.582241758241757	6930.0
53.598177177177178	6470.0
53.61162837162837	6190.0
53.627813186813185	5910.0
53.64307107107107	6500.0
53.658305694305689	6210.0
53.673549549549548	6100.0
53.690400000000004	6060.0
53.703014985014988	6030.0
53.720094094094094	6280.0
53.735198000000004	5960.0
53.750369999999997	5730.0
53.764868	6390.0
53.778725000000001	5820.0
53.794406000000002	6140.0
53.80988	6130.0
53.82544	6270.0
53.842874999999999	6450.0
53.856324000000001	5900.0
53.86891	6480.0
53.884729999999998	6100.0
53.899025000000002	5930.0
53.913479000000002	6310.0
53.929720000000003	6390.0
53.946856000000004	6530.0
53.961175000000004	6840.0
53.974558000000002	5830.0
53.989586413586409	6180.0
54.004027027027021	6130.0
54.021345000000004	5640.0
54.035191000000005	6810.0
54.050219999999996	6110.0
54.066403999999999	6500.0
54.07978	6860.0
54.094822999999998	6570.0
54.109639999999999	6380.0
54.124018	6470.0
54.141374999999996	6210.0
54.157558999999999	6030.0
54.172953313536901	6680.0
54.186394579562375	5930.0
