10.991152000000001	3130.0
10.902376	3540.0
10.974432999999999	3590.0
10.932804000000001	3210.0
10.929732267732268	3330.0
10.9685005005005	3430.0
10.946104	3350.0
10.980844000000001	3090.0
10.927997	2920.0
10.983608	3090.0
10.948221999999999	3180.0
10.99959	3140.0
10.9834	3190.0
10.926615999999999	3030.0
11.043752	3280.0
10.933705999999999	3120.0
11.048668000000001	3190.0
10.984699000000001	3320.0
10.970984	3000.0
11.040775999999999	3020.0
10.995703296703297	3310.0
11.055704704704706	2890.0
10.992165999999999	3290.0
11.037944	2950.0
11.023856	3130.0
11.06512	3090.0
11.05748	2970.0
11.001374	3080.0
11.106210000000001	3000.0
11.007012	2650.0
11.141772000000001	2740.0
11.058488000000001	2710.0
11.031761000000001	2840.0
11.134482	2730.0
11.055742	3090.0
11.157256	2630.0
11.074568000000001	3160.0
11.10825974025974	2670.0
11.123142142142143	2970.0
11.142934	3130.0
11.16103896103896	2890.0
11.091915915915916	3360.0
11.187799999999999	3060.0
11.105416	2870.0
11.237209999999999	2980.0
11.161658000000001	3220.0
11.110602	3160.0
11.292454000000001	3320.0
11.149136	3090.0
11.190895999999999	2910.0
11.232476999999999	3120.0
11.182157999999999	2920.0
11.283806	2850.0
11.195	2730.0
11.261132132132133	2440.0
11.219592	2880.0
11.292941000000001	3130.0
11.271469999999999	2960.0
11.239141999999999	2600.0
11.334181000000001	2750.0
11.198912	2530.0
11.404384	3050.0
11.243177000000001	2750.0
11.27413	2520.0
11.358815999999999	2980.0
11.246951000000001	2720.0
11.41164	2920.0
11.285216	3400.0
11.34848	2810.0
11.33681	2700.0
11.365494505494505	2780.0
11.395951951951952	2990.0
11.333432	2540.0
11.433480000000001	3000.0
11.314368999999999	3040.0
11.49827	2460.0
11.379774000000001	3100.0
11.381724999999999	2690.0
11.516371999999999	2940.0
11.322724000000001	2820.0
11.570921999999999	2500.0
11.402858	2700.0
11.464038	2590.0
11.493988	2620.0
11.462128	2660.0
11.555152	2920.0
11.458591408591408	2700.0
11.561237237237236	2500.0
11.467022	2280.0
11.612134000000001	2950.0
11.543336	2850.0
11.523424	2670.0
11.672840000000001	2810.0
11.438880000000001	3030.0
11.76141	3000.0
11.555114999999999	2640.0
11.612688	2970.0
11.69768	2770.0
11.58365	2630.0
11.761518481518481	2550.0
11.630972972972971	2620.0
11.732543999999999	2570.0
11.673848	2830.0
11.754941058941059	2620.0
11.754119119119119	2770.0
11.705436000000001	2530.0
11.857480000000001	2760.0
11.642997999999999	2880.0
11.937263999999999	2600.0
11.744544000000001	2820.0
11.781566000000002	2540.0
11.93689	2680.0
11.724752000000001	2770.0
11.981185	2360.0
11.810220000000001	2460.0
11.903708	2810.0
11.897271999999999	2500.0
11.89916	2820.0
11.967143999999999	2460.0
11.877034965034966	2960.0
12.021662662662663	2330.0
11.847799999999999	2780.0
12.079203	2250.0
11.956429999999999	2610.0
11.945297999999999	2700.0
12.157657	2670.0
11.836851999999999	2780.0
12.189739999999999	2640.0
11.985222	2810.0
12.052756	2760.0
12.112736	2500.0
12.022707	2560.0
12.174616	2610.0
12.045952	2440.0
12.176656999999999	2410.0
12.057921999999998	2320.0
12.203552447552447	2950.0
12.154295295295295	2870.0
12.099060000000001	2260.0
12.309363999999999	2620.0
11.997204000000002	2810.0
12.388529999999999	3050.0
12.153076	2310.0
12.172637	2510.0
12.321576	2890.0
12.12852	2350.0
12.367629999999998	2510.0
12.204505999999999	2460.0
12.310405999999999	2700.0
12.263106999999998	2320.0
12.317667999999999	2520.0
12.355172000000001	2880.0
12.255145854145855	2400.0
12.447903999999999	2710.0
12.198012012012013	2360.0
12.507157999999999	2570.0
12.341704	2570.0
12.307256000000001	2780.0
12.538822	2320.0
12.247634000000001	2670.0
12.568474	2670.0
12.384930000000001	2450.0
12.453968	2130.0
12.481372	2510.0
12.442288	2190.0
12.562203999999998	2440.0
12.370099999999999	2630.0
12.561759	2940.0
12.502488	2100.0
12.54315984015984	2710.0
12.654334334334335	2180.0
12.383351648351649	2270.0
12.745148148148148	2430.0
12.486495	2610.0
12.645096000000001	2970.0
12.675392	2340.0
12.498542	2560.0
12.744911999999999	2540.0
12.597052	2530.0
12.738992	2510.0
12.638071999999999	2600.0
12.688367999999999	2480.0
12.705690999999998	2730.0
12.704188	2150.0
12.823258000000001	2910.0
12.592984015984015	2430.0
12.887037037037036	2220.0
12.669703999999998	2680.0
12.820220000000001	2570.0
12.891686000000002	2350.0
12.634004000000001	2540.0
12.972144999999999	2500.0
12.767559440559442	2350.0
12.924147147147147	2220.0
12.861402	2440.0
12.837304000000001	2480.0
12.937312	2640.0
12.881114	2650.0
13.015795999999998	2390.0
12.828975999999999	2540.0
13.052116	2590.0
12.924192	2550.0
13.022319680319681	2290.0
13.125030030030031	2560.0
12.819512	2480.0
13.233976000000002	2640.0
12.968776999999999	2590.0
13.146015999999999	2480.0
13.138541999999999	2240.0
13.028487999999999	2370.0
13.215772000000001	2540.0
13.103864	2630.0
13.24487112887113	3040.0
13.105492492492493	2490.0
13.238439999999999	2380.0
13.188720999999999	2400.0
13.228864	2790.0
13.345807999999998	2890.0
13.072219780219781	2840.0
13.452106106106108	2870.0
13.166079999999999	2770.0
13.351278999999998	2800.0
13.393364	2620.0
13.197672000000001	2840.0
13.462379	2870.0
13.286536	2250.0
13.447196000000002	2720.0
13.352278999999999	2650.0
13.395256	2770.0
13.430440000000001	2840.0
13.414019999999999	3490.0
13.542179999999998	2620.0
13.316985999999998	2770.0
13.603102	3260.0
13.389884	2990.0
13.538368631368632	2720.0
13.626767999999998	3010.0
13.340178	3020.0
13.687426000000002	3210.0
13.455546	2830.0
13.631576000000001	3120.0
13.584816	2960.0
13.544171	3230.0
13.65185	3160.0
13.579044	3560.0
13.718120000000001	3500.0
13.54236	3140.0
13.741743999999999	3350.0
13.611825	3670.0
13.698979020979021	3280.0
13.811437437437437	3930.0
13.498613386613386	3860.0
13.914760000000001	3880.0
13.623048000000001	3550.0
13.806355999999999	3610.0
13.80707	3920.0
13.682978	3760.0
13.875065000000001	4050.0
13.745732267732269	3990.0
13.892513513513512	3810.0
13.766292999999999	3670.0
13.876044	3990.0
13.834209999999999	4290.0
13.864593999999999	3820.0
13.979151999999999	4310.0
13.730639999999999	4500.0
14.070141999999999	4770.0
13.791724000000002	4930.0
13.97891891891892	5210.0
14.027665000000001	5080.0
13.817692000000001	4950.0
14.083660000000002	5230.0
13.899511	5030.0
14.06277	5240.0
13.984514000000001	5650.0
14.007957000000001	5180.0
14.052848000000001	5690.0
14.023952	5610.0
14.153147000000001	5890.0
13.948528000000001	5550.0
14.198265999999998	6170.0
14.020776	5360.0
14.135779999999999	6370.0
14.238632000000001	5960.0
13.946965965965967	5880.0
14.206854	6680.0
14.182310000000001	6600.0
14.120956999999999	6570.0
14.244592000000001	6420.0
14.124495999999999	6510.0
14.277561	7440.0
14.196178	6750.0
14.27731	7230.0
14.216073999999999	7650.0
14.268928000000001	7510.0
14.334196	7650.0
14.208331000000001	7270.0
14.428842	7920.0
14.186714	8480.0
14.402901098901097	7840.0
14.381126126126127	7670.0
14.276906093906094	8740.0
14.460126126126127	8890.0
14.288618	9170.0
14.460762000000001	8260.0
14.395206000000002	9530.0
14.428492000000002	9720.0
14.430456000000001	8510.0
14.427906999999999	9810.0
14.517654	9600.0
14.409924000000002	9480.0
14.575399000000001	9830.0
14.402544000000001	9340.0
14.563768000000001	9890.0
14.570738	10430.0
14.436786000000001	10930.0
14.669772227772226	10150.0
14.446814814814815	10440.0
14.643184	11210.0
14.592016000000001	10280.0
14.582462000000001	11690.0
14.642852	11160.0
14.584781999999999	11000.0
14.693316683316683	10980.0
14.605684684684684	11810.0
14.716180819180819	11860.0
14.612258258258258	12100.0
14.710822	12890.0
14.742925999999999	12290.0
14.628193000000001	11650.0
14.853195999999999	12710.0
14.602136000000002	12550.0
14.818615384615384	12620.0
14.784887887887889	13680.0
14.730144000000001	13800.0
14.845016000000001	14410.0
14.739736000000001	13220.0
14.872680000000001	13600.0
14.802083	14230.0
14.868080000000001	14040.0
14.825894000000002	14940.0
14.865483000000001	15930.0
14.924484	14690.0
14.823888	15130.0
15.001723999999999	15570.0
14.811876	16040.0
14.997102	14780.0
14.980071000000001	15300.0
14.890535999999999	17230.0
15.050802197802199	16810.0
14.90183883883884	16430.0
15.053772	16070.0
14.998250000000001	17190.0
15.019814999999999	16740.0
15.036412	17690.0
15.028980000000001	17380.0
15.110715000000001	17660.0
15.024524	17280.0
15.155596000000001	17550.0
15.021267	17430.0
15.152144	17930.0
15.166768000000001	18340.0
15.049116999999999	18380.0
15.260801999999998	18260.0
15.069939999999999	17870.0
15.233923076923078	18990.0
15.195603603603605	19510.0
15.177836000000001	19790.0
15.245620000000001	19620.0
15.190770000000001	20030.0
15.290457999999999	21480.0
15.218151000000001	19730.0
15.306304000000001	20940.0
15.242535999999999	20450.0
15.315620000000001	21090.0
15.348314	20430.0
15.253856000000001	19430.0
15.440341	20740.0
15.246148	20100.0
15.421935999999999	20650.0
15.394544	21450.0
15.347175824175824	20740.0
15.458349999999999	20040.0
15.366710710710709	20190.0
15.484416000000001	20470.0
15.426504	20060.0
15.477167	20340.0
15.454764000000001	20830.0
15.490218	20150.0
15.533021	21180.0
15.463012000000001	20040.0
15.602167999999999	18630.0
15.453199999999999	19460.0
15.613855999999998	19940.0
15.585127999999999	18980.0
15.531109000000001	19360.0
15.666056000000001	18040.0
15.539175999999999	18950.0
15.675523476523475	18940.0
15.626764764764763	19380.0
15.650644	18870.0
15.666297	17980.0
15.662227999999999	18020.0
15.760899999999999	17830.0
15.646449	18940.0
15.743728000000001	16810.0
15.727399999999999	18550.0
15.717885999999998	18020.0
15.830352000000001	18150.0
15.656536000000001	17270.0
15.856451	18080.0
15.770427999999999	17870.0
15.802256000000002	16730.0
15.856177000000001	18290.0
15.773612	16650.0
15.889569430569429	17970.0
15.833184184184184	16810.0
15.896357999999999	17790.0
15.85699	18000.0
15.900281	17790.0
15.917487999999999	18610.0
15.894095999999999	18830.0
15.99288	18500.0
15.863563999999998	18730.0
16.029756000000003	19360.0
15.951044999999999	18110.0
15.96998	17520.0
16.058700000000002	18340.0
15.939978999999999	18090.0
16.082494000000001	19150.0
16.016590000000001	18070.0
16.067918081918084	18380.0
16.060773773773775	19590.0
16.061176	18500.0
16.115248999999999	18760.0
16.08407792207792	20000.0
16.166482482482483	19800.0
16.069427000000001	20090.0
16.189024	19370.0
16.149036000000002	19360.0
16.147390000000001	20010.0
16.263648	20550.0
16.100936000000001	20000.0
16.273422	19180.0
16.204112000000002	22070.0
16.241416000000001	20890.0
16.270408	21460.0
16.230108000000001	20060.0
16.313018981018981	20610.0
16.271576576576575	21710.0
16.340064000000002	21650.0
16.282424000000002	22610.0
16.354810000000001	21230.0
16.350277999999999	21970.0
16.337607999999999	20910.0
16.440345999999998	22270.0
16.291160000000001	22200.0
16.471767999999997	21470.0
16.397106000000001	22840.0
16.425052000000001	22150.0
16.481597999999998	23000.0
16.401724000000002	22860.0
16.516780000000001	23390.0
16.464752000000001	22850.0
16.520146853146855	23220.0
16.493035035035035	23930.0
16.526167999999998	23320.0
16.552728999999999	23940.0
16.532831999999999	24050.0
16.620584000000001	24950.0
16.512438	23860.0
16.652967999999998	23670.0
16.591787999999998	24260.0
16.606957999999999	25040.0
16.692581418581419	25170.0
16.587307307307306	25130.0
16.718042000000001	25490.0
16.659358000000001	24950.0
16.707946	25120.0
16.715513000000001	25940.0
16.712655999999999	26290.0
16.760627372627372	25700.0
16.737964964964966	25870.0
16.804932000000001	26100.0
16.733812	26670.0
16.829340999999999	26180.0
16.799396000000002	26600.0
16.813648000000001	26200.0
16.887467000000001	26900.0
16.780132000000002	26680.0
16.912050000000001	26880.0
16.850407999999998	26250.0
16.892543999999997	27840.0
16.912624000000001	27510.0
16.888927072927075	27790.0
16.947550550550549	27600.0
16.924869999999999	28240.0
16.979810189810191	29000.0
16.949120120120121	28910.0
17.000879999999999	27810.0
16.984618999999999	28710.0
17.005703999999998	28860.0
17.061897999999999	27260.0
16.984461000000003	28020.0
17.108944000000001	27110.0
17.033024000000001	28420.0
17.089473999999999	28340.0
17.114894	28830.0
17.077995999999999	29400.0
17.147662	29350.0
17.114436000000001	28940.0
17.168388	29890.0
17.149076000000001	29460.0
17.183498	30010.0
17.188093906093904	28430.0
17.19901001001001	29570.0
17.245072	28680.0
17.193615999999999	29580.0
17.290754	29930.0
17.221220000000002	28740.0
17.295120000000001	29590.0
17.310446000000002	29170.0
17.261803999999998	28620.0
17.343844000000001	28530.0
17.326453000000001	30540.0
17.339995999999999	30010.0
17.370592000000002	29420.0
17.353064	29220.0
17.416736	30260.0
17.393903999999999	29570.0
17.451389610389612	30480.0
17.40269069069069	29470.0
17.468644000000001	29780.0
17.47513	29160.0
17.451268000000002	28720.0
17.545556000000001	30170.0
17.437412999999999	29480.0
17.559457999999999	30230.0
17.528372000000001	31800.0
17.532437000000002	30410.0
17.579344000000003	31310.0
17.545296	28910.0
17.609024999999999	30160.0
17.587994000000002	29770.0
17.630444000000001	28730.0
17.616689000000001	29810.0
17.650980000000001	29800.0
17.672402597402595	29240.0
17.655654654654654	28930.0
17.727938000000002	30090.0
17.656835999999998	28690.0
17.75459	30230.0
17.726744	29330.0
17.727736	28890.0
17.795054	29950.0
17.739088000000002	30750.0
17.811992	29480.0
17.792000000000002	29520.0
17.827020000000001	29770.0
17.830351999999998	30050.0
17.839907	30190.0
17.870929999999998	30480.0
17.856999999999999	28750.0
17.918174825174823	28880.0
17.872114114114112	30360.0
17.94388	29710.0
17.926835000000001	29750.0
17.927928000000001	30990.0
17.999136	29520.0
17.930880999999999	30500.0
18.021635999999997	29090.0
17.993832000000001	29490.0
18.024229000000002	30780.0
18.044678000000001	27940.0
18.036451999999997	29560.0
18.079840999999998	29200.0
18.068415999999999	29050.0
18.115120000000001	28110.0
18.089717	29120.0
18.137716000000001	28530.0
18.138844155844154	28600.0
18.139082082082084	28550.0
18.201512000000001	29980.0
18.130303999999999	29360.0
18.224643	28720.0
18.204951999999999	28480.0
18.229416000000001	29410.0
18.256823000000001	30120.0
18.23344910179641	28930.0
18.290633266533067	29570.0
18.273951	28730.0
18.314139999999998	30740.0
18.307682	27880.0
18.336383999999999	27850.0
18.352624000000002	29650.0
18.356096000000001	27330.0
18.410727272727271	28270.0
18.355858858858859	28840.0
18.442546	29970.0
18.418161999999999	28080.0
18.440104000000002	28570.0
18.484295999999997	28490.0
18.447108999999998	28330.0
18.511877999999999	27510.0
18.495194000000001	27830.0
18.529394999999997	28300.0
18.534976	26330.0
18.544816183816184	26910.0
18.572692692692691	26380.0
18.573271999999999	27290.0
18.615006000000001	27340.0
18.587705	27210.0
18.643987012987015	27150.0
18.632045000000002	28020.0
18.65585085085085	26690.0
18.69979	27720.0
18.653138000000002	27030.0
18.725275	26620.0
18.707180000000001	26960.0
18.730316000000002	26440.0
18.744745000000002	26870.0
18.744748000000001	27630.0
18.777350000000002	26610.0
18.777753999999998	25970.0
18.814864	26350.0
18.797888	25530.0
18.846147999999999	26650.0
18.842283999999999	26290.0
18.857688	25210.0
18.905588411588411	26070.0
18.863345345345344	26950.0
18.946812000000001	26830.0
18.918564	25380.0
18.957318000000001	26350.0
18.979378000000001	25710.0
18.96612	24560.0
19.010680000000001	24400.0
19.004639999999998	25370.0
19.043807000000001	26210.0
19.03932	24650.0
19.067056000000001	25690.0
19.075592	26110.0
19.066464	25050.0
19.131475999999999	25620.0
19.09646	24750.0
19.148852000000002	26370.0
19.164835164835164	24670.0
19.145576999999999	24780.0
19.209288000000001	24850.0
19.175968000000001	25060.0
19.235585	24740.0
19.235825999999999	25420.0
19.246234000000001	26280.0
19.278541000000001	24930.0
19.275354645354646	24280.0
19.320666666666668	25080.0
19.301859	24510.0
19.351108	24970.0
19.336986	23800.0
19.369731000000002	24550.0
19.396696000000002	23820.0
19.369983999999999	23910.0
19.446842157842156	24610.0
19.395720000000001	24830.0
19.454268000000003	24150.0
19.463384999999999	24800.0
19.455159999999999	24190.0
19.498884	23850.0
19.485603000000001	23200.0
19.528072000000002	24070.0
19.520807999999999	23760.0
19.555641000000001	23500.0
19.559240000000003	23690.0
19.580760000000001	23570.0
19.613420999999999	22430.0
19.590873999999999	22830.0
19.656766000000001	22920.0
19.612856000000001	21820.0
19.673227772227772	22920.0
19.689822822822823	22270.0
19.672869000000002	22710.0
19.725112000000003	23230.0
19.702501999999999	22380.0
19.745553999999998	21860.0
19.751240000000003	22970.0
19.767199999999999	22860.0
19.783087999999999	22580.0
19.789681999999999	22700.0
19.825212000000001	22110.0
19.809602999999999	22530.0
19.863304000000003	22090.0
19.841871999999999	22060.0
19.881647000000001	22240.0
19.918746000000002	20820.0
19.884207792207793	22690.0
19.96277177177177	22920.0
19.926144000000001	22480.0
19.971616000000001	22430.0
19.986420000000003	22550.0
19.995598000000001	22320.0
20.023136000000001	22980.0
20.020918999999999	22080.0
20.059172	21480.0
20.049332	22290.0
20.083448000000001	22620.0
20.084174000000001	23370.0
20.109583999999998	21700.0
20.137677999999998	22360.0
20.119112000000001	22620.0
20.177512	22570.0
20.144521000000001	21570.0
20.185056943056942	22690.0
20.207540540540538	22670.0
20.200113999999999	22340.0
20.243116000000001	21730.0
20.237172000000001	21790.0
20.273989	23400.0
20.278504000000002	23520.0
20.307680000000001	23210.0
20.320858000000001	22510.0
20.33688111888112	21990.0
20.366714714714714	22300.0
20.351226	22970.0
20.407202000000002	22020.0
20.391072000000001	22640.0
20.426582	22500.0
20.449856	22320.0
20.43583716283716	22570.0
20.483367367367368	20640.0
20.471437999999999	22090.0
20.507732000000001	22120.0
20.516726999999999	21650.0
20.52976	22120.0
20.547608	22420.0
20.553564999999999	21110.0
20.582684	22190.0
20.58071	20770.0
20.619441999999999	22070.0
20.614512000000001	22000.0
20.633652000000001	20660.0
20.65576123876124	22300.0
20.650085999999998	21330.0
20.691746000000002	20910.0
20.678773	20890.0
20.714644355644353	20600.0
20.728978978978979	22540.0
20.742906999999999	22440.0
20.768685999999999	22490.0
20.768502000000002	22530.0
20.800198000000002	21940.0
20.808712	22020.0
20.838163999999999	22030.0
20.837826	21420.0
20.860479999999999	21470.0
20.884042000000001	21350.0
20.883444000000001	20970.0
20.934408000000001	21090.0
20.915592	21220.0
20.952948000000003	20250.0
20.96470929070929	21880.0
20.976380000000002	20630.0
21.000975975975976	21510.0
20.999295999999998	21040.0
21.029879999999999	21400.0
21.039738	21340.0
21.059232000000002	21000.0
21.078382000000001	20550.0
21.091820999999999	21140.0
21.123360000000002	20740.0
21.115704000000001	20750.0
21.154627999999999	21430.0
21.151273999999997	21670.0
21.172217999999997	21210.0
21.199535999999998	20420.0
21.188784000000002	20600.0
21.233972000000001	20600.0
21.228250749250748	19670.0
21.254587000000001	21550.0
21.267783783783784	20550.0
21.274404999999998	20060.0
21.295807999999997	19880.0
21.302864	20130.0
21.336162999999999	21030.0
21.336435999999999	20690.0
21.368929999999999	20510.0
21.374531999999999	20710.0
21.390743999999998	19240.0
21.429724	20100.0
21.416357000000001	20100.0
21.477790000000002	19780.0
21.475543999999999	20690.0
21.502238999999999	20200.0
21.524519999999999	20750.0
21.527193806193807	20370.0
21.556699699699699	19960.0
21.559539460539462	19800.0
21.590991991991995	18900.0
21.597471000000002	19620.0
21.621048000000002	19670.0
21.63862	19230.0
21.651040999999999	19900.0
21.684069999999998	19970.0
21.675411999999998	19340.0
21.720379000000001	18660.0
21.718048	19460.0
21.736736000000001	19500.0
21.764333999999998	20290.0
21.761099999999999	18870.0
21.80077	19400.0
21.803173826173825	19420.0
21.828512512512511	19250.0
21.843204	19040.0
21.858456999999998	20280.0
21.877189999999999	18830.0
21.888145999999999	18690.0
21.913914000000002	18500.0
21.915984000000002	19240.0
21.944192000000001	19410.0
21.950120999999999	18740.0
21.966013999999998	18570.0
21.995951999999999	18430.0
21.99117082917083	19490.0
22.033344344344343	19400.0
22.032920000000001	18290.0
22.057029	17790.0
22.076135999999998	18460.0
22.08728071928072	18430.0
22.117103103103101	18020.0
22.126752	18310.0
22.151399999999999	17880.0
22.154971	18110.0
22.179079999999999	17520.0
22.190234	18780.0
22.212382999999999	18000.0
22.233948000000002	18350.0
22.230264000000002	18800.0
22.269980999999998	17190.0
22.270803999999998	17800.0
22.294650000000001	18170.0
22.314328	17970.0
22.318335999999999	17140.0
22.346671999999998	17800.0
22.355174825174824	17070.0
22.377536536536535	17530.0
22.390474000000001	17910.0
22.410025999999998	17520.0
22.425303999999997	17310.0
22.44032	17380.0
22.463917000000002	16610.0
22.469000000000001	17740.0
22.499804000000001	16610.0
22.504937999999999	16570.0
22.528703999999998	16880.0
22.549904000000002	17290.0
22.554565	17110.0
22.584443999999998	17020.0
22.592292	17870.0
22.615677999999999	18720.0
22.629999999999999	17690.0
22.643790209790208	17410.0
22.661154154154154	17420.0
22.676244000000001	17110.0
22.697654	16740.0
22.705458	18500.0
22.729759999999999	18160.0
22.736000000000001	17840.0
22.758056	18450.0
22.780621999999997	18900.0
22.78133266733267	17700.0
22.809432432432434	17880.0
22.817471999999999	19120.0
22.844192	17920.0
22.861298999999999	18020.0
22.873583999999997	18830.0
22.893999999999998	19380.0
22.9067012987013	19360.0
22.931582582582582	19550.0
22.942847999999998	19590.0
22.964369999999999	18780.0
22.976968000000003	19970.0
22.992508000000001	19710.0
23.022069999999999	20500.0
23.023204	20490.0
23.055868	19920.0
23.064530999999999	19920.0
23.077636000000002	20890.0
23.109325999999999	21850.0
23.110963999999999	21760.0
23.141120000000001	21650.0
23.152507492507493	21590.0
23.174906906906905	22160.0
23.190987999999997	22580.0
23.208355644355645	22670.0
23.226514514514516	21490.0
23.236304000000001	22530.0
23.264191999999998	23490.0
23.264628999999999	24240.0
23.295634	23250.0
23.307568	23210.0
23.317305999999999	24080.0
23.350711999999998	24050.0
23.351352000000002	25550.0
23.381189000000003	27230.0
23.391572	26420.0
23.407084000000001	26130.0
23.428055000000001	25120.0
23.438559999999999	27770.0
23.461191999999997	27180.0
23.471627372627374	26240.0
23.493607607607608	27730.0
23.503294	28100.0
23.526838999999999	27320.0
23.543983999999998	28980.0
23.553167999999999	28670.0
23.58277	29240.0
23.581637999999998	30390.0
23.610945999999998	28820.0
23.622042999999998	30650.0
23.634784	30880.0
23.658895999999999	31480.0
23.665830999999997	32100.0
23.689019999999999	32550.0
23.698727999999999	33230.0
23.719398999999999	34750.0
23.732224000000002	32540.0
23.74934965034965	33450.0
23.767624624624624	35990.0
23.775691999999999	35830.0
23.802379999999999	35140.0
23.801545999999998	36680.0
23.829187999999998	38740.0
23.846468000000002	39350.0
23.861871000000001	37920.0
23.887838000000002	39230.0
23.893554000000002	40390.0
23.918890000000001	40920.0
23.929167999999997	41250.0
23.947896	42200.0
23.965520999999999	43870.0
23.981259999999999	44870.0
24.001666	45230.0
24.015356643356643	46010.0
24.036098098098098	47410.0
24.039612000000002	47160.0
24.066488000000003	48070.0
24.086674000000002	50460.0
24.095887999999999	50360.0
24.118950999999999	51400.0
24.121023999999998	52690.0
24.147288	53340.0
24.160151000000003	55430.0
24.175758000000002	54760.0
24.197464	57720.0
24.212012000000001	57450.0
24.233903999999999	60400.0
24.245559999999998	60660.0
24.264856000000002	62030.0
24.274000000000001	61720.0
24.294121878121878	65880.0
24.311514514514514	66620.0
24.328824000000001	66500.0
24.356272000000001	66110.0
24.359998000000001	69490.0
24.382806000000002	70970.0
24.396134	71560.0
24.409103000000002	71930.0
24.432259999999999	75830.0
24.444216000000001	79050.0
24.466548	80090.0
24.480187999999998	81280.0
24.498615384615384	82680.0
24.511842842842842	85240.0
24.528535999999999	86660.0
24.543959999999998	90340.0
24.556098901098903	90780.0
24.579545545545546	92210.0
24.587544000000001	94210.0
24.610775999999998	93760.0
24.61917982017982	98910.0
24.635576576576575	99320.0
24.656251000000001	100740.0
24.667838	104110.0
24.686191999999998	107820.0
24.699605999999999	106850.0
24.715664	112570.0
24.731016	114260.0
24.74738	117650.0
24.761656000000002	117470.0
24.777273999999998	120620.0
24.793925999999999	122690.0
24.807264	126040.0
24.826703296703297	127470.0
24.840786786786786	130300.0
24.858354000000002	136820.0
24.876208000000002	140430.0
24.886225	141480.0
24.910215999999998	143700.0
24.921104	146430.0
24.941022	150430.0
24.957077999999999	154450.0
24.973962	159080.0
24.996096999999999	163250.0
25.00672027972028	166470.0
25.025485485485486	171030.0
25.039294999999999	176010.0
25.055440000000001	174750.0
25.070432	181020.0
25.082329670329671	184620.0
25.1067977977978	188040.0
25.114856	191840.0
25.137663	198790.0
25.155121999999999	200310.0
25.169149999999998	204590.0
25.191145000000002	210040.0
25.200839999999999	213900.0
25.220690309690312	217390.0
25.235184184184185	221280.0
25.251121999999999	226210.0
25.266914	228220.0
25.283180000000002	234830.0
25.302423999999998	238350.0
25.316832000000002	246190.0
25.336779	251630.0
25.348758	255290.0
25.368501498501498	260930.0
25.382856856856854	263870.0
25.399092	268800.0
25.420159999999999	279670.0
25.432758999999997	277890.0
25.45363	285710.0
25.470202	291950.0
25.489749	298790.0
25.506888	304130.0
25.522911999999998	307680.0
25.540707999999999	314900.0
25.554086000000002	320520.0
25.574092	323620.0
25.589238999999999	332490.0
25.607427999999999	336640.0
25.624140000000001	343770.0
25.642885114885114	351900.0
25.662019999999998	353020.0
25.673386000000001	362800.0
25.695064000000002	371730.0
25.711687999999999	376880.0
25.728120000000001	380820.0
25.744913999999998	394030.0
25.756639999999997	393180.0
25.776582000000001	394780.0
25.793126000000001	407200.0
25.809152000000001	411110.0
25.824904	413460.0
25.843281000000001	420290.0
25.857382000000001	421690.0
25.875693999999999	429430.0
25.895001999999998	435750.0
25.905567999999999	441180.0
25.927105105105106	446680.0
25.935501000000002	453610.0
25.955697999999998	452710.0
25.973648000000001	462000.0
25.985649000000002	464650.0
26.005648000000001	467410.0
26.02094	472320.0
26.038262	472490.0
26.052175999999999	474350.0
26.070063999999999	478180.0
26.087788	480870.0
26.103391999999999	494140.0
26.122744000000001	489960.0
26.132873	486950.0
26.156549999999999	484370.0
26.167685314685315	490420.0
26.187392392392393	483660.0
26.202196000000001	485220.0
26.217587999999999	487690.0
26.238533	481620.0
26.250204	480340.0
26.270844	473160.0
26.284499	470230.0
26.302327999999999	467640.0
26.321968000000002	468120.0
26.336385999999997	455880.0
26.354578	454580.0
26.368986	445920.0
26.388569	444200.0
26.403224000000002	439550.0
26.422404	435870.0
26.442601	433180.0
26.456839160839159	426120.0
26.477156156156155	425730.0
26.489535	422910.0
26.506176	426740.0
26.522960000000001	426640.0
26.537898000000002	428230.0
26.554953999999999	428790.0
26.568720000000003	426750.0
26.586686	433520.0
26.599731999999999	435680.0
26.618872	436350.0
26.631912	439370.0
26.645227999999999	440950.0
26.664454000000003	438500.0
26.675360999999999	444150.0
26.697824000000001	441570.0
26.706839160839159	443210.0
26.723362362362362	439080.0
26.743548000000001	444740.0
26.759181999999999	436690.0
26.775707999999998	431590.0
26.790323999999998	436030.0
26.809719999999999	426720.0
26.825990000000001	423900.0
26.843926	417330.0
26.860885999999997	410150.0
26.87738961038961	408460.0
26.89577977977978	401070.0
26.908975999999999	395340.0
26.929458999999998	387530.0
26.948014000000001	384780.0
26.961126	375600.0
26.983104000000001	373460.0
26.999846153846153	372650.0
27.015513513513515	366050.0
27.033367000000002	365550.0
27.048473999999999	358240.0
27.066562000000001	356420.0
27.084633	348380.0
27.102191999999999	344120.0
27.118047904191616	329100.0
27.136765531062125	321610.0
27.151721999999999	306070.0
27.168787999999999	285280.0
27.188751	266470.0
27.203595999999997	242630.0
27.224120000000003	223890.0
27.242266000000001	199650.0
27.257311999999999	182200.0
27.274625374625373	171730.0
27.293955955955955	162870.0
27.311448000000002	158460.0
27.324720000000003	152260.0
27.343985	147460.0
27.359929999999999	139120.0
27.377994000000001	136430.0
27.394656999999999	135150.0
27.410432	131710.0
27.427455999999999	129970.0
27.446801000000001	128040.0
27.463630000000002	125520.0
27.477778000000001	122350.0
27.496441999999998	120230.0
27.512544000000002	118380.0
27.530824000000003	115500.0
27.549431000000002	113410.0
27.561657342657345	113680.0
27.582279279279284	111900.0
27.597537000000003	109110.0
27.613416000000001	108110.0
27.629235999999999	108640.0
27.645779999999998	106280.0
27.662224000000002	103710.0
27.678321999999998	103240.0
27.696393	101910.0
27.708919999999999	104020.0
27.728120000000001	101140.0
27.742947000000001	98250.0
27.760694000000004	99690.0
27.780506000000003	99560.0
27.793179999999996	98220.0
27.813236	97000.0
27.827297405189618	98140.0
27.843356713426854	97750.0
27.861430000000002	95810.0
27.877390000000002	97740.0
27.893824000000002	96420.0
27.910831999999999	95890.0
27.928472000000003	93170.0
27.942468999999999	93860.0
27.962324000000002	93050.0
27.980089999999997	92350.0
27.994297000000003	93180.0
28.012776000000002	92390.0
28.024956	95610.0
28.043944	93460.0
28.061073999999998	92910.0
28.079533999999999	93760.0
28.098236999999997	92830.0
28.113298701298699	93950.0
28.13063063063063	93520.0
28.146585000000002	92930.0
28.163533999999999	90040.0
28.179358000000001	93050.0
28.196951000000002	94380.0
28.212304	92620.0
28.230364000000002	91780.0
28.249742000000001	93720.0
28.26623	94190.0
28.285974	93760.0
28.301144000000001	90700.0
28.318152000000001	92480.0
28.334903999999998	94780.0
28.350582000000003	93180.0
28.369716000000004	92490.0
28.388210789210792	93550.0
28.405602602602603	94430.0
28.421875999999997	95720.0
28.436740000000004	94200.0
28.452685000000002	94140.0
28.469272000000004	94880.0
28.486295999999999	92220.0
28.502535000000002	96240.0
28.521808	94850.0
28.538439999999998	93930.0
28.554385	93060.0
28.572352000000002	94350.0
28.589376000000001	96660.0
28.606383999999998	96940.0
28.623391999999999	96060.0
28.640692000000001	96930.0
28.657067999999999	96700.0
28.673031968031967	96710.0
28.691516516516518	96410.0
28.707464000000002	95970.0
28.724472000000002	97410.0
28.740183999999999	97530.0
28.755784999999999	98910.0
28.772512000000003	96410.0
28.788689999999999	97510.0
28.803726000000001	95760.0
28.818608000000001	97990.0
28.839468	97590.0
28.853484999999996	98610.0
28.869753999999997	98380.0
28.886938000000001	97540.0
28.901623999999998	99140.0
28.918631999999999	97260.0
28.936064935064934	101260.0
28.95461261261261	97240.0
28.971588000000001	99440.0
28.988301999999997	102190.0
29.005704000000001	98870.0
29.019784000000001	98860.0
29.038124000000003	99240.0
29.057462000000001	101570.0
29.071064000000003	99030.0
29.090734000000001	103250.0
29.105930999999998	99960.0
29.125680000000003	101960.0
29.141112000000003	101880.0
29.155775224775226	101400.0
29.17521821821822	102080.0
29.191588000000003	102060.0
29.209435000000003	101940.0
29.226355644355646	103470.0
29.245000000000001	104350.0
29.261666000000002	104070.0
29.278594000000002	104350.0
29.295189999999998	100980.0
29.311943999999997	105000.0
29.330696	105630.0
29.344231999999998	106950.0
29.366977999999996	105190.0
29.381868000000001	105710.0
29.397268000000004	107070.0
29.415645999999999	104740.0
29.431536000000001	105710.0
29.449740000000002	107150.0
29.466063999999999	107730.0
29.483514	107670.0
29.499065934065936	107410.0
29.516939939939942	107890.0
29.534216000000001	108190.0
29.550136000000002	110170.0
29.566385	110700.0
29.582330000000002	112110.0
29.601834	110460.0
29.621082000000001	110080.0
29.636204000000003	111100.0
29.654215999999998	112970.0
29.670945999999997	109320.0
29.686029999999999	112680.0
29.701990000000002	114100.0
29.717935000000001	112600.0
29.735048951048952	113650.0
29.753287287287289	113880.0
29.769785000000002	115870.0
29.783977022977023	117070.0
29.803849849849851	114630.0
29.821217000000001	115270.0
29.841211999999999	114940.0
29.855195999999999	116120.0
29.869586000000002	115050.0
29.888316000000003	115960.0
29.904390000000003	119520.0
29.920601999999995	117050.0
29.939735999999996	118550.0
29.958455999999998	120470.0
29.975742999999998	120290.0
29.993472000000001	118530.0
30.010496	120800.0
30.028442000000002	120370.0
30.044916000000001	119290.0
30.061717282717286	120210.0
30.07822122122122	123640.0
30.095274	121710.0
30.113361999999999	124130.0
30.132281999999996	123450.0
30.150504000000002	126540.0
30.167615999999999	123380.0
30.182741000000004	124960.0
30.202529999999999	123940.0
30.218323999999999	126270.0
30.234579999999998	130290.0
30.253504	125630.0
30.267340000000001	127530.0
30.283285000000003	129020.0
30.298748	127850.0
30.315827999999996	126980.0
30.331300699300698	130960.0
30.345403403403402	124620.0
30.361040000000003	130080.0
30.378582999999999	126850.0
30.395792000000004	128620.0
30.411876123876119	129050.0
30.427834834834833	129010.0
30.444780000000002	129710.0
30.460508000000004	129790.0
30.474506000000002	130520.0
30.489387999999998	130360.0
30.506426000000001	132920.0
30.525797000000001	133630.0
30.540479999999999	130820.0
30.555944	133560.0
30.571385000000003	132150.0
30.588574000000001	131170.0
30.604594405594405	134270.0
30.621728728728726	135030.0
30.637367999999999	136340.0
30.654015999999999	134670.0
30.671963000000002	136890.0
30.688032000000003	136170.0
30.704990000000002	135990.0
30.720677000000002	138400.0
30.735071999999999	136580.0
30.752095999999998	135820.0
30.768785000000005	138620.0
30.784348000000001	135430.0
30.800135999999998	140590.0
30.816634999999998	138150.0
30.833152000000002	139020.0
30.850812000000001	139810.0
30.866776223776224	138730.0
30.881664664664665	140460.0
30.899042000000001	138580.0
30.914445999999998	140280.0
30.930279999999996	140290.0
30.950192000000001	142530.0
30.963264000000002	141650.0
30.980130000000003	143350.0
30.996296000000001	144670.0
31.013035000000002	144700.0
31.028980000000001	142920.0
31.04494	146900.0
31.061803000000001	145950.0
31.078308	146750.0
31.096133999999999	145550.0
31.112436999999996	149310.0
31.129103999999998	148450.0
31.144077922077923	147670.0
31.16126026026026	149530.0
31.176627999999997	148590.0
31.193456000000001	149890.0
31.211434999999998	151320.0
31.227747999999998	149810.0
31.247807999999999	149920.0
31.266065999999999	150030.0
31.281230000000001	151160.0
31.297536000000001	152360.0
31.315770999999998	156700.0
31.33408	151970.0
31.350575999999997	155110.0
31.368781999999996	153360.0
31.385929999999998	154900.0
31.403342000000002	153150.0
31.420611388611388	156650.0
31.440185185185182	155540.0
31.455824	157250.0
31.474586826347306	155300.0
31.490672000000004	155810.0
31.507695999999999	158600.0
31.524535	159080.0
31.540944	156720.0
31.559032000000002	158040.0
31.576744000000001	160230.0
31.593330000000002	159080.0
31.610747999999997	160780.0
31.629872127872126	159960.0
31.647174174174172	159740.0
31.664491999999999	161260.0
31.681823999999999	158870.0
31.699620379620381	162880.0
31.715975000000004	158590.0
31.732862862862866	160090.0
31.753839999999997	162510.0
31.768008000000002	164800.0
31.786427999999997	161390.0
31.800639999999998	164300.0
31.820444000000002	161630.0
31.836871000000002	165330.0
31.855952000000002	164340.0
31.872540000000001	166220.0
31.889483000000002	166130.0
31.907554000000001	166230.0
31.924389999999999	167690.0
31.941713	169370.0
31.956776000000001	165790.0
31.976319999999998	168200.0
31.994049950049952	168480.0
32.011071071071072	169290.0
32.030084000000002	171400.0
32.045103999999995	171100.0
32.062244	167640.0
32.080135999999996	171950.0
32.098438999999999	170960.0
32.117863999999997	171500.0
32.133719999999997	168600.0
32.152735	172980.0
32.170216000000003	172380.0
32.187063999999999	172590.0
32.202584999999999	171720.0
32.219231999999998	175530.0
32.236255999999997	171380.0
32.253264000000001	173750.0
32.270271999999999	173740.0
32.285370629370632	172380.0
32.302360999999998	174590.0
32.322147999999999	172900.0
32.337336000000001	177190.0
32.353926000000001	174560.0
32.369896000000004	173860.0
32.387368000000002	175270.0
32.403979999999997	173610.0
32.423853999999999	172370.0
32.440364000000002	172800.0
32.455835	171790.0
32.473084	174740.0
32.490455999999995	177130.0
32.505906000000003	174840.0
32.521630000000002	173560.0
32.536683999999994	175720.0
32.557360639360638	172030.0
32.570543999999998	178430.0
32.588536000000005	175160.0
32.605544000000002	176710.0
32.622774	179430.0
32.640004000000005	173140.0
32.655583999999998	176110.0
32.673003999999999	177490.0
32.688712000000002	177140.0
32.704163000000001	177120.0
32.719826000000005	175120.0
32.738320000000002	176870.0
32.755935000000001	177300.0
32.772672	173650.0
32.78884	177430.0
32.807541999999998	177690.0
32.822747999999997	174860.0
32.83981081081081	175950.0
32.858525999999998	177840.0
32.874096000000002	175330.0
32.892304000000003	178380.0
32.908381999999996	176120.0
32.925705999999998	173860.0
32.940815999999998	175290.0
32.959291	178160.0
32.977831999999999	178700.0
32.993007999999996	179920.0
33.010901000000004	179940.0
33.028129999999997	179840.0
33.044896000000001	178020.0
33.062773	177940.0
33.079912	179590.0
33.097932	177740.0
33.116870870870869	179650.0
33.133195999999998	182180.0
33.151232	179260.0
33.165482000000004	181370.0
33.183992000000003	178840.0
33.199888000000001	181180.0
33.216341	179210.0
33.234027999999995	180510.0
33.250056000000001	182090.0
33.266435000000001	178970.0
33.282379999999996	178860.0
33.299095999999999	178430.0
33.316923000000003	178590.0
33.335875999999999	179530.0
33.350298000000002	180250.0
33.363171000000001	181800.0
33.383078921078919	181400.0
33.399972972972968	181320.0
33.421188999999998	181430.0
33.433405999999998	178020.0
33.448216000000002	180690.0
33.46678	177710.0
33.484876	176700.0
33.501287999999995	178650.0
33.518106000000003	182000.0
33.534272000000001	178610.0
33.550579420579417	180910.0
33.568069069069068	181570.0
33.583647999999997	178830.0
33.600335999999999	179890.0
33.618302999999997	179840.0
33.634374000000001	181100.0
33.652546453546456	177050.0
33.670777777777772	177180.0
33.685027999999996	178880.0
33.704140000000002	179290.0
33.720085000000005	176890.0
33.736833999999995	180540.0
33.753523999999999	178870.0
33.770522	177840.0
33.787288000000004	176380.0
33.804808000000001	179820.0
33.821784999999998	174710.0
33.839294000000002	175740.0
33.857382000000001	177430.0
33.872726	178510.0
33.889552000000002	179570.0
33.907575999999999	179940.0
33.924385999999998	177030.0
33.93975124875125	179300.0
33.95737837837838	179360.0
33.974201999999998	175920.0
33.991928000000001	177850.0
34.008488	179530.0
34.025706	175940.0
34.042756000000004	175050.0
34.060696	175950.0
34.078372999999999	176950.0
34.095711999999999	178240.0
34.111940000000004	177410.0
34.128743999999998	175100.0
34.144829999999999	175600.0
34.160789999999999	173440.0
34.177833	175190.0
34.196128000000002	174490.0
34.215285714285713	175490.0
34.229811811811814	172600.0
34.247436	173610.0
34.266953999999998	173930.0
34.285435	171890.0
34.301872000000003	177420.0
34.320008000000001	175140.0
34.339761000000003	173380.0
34.356547999999997	170970.0
34.375174000000001	176660.0
34.390517000000003	169830.0
34.408695999999999	170640.0
34.426911999999994	171460.0
34.444983000000001	172040.0
34.462868	170710.0
34.478015999999997	174490.0
34.494645999999996	171460.0
34.510023952095807	169160.0
34.527663326653304	168310.0
34.545306000000004	170760.0
34.561956000000002	166900.0
34.579590000000003	171690.0
34.594965999999999	168310.0
34.611111999999999	166160.0
34.626744000000002	166450.0
34.644662000000004	163530.0
34.662973999999998	165630.0
34.679289999999995	163570.0
34.696184000000002	168320.0
34.716144	166350.0
34.729216000000001	167710.0
34.746223999999998	164670.0
34.763433999999997	159990.0
34.781517482517479	165770.0
34.798924924924926	164190.0
34.815272	164470.0
34.833208000000006	161930.0
34.851823000000003	162570.0
34.868729999999999	161720.0
34.884044000000003	158970.0
34.899635000000004	161550.0
34.917895999999999	158230.0
34.936211999999998	159140.0
34.952485000000003	158000.0
34.968429999999998	160960.0
34.985363999999997	159810.0
35.000335	158860.0
35.016432000000002	158870.0
35.034536000000003	159100.0
35.055185000000002	159050.0
35.07112487512488	159220.0
35.088297297297295	156650.0
35.106034999999999	156010.0
35.121980000000001	158380.0
35.139131999999996	154440.0
35.156543999999997	153970.0
35.173552000000001	157540.0
35.190576	152850.0
35.206735000000002	156120.0
35.223592000000004	155070.0
35.239640000000001	153290.0
35.256701999999997	151650.0
35.275326	148860.0
35.289822000000001	154130.0
35.307893	151550.0
35.325671999999997	151860.0
35.342334665334668	149340.0
35.35953153153153	149040.0
35.377712000000002	149750.0
35.394190000000002	146960.0
35.411352999999998	151160.0
35.427408	149090.0
35.444511999999996	147050.0
35.460985000000001	146890.0
35.478639360639363	147800.0
35.496740740740741	147770.0
35.512834999999995	145700.0
35.530728000000003	145930.0
35.545971999999999	146360.0
35.563685	143320.0
35.579872000000002	141420.0
35.597202000000003	142410.0
35.615642000000001	141630.0
35.63347352647353	143510.0
35.649432432432434	144200.0
35.667061999999994	143830.0
35.684952000000003	139280.0
35.699232000000002	141370.0
35.716481999999999	141910.0
35.736428000000004	140730.0
35.753140000000002	140570.0
35.768146000000002	137600.0
35.785035999999998	139400.0
35.804055999999996	136830.0
35.820935000000006	137870.0
35.837456000000003	139010.0
35.856351999999994	138060.0
35.873784999999998	137480.0
35.88973	136800.0
35.906128871128871	134430.0
35.923644644644646	135310.0
35.942296000000006	135380.0
35.958903999999997	137250.0
35.974485000000001	133670.0
35.991954	135110.0
36.010041999999999	134750.0
36.025446000000002	134010.0
36.043183999999997	133140.0
36.061191999999998	134660.0
36.074421999999998	130970.0
36.093130000000002	129800.0
36.109501999999999	132260.0
36.127572999999998	130070.0
36.144980000000004	129560.0
36.161732000000001	130860.0
36.178426000000002	127560.0
36.195386613386617	128750.0
36.213369369369367	127250.0
36.229086000000002	127210.0
36.245392000000002	125470.0
36.263967999999998	127490.0
36.279745999999996	128670.0
36.296432000000003	128100.0
36.312490000000004	124550.0
36.332492999999999	128430.0
36.350195999999997	125050.0
36.365276000000001	123430.0
36.385190000000001	124540.0
36.398076000000003	121360.0
36.416536000000001	122650.0
36.433946053946052	121020.0
36.452486486486492	121800.0
36.468425574425574	123640.0
36.483577577577577	123870.0
36.500591999999997	119330.0
36.518342000000004	118720.0
36.536413000000003	120890.0
36.554484000000002	116180.0
36.569823999999997	120880.0
36.587626373626378	119720.0
36.603714000000004	119240.0
36.621696	118200.0
36.639042000000003	116130.0
36.657016000000006	120150.0
36.671736000000003	120520.0
36.689103000000003	116160.0
36.707596000000002	114550.0
36.725776000000003	115220.0
36.741686000000001	115170.0
36.757782217782221	114830.0
36.775486486486486	115580.0
36.791346000000004	114240.0
36.807030000000005	112960.0
36.82732	112480.0
36.843006000000003	114710.0
36.860863999999999	111490.0
36.879007999999999	112030.0
36.897784999999999	113650.0
36.914093999999999	108420.0
36.931936	111020.0
36.948944000000004	111000.0
36.966695999999999	111740.0
36.984540000000003	109080.0
37.000485000000005	111980.0
37.018116000000006	109190.0
37.035380619380618	107890.0
37.05133033033033	110960.0
37.068784000000001	108050.0
37.085239999999999	108290.0
37.102063999999999	103250.0
37.119071999999996	107920.0
37.136108	105890.0
37.155173000000005	103440.0
37.173507999999998	103650.0
37.192352	103280.0
37.207180000000001	103650.0
37.225864000000001	102530.0
37.241720000000001	101510.0
37.261632999999996	104290.0
37.280216000000003	104800.0
37.296488000000004	101630.0
37.310946000000001	99830.0
37.326519480519487	100030.0
37.343252252252256	101430.0
37.361922	100630.0
37.37838	99250.0
37.395296000000002	99030.0
37.410322999999998	100760.0
37.428148	98810.0
37.443336000000002	98380.0
37.460762000000003	97430.0
37.479351999999999	96440.0
37.496375999999998	97060.0
37.512186999999997	96530.0
37.527853999999998	95830.0
37.546467999999997	95830.0
37.563245999999999	93880.0
37.580083999999999	92540.0
37.597444555444554	96390.0
37.613681681681676	96040.0
37.631314000000003	93200.0
37.648496000000002	93950.0
37.665503999999999	92560.0
37.681480000000001	91080.0
37.697535999999999	91790.0
37.714067	91740.0
37.729218000000003	90750.0
37.748289999999997	90090.0
37.765281999999999	89480.0
37.782356	88590.0
37.798567999999996	89060.0
37.817701999999997	89280.0
37.835030000000003	90270.0
37.850990000000003	88910.0
37.869122000000004	87700.0
37.883494505494511	86610.0
37.902261261261266	87410.0
37.918785	85630.0
37.934730000000002	85930.0
37.949736000000001	84560.0
37.966744000000006	86720.0
37.983408000000004	86370.0
37.999012	85500.0
38.015886999999999	84660.0
38.031154000000001	84310.0
38.049668000000004	82450.0
38.066357000000004	84330.0
38.082384000000005	83350.0
38.099856000000003	80170.0
38.116864	81120.0
38.134613999999999	82330.0
38.151077922077924	78520.0
38.167033033033029	81340.0
38.182980000000001	78610.0
38.199936000000001	80650.0
38.215826	78430.0
38.231684000000001	79890.0
38.253603999999996	77490.0
38.268735	79820.0
38.285616000000005	80130.0
38.303263999999999	80100.0
38.319462999999999	78100.0
38.336530000000003	77700.0
38.353612387612387	77050.0
38.370429429429429	77770.0
38.387072000000003	76570.0
38.40334	74380.0
38.420090909090909	75150.0
38.438873873873874	74480.0
38.457082	76410.0
38.473162000000002	74090.0
38.492080000000001	72420.0
38.507904000000003	75470.0
38.523383000000003	70660.0
38.540929999999996	74860.0
38.557541999999998	70000.0
38.574835	71590.0
38.591684000000001	70280.0
38.608739999999997	71880.0
38.624106000000005	69920.0
38.641556000000001	70370.0
38.656472000000001	70480.0
38.675379999999997	67800.0
38.694975999999997	69720.0
38.709636363636363	67740.0
38.72922022022022	69060.0
38.746264000000004	69230.0
38.759548000000002	67420.0
38.778086000000002	69040.0
38.794027999999997	65910.0
38.812587999999998	66300.0
38.826746	67490.0
38.843637999999999	65490.0
38.861523999999996	65850.0
38.877463999999996	64680.0
38.894472	65340.0
38.910184000000001	66600.0
38.925784999999998	64990.0
38.943294000000002	63540.0
38.961382	64100.0
38.978529470529466	64790.0
38.996523523523521	62560.0
39.013611999999995	63100.0
39.031089000000001	62410.0
39.043915999999996	61980.0
39.062163999999996	61630.0
39.077913000000002	61550.0
39.095280000000002	61400.0
39.112904	61110.0
39.130706000000004	61100.0
39.14884	61430.0
39.165877999999999	60370.0
39.181703999999996	58000.0
39.197248000000002	57640.0
39.216124000000001	60570.0
39.231166999999999	57810.0
39.250518	58110.0
39.264805194805199	57920.0
39.282783999999999	58280.0
39.299680000000002	58420.0
39.315992000000001	54400.0
39.333584999999999	55890.0
39.350436000000002	55170.0
39.368850149850147	56010.0
39.384997997997999	55730.0
39.404316000000001	56220.0
39.421559999999999	53950.0
39.438380000000002	55100.0
39.455548	54300.0
39.472681999999999	53800.0
39.490752999999998	53360.0
39.508824000000004	54490.0
39.524104000000001	53990.0
39.542964035964033	54890.0
39.559240000000003	53080.0
39.579386	52790.0
39.592213000000001	51710.0
39.610032000000004	52030.0
39.627045908183632	53820.0
39.643666332665326	51590.0
39.659188	52850.0
39.675601999999998	50800.0
39.693103999999998	49740.0
39.710112000000002	50410.0
39.729224000000002	48080.0
39.747143999999999	50440.0
39.763329999999996	49060.0
39.781061999999999	48500.0
39.800082000000003	49240.0
39.819179820179819	49620.0
39.835126126126127	48170.0
39.851360639360635	49520.0
39.869219219219218	48020.0
39.886787999999996	47080.0
39.904935000000002	47350.0
39.921259481037922	48830.0
39.937368737474948	47000.0
39.954342000000004	47930.0
39.972893999999997	46460.0
39.988398000000004	45630.0
40.005762000000004	46940.0
40.022580000000005	46570.0
40.041047999999996	45760.0
40.058384000000004	44440.0
40.073467999999998	43490.0
40.091363636363639	44380.0
40.106585585585584	43460.0
40.125583999999996	43190.0
40.143239999999999	44730.0
40.158906000000002	42590.0
40.175155999999994	44340.0
40.194307999999999	42260.0
40.212035	42420.0
40.227980000000002	42130.0
40.244535999999997	43590.0
40.260226000000003	41770.0
40.277983016983015	42210.0
40.295572572572574	41500.0
40.310037000000001	40020.0
40.328415999999997	41280.0
40.346592000000001	40430.0
40.361584999999998	40540.0
40.377630369630367	39990.0
40.39447747747748	38900.0
40.410892999999994	40760.0
40.428671999999999	39110.0
40.445695999999998	39780.0
40.462285000000001	38360.0
40.478712000000002	38160.0
40.494098000000001	38110.0
40.510961999999999	38210.0
40.530096	38150.0
40.546303999999999	37580.0
40.563583000000001	37380.0
40.578206000000002	37760.0
40.596668000000001	37960.0
40.615802000000002	36330.0
40.628936000000003	35550.0
40.647506493506491	36140.0
40.662029029029028	35880.0
40.679872000000003	34830.0
40.696283999999999	35770.0
40.712273000000003	35810.0
40.730344000000002	35700.0
40.748432000000001	35760.0
40.763708000000001	35090.0
40.779574000000004	34470.0
40.797661999999995	33570.0
40.814984000000003	34490.0
40.831180000000003	33280.0
40.847139999999996	34170.0
40.865901999999998	34860.0
40.881034	34390.0
40.899056000000002	34010.0
40.916322000000001	32720.0
40.934109890109895	32120.0
40.948360360360361	32290.0
40.968784999999997	32160.0
40.984729999999999	32190.0
41.001581999999999	30690.0
41.019144000000004	32610.0
41.035580000000003	31210.0
41.052176000000003	30810.0
41.068485000000003	31580.0
41.088240000000006	29840.0
41.102911999999996	29430.0
41.119224000000003	30100.0
41.140039999999999	31440.0
41.155272000000004	31280.0
41.173105999999997	29880.0
41.188130000000001	29770.0
41.204704295704296	31040.0
41.223292292292292	29890.0
41.240975999999996	28690.0
41.258544000000001	29510.0
41.273885	28790.0
41.291918000000003	29490.0
41.310375999999998	28730.0
41.327384000000002	28200.0
41.344391999999999	27860.0
41.359864000000002	27870.0
41.375585000000001	28640.0
41.396040000000006	28490.0
41.411524	27330.0
41.427521999999996	26900.0
41.446564000000002	26970.0
41.464028000000006	26820.0
41.478723000000002	25350.0
41.49650749250749	26030.0
41.513870870870875	26020.0
41.530316999999997	25980.0
41.546495999999998	25490.0
41.564039999999999	25260.0
41.580584000000002	25060.0
41.598915999999996	24080.0
41.61589	25420.0
41.633412999999997	24820.0
41.652335999999998	25290.0
41.667823999999996	24450.0
41.681727000000002	24920.0
41.70075524475525	24380.0
41.719576576576578	24510.0
41.735703999999998	25700.0
41.752248000000002	23510.0
41.768618381618381	24090.0
41.787017017017014	23700.0
41.803595999999999	24320.0
41.819831999999998	23790.0
41.834235	22960.0
41.852015999999999	22350.0
41.869816	23230.0
41.889040999999999	22750.0
41.903624000000001	22240.0
41.922453999999995	22200.0
41.938935000000001	21960.0
41.955872000000006	21200.0
41.971951999999995	22000.0
41.989784999999998	22130.0
42.005912000000002	21800.0
42.022932067932068	21480.0
42.040857857857858	21680.0
42.058831168831169	21270.0
42.07483783783784	22110.0
42.091985999999999	21810.0
42.108553999999998	20970.0
42.127268000000001	19870.0
42.145023999999999	21360.0
42.161279999999998	19870.0
42.178871999999998	20170.0
42.19517182817183	20300.0
42.210187187187188	18950.0
42.230083999999998	19780.0
42.244965999999998	19170.0
42.260376000000001	20040.0
42.279724000000002	19500.0
42.298884999999999	19160.0
42.314185999999999	18780.0
42.32994105894106	19820.0
42.347726726726727	19500.0
42.365728000000004	19040.0
42.383064000000005	18420.0
42.399224000000004	17980.0
42.416933999999998	18150.0
42.435787999999995	18020.0
42.451605999999998	18070.0
42.467379999999999	17630.0
42.483339999999998	17020.0
42.503304	18500.0
42.520311999999997	16950.0
42.536752	17720.0
42.550761999999999	16970.0
42.56908	16210.0
42.586047999999998	17060.0
42.605581000000001	16970.0
42.622999999999998	16760.0
42.638933933933934	15220.0
42.655834999999996	16550.0
42.673735999999998	15870.0
42.690739999999998	15410.0
42.707464000000002	15890.0
42.724471999999999	16400.0
42.740589999999997	15170.0
42.757504000000004	16510.0
42.776416000000005	15330.0
42.790632000000002	15280.0
42.808384999999994	16520.0
42.824995999999999	15890.0
42.843289999999996	15630.0
42.860281999999998	14850.0
42.877768000000003	14730.0
42.893608391608396	14910.0
42.911155155155157	14270.0
42.929234000000001	14050.0
42.946655999999997	15110.0
42.964393000000001	14040.0
42.981672000000003	13870.0
42.998682317682317	13730.0
43.016621621621624	14100.0
43.034693999999995	14150.0
43.048828	13720.0
43.067962000000001	14130.0
43.086752000000004	13750.0
43.104011999999997	14510.0
43.121186000000002	13490.0
43.137154000000002	12580.0
43.154809190809196	13870.0
43.172304304304305	13890.0
43.189271728271727	13090.0
43.205234234234233	12790.0
43.221863999999997	12730.0
43.239613999999996	13170.0
43.260120000000001	12680.0
43.275297000000002	12790.0
43.291911999999996	13300.0
43.308935999999996	12600.0
43.326062	11730.0
43.344952000000006	11950.0
43.362161999999998	12210.0
43.379734999999997	12260.0
43.396304000000001	12260.0
43.413640000000001	11700.0
43.430463000000003	12010.0
43.447027999999996	11170.0
43.464743256743255	10890.0
43.483058058058056	11740.0
43.500763999999997	11470.0
43.518096	12300.0
43.535923000000004	11180.0
43.554876	11360.0
43.570243999999995	11710.0
43.589126	10890.0
43.604151999999999	11270.0
43.621173826173823	11070.0
43.638567567567563	11250.0
43.657716000000001	11200.0
43.675564000000001	10270.0
43.691613000000004	11060.0
43.708779999999997	10270.0
43.725255999999995	10480.0
43.742843000000001	10110.0
43.758337662337659	10280.0
43.776408408408408	10420.0
43.795842	10240.0
43.812480000000001	10130.0
43.829336000000005	8960.0
43.844425999999999	10310.0
43.863374	9910.0
43.881376000000003	9890.0
43.898235	10320.0
43.913967999999997	9370.0
43.929139999999997	10050.0
43.946101999999996	9400.0
43.965235999999997	9150.0
43.982523999999998	9770.0
43.998463999999998	9540.0
44.016655999999998	9040.0
44.032519480519483	8350.0
44.050655655655653	8990.0
44.067729999999997	9110.0
44.084536	8150.0
44.103361999999997	8670.0
44.119579999999999	8230.0
44.137576000000003	8910.0
44.154584	8700.0
44.171591999999997	8540.0
44.188842000000001	8230.0
44.205756999999998	8160.0
44.221336000000001	8200.0
44.239655999999997	8140.0
44.256664000000001	8120.0
44.272587999999999	8240.0
44.288696000000002	7540.0
44.307042000000003	8700.0
44.323969030969032	8050.0
44.342324324324323	7970.0
44.358884999999994	7430.0
44.373908	7880.0
44.392747999999997	8430.0
44.410734999999995	7450.0
44.426904	7860.0
44.444816000000003	7840.0
44.462297702297704	7320.0
44.480519519519518	7370.0
44.497222000000001	7670.0
44.514435000000006	6540.0
44.530380000000001	7800.0
44.548563999999999	7210.0
44.563808999999999	7190.0
44.580958000000003	7330.0
44.598924075924074	6340.0
44.615940940940938	6930.0
44.633824000000004	6950.0
44.650040000000004	7120.0
44.667983	6810.0
44.685991999999999	6280.0
44.703015999999998	7230.0
44.720023999999995	6620.0
44.736779999999996	6930.0
44.753056000000001	6510.0
44.770064000000005	6640.0
44.786630000000002	6720.0
44.804107999999999	7180.0
44.822104000000003	6860.0
44.837848000000001	5840.0
44.855528	6450.0
44.870867000000004	6030.0
44.887138861138865	5980.0
44.905945945945945	6060.0
44.923183999999999	5560.0
44.936228	6010.0
44.956063999999998	6140.0
44.971223999999999	5640.0
44.988636	6080.0
45.006723999999998	5390.0
45.022264	6060.0
45.039272000000004	5570.0
45.056295999999996	5940.0
45.073304	5290.0
45.089721278721278	5850.0
45.107621621621618	5220.0
45.123217000000004	5200.0
45.139352000000002	5230.0
45.158032967032966	5670.0
45.172685685685686	5370.0
45.193240000000003	5570.0
45.209338000000002	5410.0
45.223513000000004	5760.0
45.241583999999996	5320.0
45.259888000000004	5370.0
45.278742999999999	5550.0
45.295445999999998	4680.0
45.311714000000002	4760.0
45.329566	5170.0
45.347108000000006	4830.0
45.363748000000001	4810.0
45.378884999999997	4710.0
45.396996000000001	4500.0
45.413004000000001	4770.0
45.430433000000001	4890.0
45.446666333666336	4620.0
45.463615615615616	4970.0
45.483584999999998	4360.0
45.499631999999998	4920.0
45.516656000000005	4720.0
45.533435000000004	4630.0
45.549672000000001	4690.0
45.567408	4610.0
45.585284999999999	4410.0
45.601230000000001	4730.0
45.617190000000001	4490.0
45.634352999999997	4540.0
45.651751999999995	4380.0
45.669511999999997	3740.0
45.687583000000004	4200.0
45.704791999999998	4600.0
45.7208622754491	4450.0
45.73782364729459	4580.0
45.754728	3930.0
45.770088000000001	4230.0
45.788685000000001	4450.0
45.805598000000003	4400.0
45.824590000000001	3890.0
45.840535000000003	4230.0
45.856048000000001	4050.0
45.872927999999995	3710.0
45.890943999999998	4460.0
45.907952000000002	4090.0
45.922232000000001	4040.0
45.942478000000001	3820.0
45.958556000000002	3800.0
45.978520000000003	3690.0
45.993206999999998	3990.0
46.008018018018021	3710.0
46.026990000000005	3530.0
46.043450999999997	3800.0
46.06288	3600.0
46.079352	3520.0
46.097422999999999	3940.0
46.114348	3700.0
46.129689999999997	3770.0
46.146653000000001	3820.0
46.163007999999998	3550.0
46.179811999999998	3970.0
46.197184	3360.0
46.214953999999999	3650.0
46.233868000000001	3430.0
46.248556999999998	3620.0
46.266184000000003	3270.0
46.280270270270272	3120.0
46.299343	3330.0
46.317555999999996	3070.0
46.336295999999997	2830.0
46.353034999999998	3380.0
46.368648	2890.0
46.385523999999997	3000.0
46.403884999999995	3100.0
46.420873999999998	3190.0
46.437204000000001	2940.0
46.453384	2980.0
46.471103999999997	3440.0
46.488416000000001	2910.0
46.504584999999999	3130.0
46.522334000000001	3100.0
46.539456000000001	3230.0
46.555434565434567	2920.0
46.571548548548549	2930.0
46.589964000000002	3480.0
46.608628000000003	2690.0
46.622793999999999	3010.0
46.640535999999997	3200.0
46.657946053946056	3190.0
46.674129129129128	2990.0
46.691719999999997	3310.0
46.708188	2810.0
46.723591999999996	2840.0
46.740615999999996	3110.0
46.760779999999997	3020.0
46.77778	3010.0
46.792823999999996	2790.0
46.807706000000003	3050.0
46.828629370629372	2580.0
46.844786786786791	2680.0
46.862535000000001	2920.0
46.879176000000001	3250.0
46.898032000000001	2790.0
46.915025999999997	2860.0
46.930751999999998	2550.0
46.947775999999998	2830.0
46.964784000000002	2490.0
46.981180000000002	2800.0
47.000520000000002	2910.0
47.016597402597405	2880.0
47.033630630630633	2780.0
47.049990000000001	2650.0
47.065006000000004	2430.0
47.083856000000004	2720.0
47.101895104895107	3190.0
47.119008008008002	2430.0
47.13673	2620.0
47.15269	2870.0
47.168635000000002	2600.0
47.186812000000003	2510.0
47.205668000000003	2550.0
47.220984000000001	2560.0
47.238554000000001	2380.0
47.254764000000002	2660.0
47.273091000000001	2140.0
47.290279999999996	2850.0
47.30704295704296	2370.0
47.324062062062062	2600.0
47.342014000000006	2360.0
47.357114000000003	2750.0
47.377103999999996	2820.0
47.394109890109895	2690.0
47.411513513513512	2720.0
47.430662000000005	2660.0
47.448508000000004	2300.0
47.464948	2510.0
47.482734999999998	2490.0
47.49868	2450.0
47.516368	2130.0
47.534224000000002	2350.0
47.551934000000003	2450.0
47.569256000000003	2300.0
47.587921999999999	2480.0
47.604379999999999	2400.0
47.620339999999999	2300.0
47.637342000000004	2680.0
47.656312	2410.0
47.673333666333669	2510.0
47.689914914914915	2390.0
47.706167999999998	2440.0
47.725375999999997	2490.0
47.741186999999996	2430.0
47.758240000000001	2400.0
47.776890000000002	2470.0
47.794601999999998	2150.0
47.812432000000001	2130.0
47.830888000000002	3030.0
47.846906000000004	2310.0
47.863472000000002	2450.0
47.881402000000001	2390.0
47.898504000000003	2650.0
47.915576000000001	2600.0
47.934344000000003	2360.0
47.949544000000003	2410.0
47.966548451548455	2230.0
47.982708708708707	2440.0
47.999677999999996	2360.0
48.019767999999999	2310.0
48.036567999999995	2490.0
48.053546000000004	2450.0
48.069030000000005	2290.0
48.088320000000003	2340.0
48.103747999999996	2710.0
48.120463999999998	2450.0
48.140264000000002	2380.0
48.154947	2070.0
48.174639360639361	2520.0
48.192689999999999	2550.0
48.208962	2160.0
48.227408000000004	2220.0
48.24253646353646	2150.0
48.25907107107107	2490.0
48.277153999999996	2330.0
48.294815999999997	2100.0
48.311824000000001	2570.0
48.329384000000005	2340.0
48.346856000000002	2420.0
48.364542999999998	2340.0
48.382613999999997	2090.0
48.398284000000004	2470.0
48.418379999999999	2420.0
48.434048000000004	2070.0
48.449940000000005	2360.0
48.466000000000001	2400.0
48.484267803410226	2270.0
48.503045999999998	2480.0
48.516233	2550.0
48.535233766233766	2210.0
48.555006006006003	2210.0
48.572023999999999	2480.0
48.587526000000004	2190.0
48.604754	2110.0
48.623063999999999	2660.0
48.640072000000004	2370.0
48.657851999999998	2450.0
48.676741999999997	2090.0
48.694994000000001	2120.0
48.711190000000002	2600.0
48.726134999999999	1960.0
48.742440000000002	2500.0
48.763311999999999	1970.0
48.780785999999999	1980.0
48.796191999999998	2140.0
48.813536463536465	2090.0
48.830437437437439	2480.0
48.846684000000003	2390.0
48.86374	2240.0
48.880842999999999	2360.0
48.898913999999998	2220.0
48.915590000000002	1970.0
48.932304000000002	2340.0
48.951808	2220.0
48.968426573426569	2380.0
48.986302302302306	2120.0
49.003396000000002	2030.0
49.022204000000002	2240.0
49.037532999999996	2410.0
49.055604000000002	2410.0
49.073416000000002	2160.0
49.090423999999999	2350.0
49.107827172827172	1990.0
49.126378378378384	2120.0
49.144992999999999	2350.0
49.160695999999994	2410.0
49.177807999999999	2730.0
49.195504	2050.0
49.212512000000004	2030.0
49.227843999999997	2100.0
49.248179999999998	2130.0
49.266524000000004	2450.0
49.280647352647357	2060.0
49.29966766766767	2130.0
49.317429999999995	2510.0
49.333615999999999	2260.0
49.350912999999998	2340.0
49.368631999999998	2530.0
49.386896103896106	2410.0
49.404698698698702	2290.0
49.421756000000002	2160.0
49.439695999999998	2020.0
49.45732768924303	2460.0
49.476156626506025	2260.0
49.490552000000001	2460.0
49.509321	1870.0
49.528596	2530.0
49.543803999999994	2040.0
49.560881999999999	1860.0
49.579568000000002	1670.0
49.594991999999998	2270.0
49.613063000000004	2530.0
49.630831999999998	2300.0
49.648588000000004	2280.0
49.666435	1900.0
49.683355644355643	2160.0
49.70088888888889	2540.0
49.718522999999998	2260.0
49.735911999999999	2230.0
49.752935999999998	1870.0
49.768326000000002	2020.0
49.787568	2210.0
49.804975999999996	2100.0
49.822983000000001	2290.0
49.841054	1880.0
49.859141999999999	2260.0
49.877020979020983	2220.0
49.894020020020022	2190.0
49.910423999999999	1990.0
49.926822000000001	2250.0
49.945506493506493	2220.0
49.964594999999996	2230.0
49.981959959959958	1980.0
49.999375999999998	1990.0
50.016440000000003	2360.0
50.033144	2280.0
50.049329999999998	2420.0
50.067062	1870.0
50.085132999999999	2040.0
50.104155999999996	2090.0
50.118443999999997	2080.0
50.138224000000001	2190.0
50.155231999999998	2130.0
50.172255999999997	2160.0
50.189264000000001	2140.0
50.206272000000006	2050.0
50.224663999999997	2040.0
50.243304000000002	2110.0
50.262046953046955	2070.0
50.279655688622753	2150.0
50.297038114343025	2170.0
50.315896000000002	1900.0
50.331704000000002	2320.0
50.349283	2030.0
50.366391999999998	1940.0
50.384416000000002	2070.0
50.401513000000001	1880.0
50.419128000000001	2020.0
50.435103999999995	2160.0
50.455022	1950.0
50.472788000000001	2620.0
50.488495999999998	2240.0
50.506442	2060.0
50.523980000000002	2530.0
50.539931068931068	2210.0
50.559173173173171	2110.0
50.576830000000001	2270.0
50.594361999999997	2100.0
50.611570429570428	2140.0
50.629502502502504	1960.0
50.64564	1890.0
50.662624000000001	2360.0
50.679631999999998	2340.0
50.697154000000005	1850.0
50.716206	2110.0
50.731671999999996	1980.0
50.749051999999999	2210.0
50.766664015904574	1900.0
50.784140845070425	1810.0
50.801189999999998	2160.0
50.815916999999999	2210.0
50.8350979020979	2070.0
50.853036036036038	1850.0
50.869783999999996	1990.0
50.889378000000001	2260.0
50.905889999999999	1920.0
50.923813000000003	2160.0
50.940002004008015	2090.0
50.960508000000004	1900.0
50.974864000000004	2240.0
50.992114000000001	1900.0
51.009896000000005	1950.0
51.028010999999999	2290.0
51.046047999999999	2170.0
51.062432000000001	2410.0
51.079943999999998	2050.0
51.098196000000002	2200.0
51.115279720279716	2330.0
51.131231231231226	2230.0
51.151240000000001	1990.0
51.170768000000002	2200.0
51.185206999999998	1870.0
51.204030000000003	1940.0
51.219990000000003	2090.0
51.235935000000005	2150.0
51.252629850746274	1720.0
51.271531658291458	2240.0
51.288698999999994	2280.0
51.308347999999995	2150.0
51.323244000000003	2190.0
51.339652999999998	2050.0
51.357723999999997	1730.0
51.374540000000003	2030.0
51.392582000000004	2500.0
51.411702297702298	1920.0
51.428387387387382	2260.0
51.447001999999998	2210.0
51.465184000000001	2200.0
51.481272000000004	1880.0
51.499184999999997	2290.0
51.515414	1820.0
51.532884000000003	2170.0
51.548842	2010.0
51.567312000000001	2250.0
51.584732000000002	1830.0
51.601884999999996	1850.0
51.619917999999998	2050.0
51.637203999999997	2470.0
51.653384000000003	2150.0
51.672528	2210.0
51.693504495504499	2310.0
51.705549549549552	2470.0
51.723236	2490.0
51.740456000000002	1680.0
51.759551000000002	2230.0
51.779471999999998	2150.0
51.796339999999994	1900.0
51.812722999999998	1940.0
51.830794000000004	2000.0
51.848882000000003	1950.0
51.865316999999997	2020.0
51.881495999999999	1730.0
51.899039999999999	2320.0
51.916132338308458	1850.0
51.934885427135683	2380.0
51.952615999999999	1860.0
51.968834999999999	2020.0
51.98561838161838	1890.0
52.002654654654656	2000.0
52.023580000000003	2160.0
52.035713999999999	1840.0
52.053801999999997	1900.0
52.071704000000004	2220.0
52.089176000000002	2200.0
52.107143999999998	2070.0
52.123103	2130.0
52.140751999999999	1830.0
52.158262000000001	2160.0
52.175784	1880.0
52.191568000000004	1910.0
52.207140000000003	2270.0
52.227519000000001	2260.0
52.245832	2260.0
52.262842157842158	1880.0
52.277992000000005	2250.0
52.294871871871877	2000.0
52.312839999999994	2360.0
52.328904000000001	2040.0
52.345730000000003	2130.0
52.362673999999998	1940.0
52.381944000000004	2000.0
52.398952000000001	1990.0
52.415976000000001	2340.0
52.432485	2030.0
52.448992000000004	2070.0
52.465389999999999	1890.0
52.483401999999998	1980.0
52.501032000000002	2240.0
52.518056000000001	2000.0
52.535063999999998	2100.0
52.550174825174828	1760.0
52.571089999999998	2380.0
52.587035	1970.0
52.602980000000002	1920.0
52.619135999999997	2100.0
52.636662000000001	2320.0
52.655473999999998	1770.0
52.672789999999999	1690.0
52.688735000000001	2370.0
52.705183816183819	1960.0
52.722784784784785	2120.0
52.740862999999997	2070.0
52.756827999999999	2270.0
52.770958	1970.0
52.791409000000002	1750.0
52.807487999999999	2250.0
52.825235764235764	1520.0
52.841342000000004	2100.0
52.860230000000001	2290.0
52.876336000000002	1990.0
52.893552999999997	2200.0
52.911079999999998	1860.0
52.927039999999998	2160.0
52.942985	1810.0
52.960777999999998	2120.0
52.979416000000001	2110.0
52.995835	2260.0
53.013083999999999	1890.0
53.030455999999994	1860.0
53.045076616915424	2280.0
53.063982914572861	2030.0
53.082402000000002	1680.0
53.098534999999998	2180.0
53.11558958958959	2300.0
53.135536000000002	2090.0
53.152066999999995	2360.0
53.166995999999997	1930.0
53.185575999999998	1950.0
53.201886000000002	2220.0
53.218415999999998	2030.0
53.234712000000002	1630.0
53.252319	2240.0
53.271030000000003	2160.0
53.288322000000001	2030.0
53.306393	1950.0
53.322879999999998	2130.0
53.341408000000001	1870.0
53.358704000000003	2080.0
53.373747999999999	1980.0
53.389720720720725	1870.0
53.406962	1930.0
53.425408000000004	1860.0
53.441247999999995	2060.0
53.459783999999999	2080.0
53.476429999999993	2100.0
53.491963999999996	1920.0
53.509779999999999	2300.0
53.528832000000001	2260.0
53.545856000000001	1960.0
53.562184999999999	1890.0
53.578130000000002	2060.0
53.598119999999994	2130.0
53.613297000000003	2140.0
53.631776000000002	1780.0
53.647940000000006	2130.0
53.665060939060943	2080.0
53.683802383316788	1670.0
53.699870967741937	2420.0
53.716735	1930.0
53.733303999999997	2110.0
53.750639999999997	1850.0
53.767023999999999	1930.0
53.784534000000001	1960.0
53.802056	2020.0
53.819693000000001	1770.0
53.837071999999999	1710.0
53.852573426573429	1930.0
53.869101101101101	1860.0
53.886111999999997	2140.0
53.903136000000003	2230.0
53.920126000000003	1960.0
53.935366633366634	1970.0
53.955027027027029	2050.0
53.971383000000003	1950.0
53.989454000000002	2040.0
54.006885114885115	2390.0
54.022825825825826	2120.0
54.038328	2260.0
54.055804000000002	1990.0
54.074263999999999	1870.0
54.091272000000004	1930.0
54.108296000000003	2230.0
54.126073000000005	2170.0
54.141647999999996	1930.0
54.160128	2030.0
54.176384999999996	1940.0
54.193329670329668	2000.0
54.209616616616614	2150.0
54.229232767232766	2050.0
54.245168168168163	2430.0
54.262520000000002	2170.0
54.281067999999998	2040.0
54.296638000000002	1950.0
54.314990000000002	1960.0
54.330935000000004	2020.0
54.348655999999998	2190.0
54.367151999999997	1720.0
54.385222999999996	1920.0
54.402512000000002	2030.0
54.418689999999998	1920.0
54.436453	2100.0
54.451608	2280.0
54.469540000000002	1820.0
54.485683000000002	2040.0
54.503427572427569	1990.0
54.519603603603599	1930.0
54.537490999999996	1820.0
54.555928000000002	1690.0
54.572904000000001	2060.0
54.592143	2150.0
54.60913	2030.0
54.626302000000003	1970.0
54.643704	1940.0
54.660688622754492	1760.0
54.678525050100205	1890.0
54.696602999999996	2230.0
54.712829999999997	1880.0
54.730761999999999	1980.0
54.747979999999998	1740.0
54.768568000000002	1850.0
54.783816000000002	2000.0
54.800820179820178	1820.0
54.817811188811191	2110.0
54.834835671342688	2170.0
54.853580000000001	1970.0
54.872372627372627	1780.0
54.888888888888893	1940.0
54.907142	1890.0
54.924230000000001	1780.0
54.940936000000001	2030.0
54.957943999999998	1640.0
54.976695999999997	2080.0
54.993975999999996	1730.0
55.013981000000001	1980.0
55.028053999999997	1730.0
55.046393999999999	2070.0
55.065646000000001	1860.0
55.081531468531466	2420.0
55.100360360360362	1860.0
55.117685000000002	2000.0
55.135398000000002	2000.0
55.154055721393036	2020.0
55.171069346733667	2000.0
55.190007999999999	1850.0
55.205352000000005	2130.0
55.223421000000002	2050.0
55.241152	1950.0
55.259062	2130.0
55.277132999999999	1700.0
55.292192	2010.0
55.309443999999999	2080.0
55.328946000000002	1740.0
55.345039999999997	2210.0
55.365517482517483	2210.0
55.383570429570433	1710.0
55.401240000000001	1880.0
55.41916383616384	1810.0
55.43676328986961	2430.0
55.453893999999998	1970.0
55.473273999999996	2030.0
55.489217000000004	2040.0
55.507668000000002	1800.0
55.525376000000001	2080.0
55.542383999999998	2100.0
55.561315999999998	1840.0
55.579390000000004	2040.0
55.595513000000004	1980.0
55.613431999999996	2140.0
55.630888000000006	2140.0
55.649743000000001	1860.0
55.667466533466531	2190.0
55.683669999999999	1900.0
55.699956	2030.0
55.720151000000001	2180.0
55.737735000000001	1810.0
55.755514514514516	2090.0
55.774274000000005	2340.0
55.793147999999995	2080.0
55.808886000000001	1920.0
55.82831068931069	2250.0
55.845615615615614	2260.0
55.862624000000004	1950.0
55.879733999999999	1820.0
55.897988000000005	1670.0
55.916435	1910.0
55.932671999999997	1980.0
55.950757242757241	1680.0
55.969270000000002	2190.0
55.985695999999997	2030.0
56.003264999999999	1710.0
56.020727999999998	1770.0
56.038406999999999	1660.0
56.056494999999998	2190.0
56.072969999999998	2220.0
56.092359000000002	1920.0
56.108874999999998	2310.0
56.12482	1880.0
56.142816000000003	1910.0
56.159955000000004	1830.0
56.177672672672671	2170.0
56.193626373626373	1860.0
56.210794999999997	1680.0
56.229519999999994	2280.0
56.246327000000001	2000.0
56.263919999999999	2000.0
56.280927999999996	1870.0
56.300419999999995	1700.0
56.316904999999998	2150.0
56.333716000000003	2060.0
56.353408999999999	1850.0
56.3675	1850.0
56.386821999999995	2000.0
56.401017000000003	1770.0
56.419235	2100.0
56.438791999999999	1920.0
56.454438000000003	1990.0
56.472569999999997	1890.0
56.488723999999998	1750.0
56.506715	1900.0
56.523112887112887	1860.0
56.540619	2210.0
56.557549999999999	2120.0
56.576045999999998	2360.0
56.593454999999999	2250.0
56.61016	1880.0
56.628831999999996	1740.0
56.644418000000002	2080.0
56.660250000000005	2070.0
56.679266000000005	1950.0
56.699001000000003	1850.0
56.713380000000001	2020.0
56.731468	1740.0
56.749543543543538	1710.0
56.766964999999999	1940.0
56.784505000000003	2170.0
56.801942115768462	2300.0
56.818351351351346	1780.0
56.835175999999997	2040.0
56.851998999999999	2150.0
56.871490000000001	2110.0
56.887062	1690.0
56.905903000000002	2190.0
56.923400000000001	2300.0
56.940424	2010.0
56.958458999999998	2230.0
56.976350000000004	1890.0
56.992463999999998	2000.0
57.009906000000001	2200.0
57.029040000000002	1970.0
57.047160000000005	2210.0
57.063512000000003	1730.0
57.08052	1680.0
57.098602397602399	1810.0
57.115940000000002	2130.0
57.134520999999999	1840.0
57.151845000000002	2140.0
57.169362	1960.0
57.188282000000001	2010.0
57.204695000000001	2070.0
57.223568	2110.0
57.241624000000002	2110.0
57.258853999999999	1730.0
57.277824824824826	2120.0
57.29522	1900.0
57.311585999999998	2050.0
57.329998000000003	1760.0
57.3474	2010.0
57.366744000000004	2050.0
57.382657999999999	1890.0
57.39875024975025	1850.0
57.417114000000005	1950.0
57.434764235764234	2060.0
57.453364000000001	2000.0
57.468194805194805	2230.0
57.484783999999998	1950.0
57.502778999999997	2170.0
57.520802407221666	1990.0
57.537972000000003	1970.0
57.556042999999995	1680.0
57.574131000000001	1760.0
57.591590000000004	1680.0
57.607903999999998	1990.0
57.624928000000004	1840.0
57.642927999999998	2010.0
57.659825999999995	1950.0
57.67595804195804	1630.0
57.694330000000001	1920.0
57.711967999999999	2050.0
57.729803999999994	2170.0
57.747	2030.0
57.764946000000002	2160.0
57.783034000000001	2050.0
57.800910910910908	1790.0
57.816192999999998	2010.0
57.834088000000001	2130.0
57.851607999999999	1900.0
57.870423000000002	2120.0
57.887744999999995	2100.0
57.904128871128869	1870.0
57.921136136136134	1700.0
57.939886999999999	2320.0
57.956904000000002	2180.0
57.975267732267731	1930.0
57.991667999999997	1990.0
58.009025000000001	2240.0
58.028872	1640.0
58.045279999999998	1910.0
58.063225000000003	1590.0
58.079248	1800.0
58.096698000000004	1980.0
58.116279999999996	1930.0
58.133823999999997	1810.0
58.151980000000002	2030.0
58.167529999999999	2160.0
58.184702000000001	1880.0
58.203352000000002	1960.0
58.219189999999998	2010.0
58.236015999999999	2310.0
58.254790419161672	1980.0
58.273927927927929	2350.0
58.292228999999999	1400.0
58.310316999999998	2220.0
58.324532000000005	1730.0
58.343432432432436	2090.0
58.360748000000001	2140.0
58.38017	2130.0
58.396142000000005	1940.0
58.415793999999998	1750.0
58.433520000000001	2120.0
58.449304000000005	2180.0
58.466439999999999	1860.0
58.484490000000001	2230.0
58.501764000000001	2010.0
58.520916	2280.0
58.538600000000002	1960.0
58.553233766233767	1960.0
58.571317999999998	1770.0
58.588624000000003	1660.0
58.608563000000004	2010.0
58.625574	1660.0
58.640560000000001	1760.0
58.657173	1760.0
58.677157999999999	1960.0
58.694822000000002	2050.0
58.710068999999997	1760.0
58.727736	2130.0
58.744744000000004	1980.0
58.763940000000005	1710.0
58.780943000000001	2060.0
58.796784000000002	2060.0
58.814529	2150.0
58.8318031968032	1930.0
58.852259999999994	2070.0
58.865186000000001	2070.0
58.88382	2020.0
58.902810000000002	1850.0
58.918989000000003	1930.0
58.936352999999997	1980.0
58.951392000000006	1620.0
58.969605000000001	2060.0
58.986306999999996	1750.0
59.003943999999997	2060.0
59.020454999999998	2130.0
59.037537	2070.0
59.056232000000001	2080.0
59.073305000000005	1820.0
59.093020000000003	2110.0
59.111024	1820.0
59.125389610389611	1820.0
59.142980000000001	2190.0
59.160050999999996	1960.0
59.177990000000001	1710.0
59.194470000000003	1900.0
59.213508999999995	1950.0
59.228864000000002	1900.0
59.248760000000004	2090.0
59.267128	2110.0
59.284136000000004	1710.0
59.300649999999997	1920.0
59.317168000000002	2420.0
59.334175999999999	2230.0
59.351200000000006	2310.0
59.368983983983981	1720.0
59.387059000000001	1850.0
59.406021978021982	1840.0
59.422294999999998	2160.0
59.438256000000003	2030.0
59.455280000000002	1830.0
59.472287999999999	2020.0
59.489295999999996	1800.0
59.50631568431568	1840.0
59.523975999999998	2010.0
59.542320000000004	2140.0
59.559795204795208	1890.0
59.576293999999997	2080.0
59.594096	1770.0
59.612357642357644	2170.0
59.627257773319961	1940.0
59.643416000000002	2180.0
59.663800000000002	2240.0
59.679642000000001	2010.0
59.697405594405588	2080.0
59.713463999999995	1540.0
59.730840000000001	1970.0
59.750704999999996	2320.0
59.764161000000001	1910.0
59.782383999999993	1710.0
59.797554999999996	2070.0
59.817362000000003	1700.0
59.834608000000003	2100.0
59.85163	1980.0
59.868985000000002	2040.0
59.885602602602603	1940.0
59.904068000000002	2000.0
59.920048951048955	2040.0
59.93664564564564	2060.0
59.954571999999999	1960.0
59.970685314685319	2170.0
59.988714000000002	2090.0
60.006574999999998	1840.0
60.023041999999997	2020.0
60.041711999999997	1870.0
60.058720000000001	1840.0
60.076461999999992	2200.0
60.093907999999999	2140.0
60.109760000000001	2070.0
60.126784000000001	2040.0
60.145015999999998	1940.0
60.162125000000003	2110.0
60.178824000000006	1920.0
60.195832000000003	2180.0
60.214570000000002	1950.0
60.231864000000002	1490.0
60.248871999999999	2200.0
60.266702000000002	2060.0
60.281241999999999	1840.0
60.301258000000004	1960.0
60.319660000000006	2160.0
60.335928000000003	2250.0
60.353313313313308	2320.0
60.370083916083921	1910.0
60.386963999999999	1900.0
60.405546546546546	2020.0
60.421750000000003	1370.0
60.439401999999994	2030.0
60.457031999999998	1780.0
60.475670000000001	1960.0
60.490427000000004	2100.0
60.507071999999994	1980.0
60.524084915084913	1940.0
60.542155999999999	1720.0
60.560227000000005	1760.0
60.578298000000004	1960.0
60.596128	1960.0
60.613778000000003	2030.0
60.632144000000004	1780.0
60.648719999999997	2080.0
60.664664999999999	2070.0
60.682331999999995	1960.0
60.699570000000001	1960.0
60.716916999999995	2250.0
60.735751999999998	2110.0
60.754903999999996	2070.0
60.770474000000007	1900.0
60.784402	2060.0
60.805270000000007	1960.0
60.821375624375619	2160.0
60.839020181634716	2070.0
60.854239999999997	1940.0
60.870742999999997	2430.0
60.888084241823584	1860.0
60.904810292633705	1760.0
60.923442000000009	2130.0
60.942044000000003	2140.0
60.958344000000004	1980.0
60.975861999999999	2010.0
60.993552000000001	2210.0
61.011361999999998	1930.0
61.028584000000002	2100.0
61.047416000000005	2060.0
61.061687999999997	2270.0
61.07970199999999	1750.0
61.098630369630364	1790.0
61.115642642642641	2150.0
61.132893000000003	2230.0
61.150672	1920.0
61.167696000000007	2170.0
61.185122999999997	1970.0
61.203675999999994	1710.0
61.222282	2260.0
61.238526	2020.0
61.254080000000002	1850.0
61.273719999999997	2070.0
61.290984999999999	2080.0
61.308654000000004	2170.0
61.326742000000003	2110.0
61.344813000000002	2070.0
61.359779999999994	2120.0
