10.876170999999999	6140.0
10.9566	5620.0
10.89353846153846	5400.0
10.972083083083083	5300.0
10.910392	4760.0
10.923904	5290.0
10.943547000000001	5180.0
10.949708000000001	4890.0
10.969696000000001	4940.0
10.916001	5130.0
10.978736	5210.0
10.928824000000001	5250.0
11.011199	4410.0
10.967738000000001	4300.0
10.922637999999999	4650.0
11.032711000000001	4970.0
10.937760000000001	4590.0
11.054012	4960.0
10.977216350947158	4860.0
10.979530591775326	4990.0
11.025468	4380.0
11.009052736318408	4640.0
11.057866331658291	4420.0
10.991464000000001	4130.0
11.046101999999999	4370.0
11.017676646706587	3890.0
11.088637274549098	3950.0
11.059585999999999	4380.0
11.007772000000001	4250.0
11.113683999999999	3900.0
11.006538000000001	4340.0
11.16743	4620.0
11.078202334630351	4210.0
11.189210905349794	4130.0
11.130104000000001	3630.0
11.081212787212786	4010.0
11.169111111111111	3620.0
11.084166	3840.0
11.126706	3300.0
11.146810598626104	3430.0
11.190678899082569	3430.0
11.16784	3720.0
11.108994000000001	3580.0
11.20125	3560.0
11.10688	3830.0
11.272121	3240.0
11.162048	3210.0
11.145144	3720.0
11.250682999999999	3420.0
11.15654	3300.0
11.298346	3340.0
11.190685314685314	3080.0
11.235228228228229	3230.0
11.276084000000001	3290.0
11.227352	3250.0
11.284497999999999	3180.0
11.21757	3340.0
11.309009999999999	2970.0
11.262912	3330.0
11.292679999999999	3450.0
11.335129999999999	3060.0
11.212910000000001	2730.0
11.420565999999999	3010.0
11.267795	3270.0
11.359976	3100.0
11.35468	2700.0
11.298228	2890.0
11.416248	2840.0
11.339517482517483	2510.0
11.412689689689691	2770.0
11.350912000000001	2960.0
11.41432	3190.0
11.405051	2810.0
11.419504	2750.0
11.466370000000001	2800.0
11.344387000000001	2830.0
11.538884000000001	2910.0
11.385035999999999	2640.0
11.502132	2670.0
11.50216	2750.0
11.389603999999999	2640.0
11.573005999999998	2600.0
11.452319999999999	2890.0
11.550951999999999	2680.0
11.493721278721278	2580.0
11.51199099099099	2840.0
11.559241999999999	2460.0
11.534747999999999	2650.0
11.594812000000001	2820.0
11.48972	2670.0
11.639605	3060.0
11.548713999999999	2520.0
11.625862000000001	2390.0
11.657220000000001	2440.0
11.496504	2810.0
11.744192	1740.0
11.588875	2470.0
11.700136000000001	2590.0
11.669516000000002	2040.0
11.639208	2340.0
11.746988	2100.0
11.688649350649351	2460.0
11.776315789473685	2480.0
11.676989919354838	2250.0
11.800006	2100.0
11.753059642147118	2440.0
11.799692692692691	2470.0
11.857958793969848	2340.0
11.6808	2200.0
11.859517140058765	2290.0
11.700351378958119	2480.0
11.894444	2400.0
11.898904	2160.0
11.792731999999999	2040.0
11.975271000000001	2320.0
11.864604	2190.0
11.967318000000001	2400.0
11.890805194805194	2020.0
11.954282282282282	2060.0
11.970848	2180.0
11.970217000000002	2440.0
12.053104000000001	1870.0
11.882066000000002	2210.0
12.118269000000002	2270.0
11.957948	2140.0
12.063512000000001	1830.0
12.112811000000001	2320.0
11.924759999999999	1970.0
12.185416	2030.0
12.027643000000001	2310.0
12.141976	1960.0
12.195406464250734	2230.0
12.236948051948051	1950.0
12.173928425357873	2010.0
12.121105894105893	2090.0
12.219787787787787	2000.0
12.071843999999999	2120.0
12.253295999999999	1940.0
12.153848	1930.0
12.212258	1860.0
12.300164000000001	1740.0
12.039363000000002	2000.0
12.38696	2160.0
12.182488000000001	1590.0
12.302898000000001	1790.0
12.297419999999999	1940.0
12.213023999999999	2160.0
12.371416999999999	2100.0
12.2765	1750.0
12.386132	2060.0
12.26527972027972	1560.0
12.380078078078077	1930.0
12.345687999999999	2390.0
12.361798	1900.0
12.456744	2090.0
12.227687999999999	2150.0
12.546017000000001	1710.0
12.331651999999998	1720.0
12.454474000000001	1850.0
12.491378999999998	1610.0
12.326908	1600.0
12.561071999999999	1960.0
12.423036999999999	1580.0
12.53952	1860.0
12.456096000000001	1860.0
12.502669000000001	1700.0
12.541248	1560.0
12.516919080919081	2000.0
12.623542542542543	1970.0
12.424540000000002	2010.0
12.683306	1830.0
12.624365000000001	1700.0
12.417236000000001	1790.0
12.760571999999998	1930.0
12.490931999999999	1790.0
12.718921999999999	1660.0
12.661552	2050.0
12.577036	1830.0
12.730143999999999	1730.0
12.632327999999999	1820.0
12.774528999999999	1380.0
12.642636	1550.0
12.743877999999999	2200.0
12.69353946053946	1770.0
12.764522522522521	1520.0
12.836304	2060.0
12.620994999999999	1650.0
12.917524000000002	1790.0
12.662445999999999	1570.0
12.891573999999999	2050.0
12.877960000000002	1330.0
12.70632	2140.0
12.942086000000002	1720.0
12.785678000000001	1680.0
12.96016	1990.0
12.865224	1770.0
12.893175999999999	1480.0
12.928108	1580.0
12.940085999999999	1750.0
13.042828	1800.0
12.863472527472528	1930.0
13.087690690690691	1850.0
12.910303999999998	1690.0
13.090936000000001	1750.0
13.132774999999999	1610.0
12.894182547642929	1670.0
13.214600000000001	1890.0
12.997059999999999	1550.0
13.210972111553785	1620.0
13.138610441767067	1530.0
13.107609	1770.0
13.205818000000001	1520.0
13.162937999999999	1540.0
13.300633999999999	1930.0
13.149487999999998	1700.0
13.315935999999999	1420.0
13.194170829170828	1720.0
13.327405405405406	1700.0
13.363707999999999	1530.0
13.153098	1330.0
13.497711999999998	1580.0
13.195496	1450.0
13.446642000000001	1970.0
13.388514000000001	1550.0
13.302300000000001	1530.0
13.458959	1570.0
13.34468	1350.0
13.503383999999999	1620.0
13.379024999999999	1830.0
13.469899999999999	1590.0
13.415478	1220.0
13.486466	1540.0
13.562944	1640.0
13.373404595404596	1420.0
13.631557557557556	1770.0
13.387523999999999	1700.0
13.602108000000001	1560.0
13.591233000000001	1290.0
13.444775999999999	1680.0
13.649630109670985	1880.0
13.496330992978937	1770.0
13.657672000000002	1510.0
13.583400000000001	1650.0
13.600378000000001	1680.0
13.618995999999999	1640.0
13.652034090909089	1290.0
13.74255190677966	1590.0
13.590766	1510.0
13.65414990512334	1370.0
13.568681098204857	1590.0
13.764456456456456	2020.0
13.769607999999998	1810.0
13.620462999999999	1440.0
13.859526000000001	1440.0
13.652710000000001	1350.0
13.852591	1590.0
13.788535999999999	1470.0
13.776220000000002	1590.0
13.834742	1530.0
13.790209580838322	1550.0
13.899368737474949	1430.0
13.808753246753248	1570.0
13.925261261261261	1400.0
13.802703999999999	1500.0
13.933242	1470.0
13.952985999999999	1560.0
13.845203796203794	2000.0
14.062606606606607	1840.0
13.802660000000001	1480.0
14.04970977295163	1370.0
13.980831813576495	1670.0
13.951692000000001	1670.0
14.048772	1680.0
13.945831	1380.0
14.093983999999999	1540.0
14.016567999999999	1600.0
14.091669000000001	1500.0
14.021764000000001	1550.0
14.097704	1630.0
14.126942999999999	1520.0
14.049111999999999	1420.0
14.220751999999999	1630.0
13.99137062937063	1620.0
14.245320792079207	1690.0
14.166056000000001	1540.0
14.127651999999999	1690.0
14.261927999999999	1390.0
14.100688	1280.0
14.286187	1300.0
14.203942	1570.0
14.243742514970059	1440.0
14.2775	1110.0
14.233635999999999	1500.0
14.339151999999999	1290.0
14.20243	1600.0
14.342184	1440.0
14.297208000000001	1470.0
14.310644999999999	1160.0
14.438597402597404	1480.0
14.190287999999999	1280.0
14.463705000000001	1740.0
14.335432000000001	1670.0
14.402146	1520.0
14.435879	1290.0
14.334367999999998	1510.0
14.471067999999999	1310.0
14.410354	1450.0
14.501166000000001	1460.0
14.416812	1550.0
14.491838999999999	1650.0
14.489216000000001	1420.0
14.491311999999999	1240.0
14.601395999999999	1420.0
14.407334000000001	1480.0
14.638743999999999	1330.0
14.506860020140987	1440.0
14.576576000000001	1370.0
14.64655044955045	1380.0
14.504336336336337	1390.0
14.676544	1350.0
14.593969999999999	1300.0
14.680308	1230.0
14.636424	1450.0
14.654088	1720.0
14.696305000000001	1310.0
14.678856	1360.0
14.775672	1270.0
14.632398999999999	1510.0
14.802595999999999	1480.0
14.717695999999998	1470.0
14.761318000000001	1500.0
14.857963963963963	1490.0
14.676500000000001	1660.0
14.879138000000001	1210.0
14.773623130608177	1270.0
14.851015045135407	1580.0
14.851939	1600.0
14.815201195219123	1390.0
14.894704819277107	1430.0
14.85746	1290.0
14.942984000000001	1380.0
14.844728000000002	1410.0
14.951804347826085	1480.0
14.913730769230769	1380.0
14.936622	1440.0
15.035257999999999	1190.0
14.845215999999999	1310.0
15.071766233766233	1650.0
14.955267267267267	1260.0
15.029833999999999	1370.0
15.057495009980041	1590.0
14.973608216432867	1200.0
15.088136	1370.0
15.034535999999999	1410.0
15.113208	1270.0
15.052186000000001	1250.0
15.106668000000001	1270.0
15.108556	1620.0
15.112895999999999	1500.0
15.203144	1430.0
15.058122999999998	1620.0
15.240413999999999	1230.0
15.133243999999999	1510.0
15.197179820179821	1470.0
15.255822822822823	1540.0
15.14448	1310.0
15.285131000000002	1330.0
15.214212000000002	1250.0
15.285500000000001	1620.0
15.260304435483871	1330.0
15.268359999999999	1250.0
15.307976	1350.0
15.297384000000001	1300.0
15.376520000000001	1090.0
15.275172	1360.0
15.402483999999999	1370.0
15.332036	1390.0
15.378672000000002	1580.0
15.457229	1370.0
15.313021999999998	1200.0
15.484522388059702	1210.0
15.394578313253012	1410.0
15.468428428428428	1310.0
15.470143999999999	1510.0
15.443462999999999	1390.0
15.506974	1520.0
15.480331999999999	1390.0
15.552021999999999	1210.0
15.486552	1450.0
15.568396	1190.0
15.532022	1430.0
15.570051999999999	1710.0
15.631492	1540.0
15.513031	1510.0
15.685894416243656	1420.0
15.573127999999999	1350.0
15.654542457542457	1280.0
15.670561561561561	1320.0
15.619982	1600.0
15.703131226053641	1420.0
15.658774058577407	1490.0
15.732507999999999	1320.0
15.693244999999999	1300.0
15.73607	1600.0
15.729252000000001	1390.0
15.753564000000001	1230.0
15.7966	1150.0
15.723136	1420.0
15.841212723658051	1520.0
15.810203219315897	1270.0
15.786104	1630.0
15.876264000000001	1360.0
15.778272000000001	1510.0
15.894027972027972	1680.0
15.860033033033034	1140.0
15.880877999999999	1150.0
15.893151999999999	1360.0
15.884706999999999	1450.0
15.941416	1430.0
15.915272	1530.0
15.976771000000001	1330.0
15.916048000000002	1550.0
15.99372	1340.0
15.989282000000001	1730.0
15.968291999999998	1450.0
16.069752000000001	1680.0
15.941058	1300.0
16.085756	1510.0
16.044288000000002	1280.0
16.067001998001999	1450.0
16.105930930930931	970.0
16.068087999999999	1240.0
16.148001999999998	1210.0
16.111048	1280.0
16.167822000000001	1320.0
16.123471000000002	1430.0
16.182596	1470.0
16.191867999999999	1410.0
16.172134	1480.0
16.26277	1370.0
16.137176	1520.0
16.293941	1370.0
16.234936000000001	1290.0
16.247568000000001	1200.0
16.311923	1390.0
16.234656000000001	1280.0
16.338892107892107	1510.0
16.296196196196195	1520.0
16.339728000000001	1350.0
16.328848000000001	1620.0
16.347076000000001	1570.0
16.381665999999999	1480.0
16.361604	1540.0
16.437861000000002	1680.0
16.344168	1130.0
16.461079999999999	1290.0
16.426694999999999	1370.0
16.422428	1680.0
16.512080000000001	1490.0
16.405418999999998	1440.0
16.531188	1520.0
16.488464	1290.0
16.520066933066932	1250.0
16.532318318318318	1380.0
16.520821999999999	1180.0
16.578344999999999	1320.0
16.551416	1300.0
16.616441584158416	1540.0
16.556701010101008	1390.0
16.632325999999999	1310.0
16.625775999999998	1200.0
16.616201596806388	1430.0
16.710464929859718	1420.0
16.584339999999997	1360.0
16.730267999999999	1500.0
16.682846000000001	1310.0
16.703146	1380.0
16.743031999999999	1450.0
16.7026	1190.0
16.778990009990007	1270.0
16.750763763763764	1330.0
16.80039	1390.0
16.767642000000002	1280.0
16.812861999999999	1210.0
16.827696	1190.0
16.820516000000001	1330.0
16.885824999999997	1600.0
16.797374000000001	1350.0
16.919052000000001	1590.0
16.87641	1280.0
16.893384000000001	1400.0
16.940872000000002	1200.0
16.889413000000001	1480.0
16.970182000000001	1210.0
16.942727999999999	1770.0
16.980337662337661	1550.0
16.970183000000002	1240.0
16.987990990990991	1420.0
17.013839000000001	1560.0
17.005458000000001	1480.0
17.063397999999999	1300.0
17.005904999999998	1660.0
17.093271999999999	1550.0
17.061744000000001	1170.0
17.080793	1260.0
17.137869999999999	1380.0
17.062985999999999	1500.0
17.164683	1340.0
17.124587999999999	1280.0
17.16348	1400.0
17.174206999999999	1420.0
17.17191	1310.0
17.210632367632368	1210.0
17.203619619619619	1490.0
17.249576000000001	1490.0
17.214335999999999	1650.0
17.275614000000001	1200.0
17.258416	1320.0
17.282242	1290.0
17.330285999999997	1400.0
17.258459999999999	1480.0
17.368919999999999	1160.0
17.318894999999998	1490.0
17.365954000000002	1330.0
17.381456	1320.0
17.365988999999999	1500.0
17.41696	1360.0
17.400607999999998	1540.0
17.45560839160839	1310.0
17.430084084084086	1390.0
17.456990000000001	1350.0
17.48799	1590.0
17.465136000000001	1290.0
17.535176	1400.0
17.47081	1300.0
17.5564	1630.0
17.548568	1570.0
17.532046999999999	1430.0
17.599615999999997	1370.0
17.545967999999998	1460.0
17.619054347826086	1360.0
17.602526315789476	1370.0
17.620024000000001	1420.0
17.635197999999999	1440.0
17.638684000000001	1400.0
17.676713286713284	1160.0
17.659511857707511	1400.0
17.712369807497467	1230.0
17.669314	1400.0
17.731576999999998	1550.0
17.738864	1360.0
17.718640000000001	1660.0
17.800364999999999	1470.0
17.727305999999999	1360.0
17.815736000000001	1050.0
17.803696000000002	1320.0
17.810559999999999	1370.0
17.844723999999999	1440.0
17.827867000000001	1250.0
17.880734	1200.0
17.861474000000001	1220.0
17.903636363636366	1670.0
17.886243243243246	1260.0
17.926704000000001	1540.0
17.946463000000001	1050.0
17.925357999999999	1230.0
18.001866	1340.0
17.928557999999999	1600.0
18.021515999999998	1190.0
18.008839999999999	1540.0
18.005534999999998	1270.0
18.057748	1520.0
18.025361277445111	1380.0
18.087843843843842	1440.0
18.07426126126126	1290.0
18.103456000000001	1450.0
18.102817999999999	1300.0
18.121873999999998	1410.0
18.155645354645355	1450.0
18.135740740740744	1500.0
18.199752	1580.0
18.147629370629371	1210.0
18.222645645645645	1330.0
18.225024000000001	1070.0
18.204930000000001	1670.0
18.275804000000001	1400.0
18.225376000000001	1470.0
18.297007999999998	1270.0
18.287158000000002	1600.0
18.304911999999998	1520.0
18.326274000000002	1090.0
18.327589	1080.0
18.370872000000002	1260.0
18.356183999999999	1510.0
18.408056943056941	1440.0
18.379975975975974	1340.0
18.433166	1270.0
18.447237999999999	1440.0
18.426232000000002	1480.0
18.509432	1720.0
18.444821999999998	1580.0
18.521402000000002	1270.0
18.519644	1350.0
18.523140999999999	1470.0
18.559671999999999	1450.0
18.543203999999999	1280.0
18.594000000000001	1290.0
18.584233999999999	1020.0
18.617193999999998	1510.0
18.610181000000001	1610.0
18.641096000000001	1390.0
18.663767232767235	1250.0
18.648214214214214	1370.0
18.708474000000002	1440.0
18.663310000000003	1300.0
18.726084	1680.0
18.728572	1280.0
18.723064000000001	1460.0
18.770028	1260.0
18.74681	1450.0
18.794	1450.0
18.787183000000002	1320.0
18.815975999999999	1610.0
18.825624000000001	1390.0
18.841280000000001	1580.0
18.875961999999998	1230.0
18.862639999999999	1360.0
18.919417582417584	1450.0
18.885525525525527	1510.0
18.944099999999999	1280.0
18.956826	1370.0
18.938549999999999	1300.0
19.005512	1630.0
18.966431	1240.0
19.026896000000001	1430.0
19.025684315684316	1490.0
19.039174174174175	1400.0
19.064128	1330.0
19.065636000000001	1610.0
19.100163999999999	1280.0
19.097168	1270.0
19.133412	1290.0
19.123760000000001	1500.0
19.159051999999999	1230.0
19.171857142857142	1350.0
19.166474474474477	1070.0
19.221104	1440.0
19.178967611336031	1370.0
19.233664000000001	1540.0
19.249779999999998	1310.0
19.243326	1530.0
19.291163999999998	1220.0
19.283437125748502	1550.0
19.32296392785571	1250.0
19.323216000000002	1360.0
19.346456	1370.0
19.353988000000001	1750.0
19.376412000000002	1520.0
19.403416	1000.0
19.386800000000001	1470.0
19.441168831168831	1330.0
19.413576576576578	1430.0
19.457905999999998	1440.0
19.471657999999998	1280.0
19.459060000000001	1320.0
19.508668	1250.0
19.489298999999999	1380.0
19.533536000000002	1480.0
19.53866	1360.0
19.554397999999999	1320.0
19.577335999999999	1190.0
19.5854	1410.0
19.620251	1630.0
19.609956	1270.0
19.655059999999999	1590.0
19.639980999999999	1610.0
19.676316	1250.0
19.699994005994007	1340.0
19.679703999999997	1310.0
19.740335999999999	1330.0
19.713486	1830.0
19.757014999999999	1460.0
19.763192	1290.0
19.767992	1330.0
19.797315000000001	1640.0
19.797338	1580.0
19.833359999999999	1300.0
19.829055999999998	1760.0
19.864723999999999	1300.0
19.865220000000001	1440.0
19.892779000000001	1200.0
19.921514000000002	1440.0
19.906141999999999	1740.0
19.966402597402599	1370.0
19.937224000000001	1590.0
19.988143999999998	1630.0
19.997886000000001	1660.0
19.997984000000002	1510.0
20.034772	1460.0
20.031003999999999	1340.0
20.065656000000001	1330.0
20.067916	1510.0
20.091266999999998	1390.0
20.101368000000001	1270.0
20.115003999999999	1390.0
20.139536	1520.0
20.140079999999998	1480.0
20.176311999999999	1530.0
20.161135999999999	1450.0
20.197960000000002	1570.0
20.20991809908999	1440.0
20.212353	1400.0
20.2559	1540.0
20.245715999999998	1400.0
20.285201000000001	1420.0
20.291937999999998	1440.0
20.311275449101796	1320.0
20.329001002004009	1310.0
20.341567999999999	1390.0
20.368472000000001	1600.0
20.372	1480.0
20.407965999999998	1490.0
20.403444	1270.0
20.436884000000003	1310.0
20.447620000000001	1420.0
20.454915999999997	1370.0
20.493898898898898	1140.0
20.478244	1480.0
20.519533999999997	1330.0
20.523686999999999	1250.0
20.539335999999999	1790.0
20.557479999999998	1180.0
20.566533	1490.0
20.591000000000001	1430.0
20.596579999999999	1400.0
20.621493000000001	1190.0
20.621687999999999	1410.0
20.648163999999998	1350.0
20.658999999999999	1560.0
20.665992000000003	1640.0
20.6963698630137	1430.0
20.683047999999999	1290.0
20.731000000000002	1460.0
20.733161161161163	1380.0
20.754112000000003	1330.0
20.774666	1530.0
20.776171999999999	1220.0
20.812999999999999	1320.0
20.819216000000001	1530.0
20.844272	1400.0
20.851293000000002	1320.0
20.874431999999999	1520.0
20.891999999999999	1420.0
20.904937	1450.0
20.934544000000002	1650.0
20.925848605577688	1380.0
20.967736947791163	1550.0
20.97124975222993	1270.0
20.991225806451613	1550.0
21.018617617617618	1240.0
21.013588000000002	1630.0
21.050463999999998	1490.0
21.054957999999999	1260.0
21.079608	1430.0
21.091214000000001	1280.0
21.105445	1660.0
21.131087999999998	1460.0
21.126224000000001	1440.0
21.157550000000001	1210.0
21.165033999999999	1200.0
21.183112000000001	1390.0
21.208624	1540.0
21.202324000000001	1880.0
21.242719999999998	1170.0
21.23573	1580.0
21.266384615384617	1370.0
21.282830000000001	1610.0
21.287892892892891	1510.0
21.316528000000002	1560.0
21.321055999999999	1490.0
21.349891	1410.0
21.360465999999999	1310.0
21.384518	1560.0
21.395050999999999	1310.0
21.411548	1340.0
21.441064000000001	1570.0
21.434234999999997	1210.0
21.474958000000001	1830.0
21.470198	1550.0
21.501984	1410.0
21.524272	1310.0
21.52555244755245	1380.0
21.561618618618617	1350.0
21.563468	1670.0
21.587592000000001	1510.0
21.600053000000003	1620.0
21.615843999999999	1450.0
21.634260000000001	1710.0
21.646664000000001	1640.0
21.67285	1160.0
21.677309999999999	1500.0
21.709641999999999	1420.0
21.71368	1210.0
21.733415999999998	1600.0
21.759775000000001	1300.0
21.759160000000001	1340.0
21.796882	1260.0
21.80033966033966	1010.0
21.826081081081082	1490.0
21.844383999999998	1440.0
21.856356000000002	1550.0
21.878565999999999	1380.0
21.889454000000001	1400.0
21.915025	1590.0
21.924751999999998	1170.0
21.946016	1460.0
21.956751000000001	1340.0
21.972466000000001	1360.0
21.997071999999999	1190.0
21.999058999999999	1570.0
22.036008000000002	1450.0
22.039496	1560.0
22.063012999999998	1280.0
22.082999999999998	1370.0
22.092020979020976	1480.0
22.118640640640638	1410.0
22.128447999999999	1160.0
22.153200000000002	1450.0
22.166489000000002	1300.0
22.186664	1250.0
22.201362	1500.0
22.217824	1310.0
22.242572000000003	1170.0
22.248000000000001	1570.0
22.280075999999998	1340.0
22.282091999999999	1270.0
22.305432	1370.0
22.328757	1320.0
22.330895999999999	1320.0
22.359392996108948	1550.0
22.36249434737924	1450.0
22.387	1440.0
22.402999999999999	1530.0
22.418212999999998	1390.0
22.436	1530.0
22.447759999999999	1530.0
22.46902	1420.0
22.479570000000002	1260.0
22.505118	1280.0
22.512841000000002	1370.0
22.531983999999998	1590.0
22.555296000000002	1640.0
22.557991999999999	1590.0
22.589093999999999	1570.0
22.593318	1600.0
22.615862	1400.0
22.633568	1410.0
22.645777222777223	1620.0
22.668052052052051	1720.0
22.678584000000001	1140.0
22.699912000000001	1390.0
22.710999999999999	1630.0
22.730919999999998	1320.0
22.74464	1430.0
22.761029000000001	1570.0
22.782934000000001	1420.0
22.786000000000001	1400.0
22.818372999999998	1520.0
22.82188	1330.0
22.843697302697304	1410.0
22.866	1470.0
22.873487999999998	1390.0
22.898893999999999	1440.0
22.908573426573426	1300.0
22.932162162162165	1760.0
22.946000000000002	1420.0
22.963632	1570.0
22.980456	1480.0
22.995559999999998	1350.0
23.020524999999999	1490.0
23.027000000000001	1210.0
23.056512000000001	1400.0
23.065655	1300.0
23.083891999999999	1680.0
23.108884000000003	1630.0
23.110388	1390.0
23.137392000000002	1600.0
23.150976	1580.0
23.168396999999999	1380.0
23.187374000000002	1410.0
23.20068931068931	1260.0
23.223506506506506	1320.0
23.23564	1530.0
23.256955999999999	1380.0
23.267690999999999	1490.0
23.288358000000002	1700.0
23.305634000000001	1440.0
23.319441558441561	1680.0
23.344598598598598	1440.0
23.346223999999999	1560.0
23.374638999999998	1610.0
23.384741999999999	1470.0
23.401346	1490.0
23.423521999999998	1450.0
23.432776	1600.0
23.454432000000001	1530.0
23.467956043956043	1510.0
23.486324324324325	1350.0
23.499155999999999	1560.0
23.517307000000002	1310.0
23.534744	1390.0
23.546447999999998	1330.0
23.568944000000002	1560.0
23.576576000000003	1580.0
23.600950000000001	1310.0
23.615209999999998	1460.0
23.627268000000001	1500.0
23.652148	1380.0
23.658275	1580.0
23.681014000000001	1570.0
23.692717999999999	1530.0
23.710025000000002	1460.0
23.725928	1580.0
23.740714285714287	1500.0
23.759496496496496	1460.0
23.769216350947158	1500.0
23.790645937813437	1370.0
23.799562000000002	1430.0
23.824476000000001	1550.0
23.837172000000002	1340.0
23.850622999999999	1540.0
23.879034000000001	1540.0
23.882743999999999	1690.0
23.910254000000002	1850.0
23.924688	1650.0
23.941488	1550.0
23.960692307692309	1660.0
23.973764705882353	1810.0
23.996735999999999	1760.0
24.010025974025972	1410.0
24.031090090090089	1480.0
24.043004	1210.0
24.063006000000001	1770.0
24.082704	1400.0
24.093722	1920.0
24.116182999999999	1560.0
24.122920000000001	1810.0
24.145720000000001	1950.0
24.161332000000002	1690.0
24.176871999999999	1850.0
24.199762	1760.0
24.207127	1570.0
24.229275999999999	1720.0
24.239708	1660.0
24.259256999999998	1670.0
24.273554000000001	1950.0
24.289434565434565	1680.0
24.30852952952953	1520.0
24.322672000000001	1470.0
24.345392	1480.0
24.353483999999998	1920.0
24.376415999999999	1780.0
24.392970000000002	1780.0
24.407463999999997	1760.0
24.430496000000002	1830.0
24.438511999999999	1790.0
24.461765	1560.0
24.476454	1920.0
24.493450000000003	1700.0
24.510323	1480.0
24.5246	1720.0
24.544384000000001	1830.0
24.556934065934065	1710.0
24.577648648648648	1830.0
24.588031999999998	1920.0
24.606241000000001	2190.0
24.623259999999998	2140.0
24.632583999999998	1820.0
24.657055	2070.0
24.663553999999998	1730.0
24.684794	1810.0
24.69801	1730.0
24.711756194251734	1710.0
24.729609485368314	1540.0
24.744339	1620.0
24.768356000000001	1920.0
24.783252000000001	1670.0
24.803362999999997	1580.0
24.815576	2000.0
24.830438561438559	1940.0
24.846020020020021	1960.0
24.857340000000001	2060.0
24.881450000000001	1840.0
24.888804999999998	1800.0
24.910336000000001	1940.0
24.925144	1900.0
24.940322000000002	1810.0
24.960498000000001	1960.0
24.97156	1960.0
24.990774000000002	2250.0
25.005252000000002	2100.0
25.024699999999999	2380.0
25.040124000000002	2140.0
25.054473999999999	2140.0
25.073528	2150.0
25.086923076923078	2080.0
25.104891891891892	2340.0
25.119176	2220.0
25.139219999999998	1860.0
25.153662000000001	2240.0
25.167760000000001	2250.0
25.188010000000002	2220.0
25.199787999999998	1880.0
25.218104	2040.0
25.234909999999999	2610.0
25.248726000000001	2750.0
25.266434	2570.0
25.282658000000001	2220.0
25.300704	2690.0
25.314688	2670.0
25.333762	2210.0
25.350542000000001	1920.0
25.369146853146855	2910.0
25.383330330330331	2510.0
25.397012	2500.0
25.419736	2480.0
25.43102	2470.0
25.451937999999998	2570.0
25.468958000000001	2780.0
25.483302000000002	2660.0
25.503343999999998	2640.0
25.517992	2220.0
25.536834489593659	3100.0
25.552362260343088	2760.0
25.570717999999999	2950.0
25.587451999999999	2660.0
25.605652694610775	2860.0
25.623959919839677	2740.0
25.637722277722279	2690.0
25.660099099099099	2970.0
25.673317999999998	3000.0
25.697013999999999	2830.0
25.711575999999997	2710.0
25.722687999999998	2950.0
25.742719000000001	3600.0
25.754826000000001	3080.0
25.775359999999999	2970.0
25.792048000000001	3370.0
25.806324	3050.0
25.822572000000001	3280.0
25.837849000000002	3600.0
25.857389221556886	2900.0
25.87306613226453	3090.0
25.892219999999998	3120.0
25.904415999999998	3190.0
25.921968031968031	3330.0
25.936362362362363	3310.0
25.952280000000002	3570.0
25.972936000000001	3420.0
25.986256000000001	3360.0
26.002856000000001	3180.0
26.017751999999998	3330.0
26.03462	3510.0
26.051545999999998	3630.0
26.065244	3630.0
26.083856999999998	3340.0
26.098424000000001	3740.0
26.117256000000001	3470.0
26.132110000000001	3150.0
26.150480000000002	3330.0
26.166732	4040.0
26.178000999000997	3370.0
26.200207207207207	3650.0
26.21256	3250.0
26.233364999999999	3000.0
26.249155999999999	3570.0
26.265577999999998	3730.0
26.285091000000001	3420.0
26.299191999999998	3370.0
26.317514970059882	3490.0
26.332639278557114	3420.0
26.350724550898203	3840.0
26.368166332665332	3780.0
26.383576000000001	3470.0
26.402031999999998	3460.0
26.417244	3300.0
26.436169	3610.0
26.450882	3380.0
26.466655344655344	3270.0
26.484451	3340.0
26.49708	3630.0
26.517016000000002	3350.0
26.530465	3300.0
26.546704000000002	3100.0
26.562296	3250.0
26.578841000000001	3290.0
26.594872000000002	3280.0
26.608864000000001	3460.0
26.626165	3380.0
26.638065999999998	3170.0
26.655760000000001	3250.0
26.672214	3290.0
26.688824	3450.0
26.701208000000001	2920.0
26.71883016983017	2990.0
26.735702	3340.0
26.750006000000003	2920.0
26.768077000000002	3560.0
26.785416000000001	3270.0
26.801235999999999	3030.0
26.818193999999998	3380.0
26.833944000000002	3140.0
26.849972000000001	3280.0
26.865414999999999	3420.0
26.883855999999998	3190.0
26.899255999999998	3310.0
26.915767000000002	3370.0
26.933838000000002	2800.0
26.949292	3040.0
26.968878999999998	2820.0
26.982075924075925	3190.0
27.002006006006006	3050.0
27.017964999999997	2950.0
27.034298	2790.0
27.052128	2770.0
27.068815000000001	2780.0
27.086296000000001	2870.0
27.104271999999998	2770.0
27.121198	2580.0
27.13861	2830.0
27.155846	2340.0
27.173216	2350.0
27.186404	2070.0
27.207215999999999	1900.0
27.224364999999999	1890.0
27.241264000000001	1870.0
27.261251748251748	1930.0
27.276601601601602	2200.0
27.296584000000003	1760.0
27.309536000000001	1640.0
27.328149	1970.0
27.346675999999999	1610.0
27.365154	1650.0
27.383610000000001	2210.0
27.397907999999997	1840.0
27.415996	2020.0
27.430161000000002	2050.0
27.448993999999999	1990.0
27.466669999999997	1960.0
27.482614999999999	1890.0
27.500368000000002	1750.0
27.512626746506985	1750.0
27.534309999999998	1790.0
27.545686939182449	1800.0
27.564606330365972	1830.0
27.581939148073022	2240.0
27.596976000000002	1800.0
27.611872000000002	1700.0
27.627576000000001	1780.0
27.645531999999999	1740.0
27.662494527363183	1750.0
27.679182914572863	1710.0
27.694631999999999	1930.0
27.712104	1730.0
27.730447000000002	1700.0
27.742540000000002	1770.0
27.760524	1930.0
27.776714999999999	1920.0
27.792704000000001	1900.0
27.809402597402595	1680.0
27.824403403403402	1630.0
27.843574	1600.0
27.856767999999999	2150.0
27.874137000000001	1710.0
27.890087999999999	1900.0
27.905749003984063	1660.0
27.922688755020079	1780.0
27.940052000000001	1560.0
27.957848000000002	1900.0
27.970410000000001	1670.0
27.987472	1740.0
28.004020000000001	1450.0
28.018103	1520.0
28.035898000000003	1650.0
28.050101999999999	1800.0
28.069814999999998	1750.0
28.085757242757243	1900.0
28.102450450450451	1860.0
28.120353999999999	1520.0
28.136732000000002	2090.0
28.155884	1770.0
28.171510999999999	1520.0
28.187715999999998	1460.0
28.203498507462683	1720.0
28.22178894472362	1780.0
28.239298701298704	1870.0
28.256085085085086	1420.0
28.273977000000002	1450.0
28.289216	1670.0
28.308104	1620.0
28.322206999999999	1570.0
28.340144000000002	1560.0
28.356967032967031	1770.0
28.373944944944945	1610.0
28.392536	1730.0
28.408208000000002	1580.0
28.426117999999999	1600.0
28.441139999999997	1810.0
28.456403999999999	1600.0
28.473614999999999	1770.0
28.493080000000003	1700.0
28.510520000000003	1770.0
28.523972000000004	1360.0
28.542986000000003	1990.0
28.559370000000001	1950.0
28.575378000000004	1630.0
28.594176000000004	1650.0
28.609811999999998	1760.0
28.628953999999997	1800.0
28.644653346653346	1510.0
28.661385385385383	1630.0
28.676817	2050.0
28.695351999999996	1450.0
28.711864000000002	1930.0
28.726865	1690.0
28.742809999999999	2030.0
28.755897999999998	1720.0
28.774620000000002	1330.0
28.790816	1780.0
28.806619999999999	2180.0
28.823535999999997	1640.0
28.840510000000002	2040.0
28.85642303969022	1740.0
28.87225025853154	1690.0
28.891031999999999	1630.0
28.908452547452548	1750.0
28.922955955955956	1480.0
28.939795999999998	1730.0
28.957082	1500.0
28.975114999999999	1460.0
28.989836327345309	1620.0
29.007012024048095	1790.0
29.024696000000002	1960.0
29.040909999999997	1600.0
29.058585999999998	1490.0
29.072972999999998	1690.0
29.089744000000003	1500.0
29.111767999999998	2000.0
29.128443000000001	1470.0
29.142958	1750.0
29.160331999999997	2010.0
29.176117000000001	1620.0
29.193818181818184	1760.0
29.211266266266264	1620.0
29.227873999999996	1870.0
29.243863999999999	1730.0
29.260888000000001	1760.0
29.277214999999998	1560.0
29.295391999999996	1590.0
29.312928000000003	1870.0
29.330807	2060.0
29.345141999999996	1590.0
29.362966	2060.0
29.381793000000002	1900.0
29.395735999999999	1730.0
29.411948000000002	1790.0
29.432012000000004	1740.0
29.446652000000004	1670.0
29.464286713286715	1690.0
29.480927927927926	1680.0
29.499568	1960.0
29.515384000000001	1940.0
29.534251000000001	1690.0
29.552410000000002	1560.0
29.566853999999999	2090.0
29.585598999999998	1470.0
29.602259999999998	1890.0
29.619167999999998	1300.0
29.636187000000003	1930.0
29.654183999999997	1450.0
29.671345999999996	1840.0
29.689617999999999	1630.0
29.707432000000001	2060.0
29.722247999999997	1660.0
29.740037999999998	1580.0
29.758256743256744	2020.0
29.775280280280281	1490.0
29.791715	2000.0
29.807270633397316	1800.0
29.823427974947812	1590.0
29.842649000000002	1680.0
29.862012000000004	1990.0
29.877571999999997	2080.0
29.895337000000001	1740.0
29.910956183057451	1910.0
29.930232	1300.0
29.945704477611937	2100.0
29.964780904522613	2070.0
29.983447999999999	1940.0
30.000114999999997	1740.0
30.01606	1890.0
30.033415584415582	2050.0
30.050957957957959	1950.0
30.067504	1760.0
30.084528000000002	1800.0
30.100814999999997	1720.0
30.116759999999996	1700.0
30.136959999999998	1710.0
30.151843	1980.0
30.169558000000002	1760.0
30.187531999999997	1530.0
30.202515000000002	1900.0
30.218788	1730.0
30.235507999999999	1710.0
30.249528999999999	1880.0
30.26831	1910.0
30.285105999999999	1760.0
30.302207792207795	1770.0
30.318153153153155	1850.0
30.334728000000002	1930.0
30.351065000000002	1670.0
30.367744000000002	1860.0
30.382373999999999	1660.0
30.398776000000002	1730.0
30.415784000000002	1840.0
30.431820000000002	1900.0
30.448849397590362	2060.0
30.467140000000001	1780.0
30.479559999999999	2030.0
30.499374	2040.0
30.514863999999999	2030.0
30.531888000000002	1840.0
30.547172000000003	2140.0
30.562892000000002	1960.0
30.580919080919081	1770.0
30.597929929929929	1860.0
30.614943999999998	2130.0
30.629724000000003	2220.0
30.645165000000002	1970.0
30.660236000000001	1480.0
30.677914171656688	1950.0
30.695014	1630.0
30.710152000000004	1970.0
30.728663999999998	1950.0
30.743438000000001	2100.0
30.762064000000002	2050.0
30.777816000000001	1920.0
30.792096000000001	1970.0
30.80866	1830.0
30.826143999999999	1460.0
30.841845154845156	2060.0
30.85713813813814	1680.0
30.874167999999997	1790.0
30.891176000000002	1790.0
30.906535999999999	1950.0
30.922319999999999	1930.0
30.937314000000001	1880.0
30.958209999999998	1720.0
30.974325999999998	2130.0
30.991833000000003	2020.0
31.005856000000001	1660.0
31.02102	1800.0
31.037957999999996	1950.0
31.055909999999997	1850.0
31.071411999999999	1890.0
31.086815000000001	1850.0
31.103344	2010.0
31.120357642357639	1720.0
31.13666066066066	1860.0
31.153383999999996	1730.0
31.169569999999997	2040.0
31.188217999999999	1960.0
31.203496000000001	1830.0
31.220447999999998	2130.0
31.237546999999996	1760.0
31.255607569721118	2130.0
31.273652610441768	1980.0
31.290652999999999	2030.0
31.305847999999997	1750.0
31.32516	2160.0
31.343123000000002	2180.0
31.357475999999998	1910.0
31.374742514970059	1790.0
31.393873873873872	1950.0
31.410132132132134	1990.0
31.428184000000002	1680.0
31.443913999999999	1720.0
31.462451999999999	1710.0
31.480626000000001	1930.0
31.498614999999997	2130.0
31.514768	1710.0
31.532855999999999	1780.0
31.551388999999997	2410.0
31.569822000000002	1720.0
31.584660079051382	2010.0
31.601209514170041	1760.0
31.617259999999998	2120.0
31.635960000000001	1610.0
31.654776000000002	2030.0
31.671110000000002	1890.0
31.689270729270731	1960.0
31.706812812812814	1980.0
31.722095999999997	1860.0
31.740703999999997	1870.0
31.758630799605132	2240.0
31.774642201834862	1790.0
31.793652000000002	2010.0
31.808895999999997	1740.0
31.826148000000003	2100.0
31.843619999999998	2480.0
31.861048999999998	1860.0
31.879075999999998	2160.0
31.895466000000003	2240.0
31.912976000000004	1850.0
31.929984000000001	1760.0
31.947696000000001	2060.0
31.96425374625375	1760.0
31.984276276276276	2060.0
32.001170000000002	1990.0
32.016173999999999	1980.0
32.039059999999999	2120.0
32.055019999999999	2130.0
32.070965000000001	1890.0
32.087298000000004	1940.0
32.105902	1800.0
32.124493999999999	1880.0
32.140912	1960.0
32.159168000000001	2150.0
32.176175999999998	1790.0
32.192609999999995	1930.0
32.207294000000005	2170.0
32.226019999999998	2120.0
32.245752000000003	2100.0
32.261580419580419	2000.0
32.277363363363364	1890.0
32.297125999999999	2220.0
32.310288	2110.0
32.327458	1700.0
32.345872	1950.0
32.360327999999996	1710.0
32.377877999999995	1750.0
32.395676000000002	2040.0
32.410969999999999	2330.0
32.427836999999997	1940.0
32.445907999999996	2070.0
32.463408000000001	2120.0
32.481067000000003	2220.0
32.495567999999999	1840.0
32.512225999999998	1910.0
32.531122877122876	2180.0
32.547558558558556	1990.0
32.564487999999997	2070.0
32.579526999999999	2340.0
32.597409999999996	2090.0
32.614001999999999	1790.0
32.633094	2160.0
32.648544000000001	2080.0
32.665915999999996	1790.0
32.681932000000003	2090.0
32.696584000000001	1950.0
32.713070000000002	2110.0
32.730817999999999	2060.0
32.746631999999998	2320.0
32.764103999999996	1630.0
32.779283	2090.0
32.797310756972109	2230.0
32.81283450351053	2010.0
32.830676676676681	2140.0
32.84966	2030.0
32.865727999999997	2070.0
32.882394000000005	1940.0
32.898446	1700.0
32.916575999999999	2040.0
32.930776000000002	1970.0
32.948208000000001	2150.0
32.965807999999996	1830.0
32.982816	1770.0
33.001666	2130.0
33.017814000000001	1930.0
33.034596999999998	2200.0
33.048648	2020.0
33.066624000000004	2020.0
33.082951048951053	1650.0
33.100897897897894	2010.0
33.118809571286143	2050.0
33.134130391173521	2150.0
33.152575999999996	1870.0
33.168711999999999	2020.0
33.187043000000003	1940.0
33.202357999999997	2010.0
33.220883999999998	1870.0
33.238014	2110.0
33.252896	1880.0
33.269676000000004	1890.0
33.287056	2050.0
33.304817999999997	2060.0
33.319634000000001	2280.0
33.337794820717136	2060.0
33.354156626506018	2000.0
33.373103960396037	2040.0
33.388970677451972	2130.0
33.406144000000005	1970.0
33.422969999999999	1890.0
33.438654	2290.0
33.455156000000002	1950.0
33.473432000000003	1810.0
33.489215999999999	1860.0
33.506737999999999	2160.0
33.523092000000005	1710.0
33.541179	1880.0
33.555743999999997	2160.0
33.574359999999999	1870.0
33.592295999999997	1910.0
33.605727999999999	1900.0
33.624243999999997	2250.0
33.641360360360359	1900.0
33.660260000000001	2310.0
33.676367999999997	2150.0
33.693376000000001	2050.0
33.709562000000005	2190.0
33.723731999999998	2050.0
33.740217999999999	2510.0
33.757495999999996	2010.0
33.775559999999999	2170.0
33.794455999999997	1990.0
33.812117999999998	2170.0
33.828769999999999	2230.0
33.845495999999997	1600.0
33.862504000000001	1830.0
33.882252000000001	2120.0
33.897594000000005	2140.0
33.914475524475527	2250.0
33.929553553553554	1750.0
33.946415000000002	1750.0
33.962584	1920.0
33.980184000000001	1850.0
33.998615999999998	2110.0
34.015210000000003	1860.0
34.032603999999999	2070.0
34.049574	2010.0
34.066871999999996	1890.0
34.084019999999995	1750.0
34.101427000000001	2140.0
34.118678642714571	2240.0
34.133150300601201	2260.0
34.149736000000004	2020.0
34.167727999999997	2080.0
34.184719280719278	1610.0
34.200761761761761	1760.0
34.218132000000004	2270.0
34.236807999999996	1950.0
34.254117000000001	1710.0
34.272188	2480.0
34.288992	1660.0
34.305837999999994	1970.0
34.323864	2050.0
34.343360000000004	1890.0
34.360534000000001	1770.0
34.378103718199611	1830.0
34.394251533742327	1990.0
34.415290999999996	1870.0
34.430141999999996	1860.0
34.448963999999997	2030.0
34.464036999999998	1730.0
34.481982017982013	2130.0
34.499556556556556	1860.0
34.518011999999999	1890.0
34.532024	1910.0
34.549425999999997	2270.0
34.566615000000006	2030.0
34.584072000000006	1950.0
34.600951999999999	1810.0
34.618358000000001	2120.0
34.634716000000004	2200.0
34.651885999999998	2220.0
34.668315	2110.0
34.684260000000002	2080.0
34.702116000000004	2000.0
34.721164999999999	1870.0
34.737183999999999	1700.0
34.754067932067933	2020.0
34.770003003003005	2000.0
34.786752	1810.0
34.805247999999999	2140.0
34.821865000000003	1910.0
34.838718	1780.0
34.856805999999999	2100.0
34.872553000000003	2240.0
34.888947999999999	1800.0
34.905619999999999	1900.0
34.923107000000002	2180.0
34.940343999999996	1800.0
34.955572000000004	2200.0
34.974298000000005	2130.0
34.993312000000003	1970.0
35.00732	1750.0
35.023403980099502	2000.0
35.040357429718874	2020.0
35.057370808678499	1550.0
35.074626395939084	2250.0
35.092059999999996	1690.0
35.108488000000001	1770.0
35.125495999999998	1890.0
35.142504000000002	1500.0
35.159528000000002	1960.0
35.176535999999999	1820.0
35.195111999999995	1500.0
35.21172	2020.0
35.226754	1990.0
35.244524950099795	2060.0
35.258722000000006	1790.0
35.278514999999999	1910.0
35.294623999999999	1620.0
35.312555444555443	1780.0
35.331773773773776	2220.0
35.347017999999998	1980.0
35.363720430107527	1950.0
35.379969293756396	1720.0
35.398248000000002	2070.0
35.415120000000002	2000.0
35.433078000000002	1810.0
35.447074000000001	1480.0
35.464364000000003	1670.0
35.481776000000004	1890.0
35.498784000000001	1880.0
35.515808	1980.0
35.5328008008008	1720.0
35.549824000000001	1800.0
35.567382000000002	1730.0
35.586132999999997	1590.0
35.60055544455544	1760.0
35.617979979979978	2190.0
35.636034000000002	2300.0
35.652397999999998	1460.0
35.669370000000001	1860.0
35.685935999999998	1970.0
35.702944000000002	1890.0
35.720716000000003	1550.0
35.737165000000005	1880.0
35.753984000000003	1810.0
35.770070000000004	1700.0
35.789014999999999	1830.0
35.805152	1930.0
35.823792000000005	1910.0
35.839055999999999	1620.0
35.855809999999998	1660.0
35.873035964035964	1520.0
35.891705705705711	1710.0
35.908104000000002	2010.0
35.924112000000001	2000.0
35.941848999999998	1810.0
35.958876000000004	1670.0
35.975866000000003	2120.0
35.990893	1870.0
36.008831999999998	2000.0
36.025320000000001	1760.0
36.044118000000005	1880.0
36.058238000000003	1340.0
36.076248	1690.0
36.093397000000003	1810.0
36.111671999999999	2070.0
36.130288	1830.0
36.146633999999999	1810.0
36.163084915084916	1890.0
36.180861861861864	1870.0
36.197856999999999	1880.0
36.215344000000002	1740.0
36.231720000000003	1940.0
36.247665000000005	1850.0
36.265158	1860.0
36.284084	1440.0
36.301415999999996	1670.0
36.316322803553803	1750.0
36.334476000000002	1950.0
36.352182999999997	1440.0
36.366771999999997	1490.0
36.385488000000002	1690.0
36.402777	1750.0
36.421445759368837	2050.0
36.439189463019247	1860.0
36.454997997997999	1530.0
36.470407999999999	2000.0
36.484372	1680.0
36.503881	1470.0
36.521135999999998	1540.0
36.538395999999999	1580.0
36.556466999999998	1530.0
36.572710000000001	1830.0
36.590626	1630.0
36.609492000000003	1810.0
36.622872000000001	1480.0
36.642192000000001	1580.0
36.661465	1450.0
36.677115999999998	1780.0
36.693086000000001	1520.0
36.709893999999998	1360.0
36.725252747252746	1880.0
36.742855855855851	1410.0
36.759554000000001	1350.0
36.777132000000002	1780.0
36.796284	1430.0
36.811413000000002	1710.0
36.827824	1420.0
36.847631999999997	1680.0
36.865847000000002	1690.0
36.880918000000001	1660.0
36.898887999999999	1950.0
36.915533999999994	1630.0
36.931635999999997	1980.0
36.950927999999998	1610.0
36.967936000000002	1420.0
36.986246000000001	1730.0
37.002970029970029	1470.0
37.018863013698628	1410.0
37.036227226202662	1480.0
37.054359281437129	1820.0
37.070507014028053	1500.0
37.085396000000003	1510.0
37.105559999999997	1650.0
37.120232999999999	1330.0
37.138064	1400.0
37.155224000000004	1790.0
37.173833999999999	2010.0
37.18891	1890.0
37.205902000000002	1640.0
37.224815	1890.0
37.241911999999999	1770.0
37.259720000000002	1810.0
37.276176	1410.0
37.292027972027974	1380.0
37.310115115115117	1600.0
37.328215999999998	1630.0
37.345223999999995	1580.0
37.363076	1430.0
37.379365	1740.0
37.396263999999995	1710.0
37.415287999999997	1420.0
37.432133999999998	1450.0
37.446871999999999	1370.0
37.461743999999996	1750.0
37.480064999999996	1660.0
37.497011999999998	1560.0
37.514572000000001	1590.0
37.531759000000001	1530.0
37.550908	1480.0
37.567223776223777	1650.0
37.58275975975976	1500.0
37.600138000000001	1380.0
37.616669999999999	1820.0
37.633296442687751	1610.0
37.648639676113362	1180.0
37.666456000000004	1460.0
37.683557999999998	1520.0
37.70241	1670.0
37.71837	1660.0
37.734315000000002	1530.0
37.750544000000005	1440.0
37.766523999999997	1290.0
37.78322	1590.0
37.801636000000002	1500.0
37.818145999999999	1560.0
37.833812999999999	1550.0
37.851603396603394	1680.0
37.868915915915913	1310.0
37.883282999999999	1560.0
37.902225999999999	1270.0
37.919688000000001	1370.0
37.935715000000002	1460.0
37.951615384615387	1640.0
37.966603396603396	1390.0
37.983217434869736	1410.0
38.002510000000001	1280.0
38.019364000000003	1680.0
38.037776000000001	1730.0
38.053511999999998	1530.0
38.068807999999997	1590.0
38.086917999999997	1730.0
38.103596000000003	1490.0
38.119159840159845	1190.0
38.136592592592592	1630.0
38.154668000000001	1660.0
38.169272727272727	1510.0
38.187756756756755	1290.0
38.204903999999999	1570.0
38.221869999999996	1580.0
38.237813186813185	1410.0
38.253930930930927	1350.0
38.271712000000001	1470.0
38.289732000000001	1600.0
38.304358000000001	1650.0
38.321570000000001	1510.0
38.338015999999996	1280.0
38.356151999999994	1140.0
38.374017946161516	1490.0
38.39034068136273	1480.0
38.407060060060061	1340.0
38.423270000000002	1230.0
38.439215000000004	1330.0
38.457048	1400.0
38.474135999999994	1230.0
38.492136000000002	1580.0
38.508876000000001	1240.0
38.524762000000003	1620.0
38.543393000000002	1270.0
38.558183999999997	1520.0
38.575596000000004	1450.0
38.592314000000002	1500.0
38.608738000000002	1240.0
38.62567	1350.0
38.642256000000003	1440.0
38.662080000000003	1190.0
38.678741258741262	1340.0
38.696124124124125	1620.0
38.711516000000003	1430.0
38.729285999999995	1180.0
38.747335999999997	1220.0
38.76426	1280.0
38.780811999999997	1430.0
38.799742999999999	1250.0
38.814932000000006	1280.0
38.832056000000001	1340.0
38.847619000000002	1230.0
38.865960000000001	1190.0
38.882448000000004	1260.0
38.901820000000001	1520.0
38.918501999999997	1280.0
38.933770000000003	1510.0
38.949703296703298	1320.0
38.966501501501504	1490.0
38.985344000000005	1280.0
39.001564999999999	1440.0
39.018543999999999	1510.0
39.035567999999998	1160.0
39.052414999999996	1470.0
39.068584000000001	1250.0
39.085608000000001	1160.0
39.102967	1180.0
39.12021	1440.0
39.135213999999998	1220.0
39.151738000000002	1300.0
39.169663999999997	1400.0
39.189360000000001	1590.0
39.204771999999998	1400.0
39.219909999999999	1550.0
39.240142857142857	1240.0
39.25405105105105	1000.0
39.271727999999996	1360.0
39.289816000000002	1270.0
39.307331999999995	1420.0
39.321131999999999	1120.0
39.339570000000002	1060.0
39.356116999999998	1320.0
39.374175648702597	1350.0
39.391829659318638	1100.0
39.408365000000003	1000.0
39.424309999999998	1320.0
39.440888000000001	1240.0
39.457215000000005	1290.0
39.473904000000005	1170.0
39.492544000000002	1370.0
39.509051948051948	1440.0
39.525942942942947	1040.0
39.542968000000002	1410.0
39.560915000000001	1120.0
39.576984000000003	1330.0
39.593820000000001	1280.0
39.609765000000003	1130.0
39.626338000000004	1250.0
39.644425999999996	1310.0
39.661615000000005	1290.0
39.678063999999999	1160.0
39.696224000000001	1320.0
39.713464999999999	1230.0
39.729410000000001	1430.0
39.746885999999996	1140.0
39.765777999999997	1600.0
39.781376000000002	1120.0
39.797205794205794	1290.0
39.813198	1150.0
39.83211	1220.0
39.848208	1280.0
39.865618000000005	1380.0
39.883960000000002	1440.0
39.900576000000001	1320.0
39.917864999999999	1300.0
39.934263999999999	1460.0
39.950251999999999	1240.0
39.966296	1230.0
39.984591999999999	1290.0
40.000203999999997	1490.0
40.016336000000003	1080.0
40.034177999999997	1310.0
40.052266000000003	1220.0
40.069360639360639	980.0
40.086407999999999	1190.0
40.104407999999999	1000.0
40.121113999999999	1230.0
40.136852000000005	1200.0
40.154892000000004	1000.0
40.171137999999999	950.0
40.189059999999998	1250.0
40.204552	1190.0
40.221558000000002	1250.0
40.239503999999997	1300.0
40.258502	1150.0
40.273651999999998	1540.0
40.289543999999999	1120.0
40.309111999999999	1220.0
40.326576000000003	1270.0
40.342610000000001	1240.0
40.35962962962963	1000.0
40.377313000000001	1220.0
40.391952000000003	1110.0
40.411103999999995	1310.0
40.429074	1510.0
40.445726000000001	1210.0
40.464269999999999	1110.0
40.480215000000001	1140.0
40.497791999999997	970.0
40.514512000000003	980.0
40.531407000000002	1280.0
40.548009999999998	1140.0
40.564768000000001	970.0
40.58522	1210.0
40.599088000000002	1260.0
40.614820000000002	980.0
40.633800800800806	1050.0
40.650824	1230.0
40.667847999999999	1160.0
40.684855999999996	1010.0
40.702770229770231	1100.0
40.721143143143145	1240.0
40.737757999999999	1060.0
40.753927999999995	1110.0
40.771160000000002	1280.0
40.788072999999997	1220.0
40.804628000000001	1160.0
40.822716	1100.0
40.838354000000002	1110.0
40.854984000000002	860.0
40.872008000000001	1150.0
40.891016999999998	1170.0
40.908767232767232	1060.0
40.922161161161164	1090.0
40.940438	1090.0
40.958556000000002	1090.0
40.975360000000002	1050.0
40.994333999999995	1050.0
41.009660000000004	1010.0
41.026128	1010.0
41.043135999999997	920.0
41.061411999999997	1540.0
41.077772000000003	1250.0
41.094936999999994	1280.0
41.111359999999998	1000.0
41.129095999999997	880.0
41.144314000000001	1030.0
41.163181999999999	940.0
41.177324675324677	1110.0
41.195102102102098	1070.0
41.211672	1070.0
41.230823999999998	1030.0
41.249296000000001	1090.0
41.266697999999998	1010.0
41.283411999999998	1510.0
41.300899000000001	1250.0
41.318760000000005	1020.0
41.334720000000004	1010.0
41.353509000000003	1130.0
41.367514	1220.0
41.386760000000002	1370.0
41.402614	970.0
41.419423999999999	870.0
41.437391999999996	1320.0
41.452820000000003	810.0
41.472999999999999	1130.0
41.487692692692697	1240.0
41.505777000000002	1340.0
41.522815999999999	940.0
41.539752	1270.0
41.558064999999999	800.0
41.574544000000003	1200.0
41.591568000000002	1090.0
41.608575999999999	1200.0
41.627032	970.0
41.644608000000005	1070.0
41.660764999999998	850.0
41.67671	1020.0
41.693648000000003	890.0
41.713574000000001	1060.0
41.728871999999996	1170.0
41.747349650349648	1480.0
41.762683683683683	1060.0
41.779409999999999	950.0
41.796802	1010.0
41.816156999999997	980.0
41.832292000000002	1290.0
41.848315999999997	1120.0
41.865776000000004	1070.0
41.882109999999997	820.0
41.898808000000002	980.0
41.916617000000002	880.0
41.932096000000001	1020.0
41.950703999999995	1120.0
41.968847000000004	900.0
41.986917999999996	1130.0
42.004652	1070.0
42.019896000000003	1120.0
42.036412587412585	1030.0
42.052838838838838	970.0
42.071936000000001	920.0
42.089812000000002	900.0
42.107469999999999	960.0
42.123975999999999	1010.0
42.140983999999996	1110.0
42.159383999999996	990.0
42.174011999999998	1150.0
42.192465999999996	950.0
42.210926000000001	1080.0
42.228997	1010.0
42.244067932067935	960.0
42.26214014014014	1050.0
42.280226999999996	930.0
42.297716000000001	1080.0
42.313381618381619	1040.0
42.331445445445446	880.0
42.347608000000001	1600.0
42.363959999999999	920.0
42.382665000000003	1180.0
42.398609999999998	900.0
42.415846000000002	790.0
42.432514999999995	840.0
42.448459999999997	1080.0
42.466904	1010.0
42.486038000000001	1030.0
42.501356000000001	1170.0
42.519252000000002	1140.0
42.534376999999999	900.0
42.552447999999998	950.0
42.570327999999996	970.0
42.587336000000001	730.0
42.603671328671325	1090.0
42.620550550550547	1130.0
42.638914999999997	1020.0
42.656906467661692	930.0
42.674203015075378	950.0
42.691718000000002	970.0
42.709423999999999	810.0
42.726447999999998	890.0
42.743456000000002	1110.0
42.761921722113506	1230.0
42.776574642126789	890.0
42.792527	780.0
42.810503999999995	960.0
42.827686	960.0
42.845314999999999	810.0
42.862679999999997	900.0
42.882214785214785	1080.0
42.898156156156155	930.0
42.913635999999997	1090.0
42.930146000000001	940.0
42.946413999999997	1010.0
42.964615999999999	680.0
42.981919999999995	1150.0
42.998643356643356	850.0
43.01566166166166	1050.0
43.034524000000005	600.0
43.048752999999998	1010.0
43.070703999999999	960.0
43.087403999999999	1110.0
43.101735999999995	930.0
43.118510000000001	980.0
43.135960000000004	910.0
43.155414999999998	1010.0
43.171777222777223	970.0
43.188312312312313	910.0
43.205367000000003	820.0
43.222210000000004	910.0
43.240203999999999	1060.0
43.258597000000002	1000.0
43.275864000000006	1100.0
43.292888000000005	670.0
43.310826999999996	810.0
43.326909999999998	950.0
43.344044000000004	1030.0
43.362935999999998	1060.0
43.380127999999999	860.0
43.397967999999999	860.0
43.414975999999996	890.0
43.431609999999999	1080.0
43.448438561438564	670.0
43.465507507507503	980.0
43.483151999999997	780.0
43.499164	840.0
43.516438000000001	830.0
43.535572000000002	990.0
43.553087999999995	840.0
43.571857999999999	820.0
43.586272000000001	700.0
43.604135999999997	900.0
43.622207000000003	910.0
43.639876000000001	720.0
43.655563999999998	1020.0
43.673915000000001	1090.0
43.690184000000002	780.0
43.708759999999998	730.0
43.726863000000002	660.0
43.742729270729271	800.0
43.760818818818819	950.0
43.775691999999999	940.0
43.791967999999997	1040.0
43.810823999999997	860.0
43.826633999999999	750.0
43.843303999999996	900.0
43.861286	820.0
43.878377999999998	900.0
43.897260000000003	830.0
43.913516000000001	1060.0
43.931587	910.0
43.948836	850.0
43.965422000000004	1200.0
43.982812000000003	880.0
43.998815999999998	730.0
44.01532967032967	980.0
44.03163063063063	820.0
44.049464	840.0
44.068641999999997	750.0
44.084153000000001	1010.0
44.101348000000002	740.0
44.119436	910.0
44.137506999999999	780.0
44.152577999999998	710.0
44.170665999999997	1040.0
44.188737000000003	710.0
44.206136000000001	800.0
44.222183999999999	970.0
44.240615999999996	780.0
44.258451999999998	870.0
44.275691999999999	730.0
44.292197000000002	840.0
44.308447552447554	910.0
44.326018018018019	850.0
44.342965	1080.0
44.361291999999999	1270.0
44.380444000000004	920.0
44.397736000000002	990.0
44.413760000000003	1110.0
44.429864000000002	860.0
44.448665000000005	1150.0
44.46461	900.0
44.481045999999999	1050.0
44.498815999999998	1030.0
44.516188	850.0
44.534275999999998	740.0
44.550382999999997	730.0
44.568080000000002	860.0
44.585643356643359	1040.0
44.602571571571573	930.0
44.618415999999996	960.0
44.636544000000001	930.0
44.653064999999998	850.0
44.670877999999995	790.0
44.689892430278881	900.0
44.703915000000002	770.0
44.720108000000003	940.0
44.737819999999999	940.0
44.754016	820.0
44.771640718562871	860.0
44.789651302605208	970.0
44.806497	930.0
44.822552000000002	830.0
44.839792000000003	990.0
44.856203000000001	950.0
44.874172827172828	950.0
44.8920999000999	610.0
44.909130260521039	730.0
44.925260000000002	870.0
44.943116000000003	620.0
44.95722	750.0
44.978183999999999	830.0
44.995070000000005	700.0
45.011216000000005	740.0
45.028224000000002	700.0
45.046231999999996	860.0
45.063300999999996	640.0
45.077718000000004	650.0
45.094769999999997	810.0
45.110714999999999	920.0
45.129235999999999	790.0
45.146609390609392	990.0
45.161790790790789	860.0
45.18168	900.0
45.19847	740.0
45.217298000000007	630.0
45.230383999999994	750.0
45.247408	700.0
45.264868999999997	970.0
45.283781999999995	620.0
45.298448	810.0
45.316138000000002	870.0
45.333655999999998	790.0
45.350423999999997	780.0
45.367964999999998	800.0
45.385097999999999	930.0
45.403185999999998	870.0
45.417651999999997	830.0
45.434314685314689	820.0
45.451565565565566	790.0
45.470398000000003	1070.0
45.484662	830.0
45.503646000000003	670.0
45.521212000000006	890.0
45.534459999999996	850.0
45.551559999999995	780.0
45.570782999999999	1030.0
45.586018000000003	900.0
45.603270000000002	810.0
45.620657999999999	980.0
45.638704000000004	650.0
45.654511999999997	940.0
45.670735999999998	860.0
45.687744000000002	930.0
45.704755244755241	740.0
45.722634634634638	650.0
45.741632000000003	770.0
45.755844000000003	850.0
45.772866999999998	840.0
45.791052000000001	900.0
45.809670000000004	710.0
45.825374000000004	720.0
45.841167999999996	670.0
45.858888	910.0
45.875895999999997	590.0
45.893397999999998	900.0
45.910927999999998	630.0
45.927935999999995	780.0
45.94426	770.0
45.961716000000003	920.0
45.978165000000004	770.0
45.996716283716289	680.0
46.014944944944943	800.0
46.029958167330676	660.0
46.047024	950.0
46.064175999999996	780.0
46.082247000000002	800.0
46.099809999999998	690.0
46.116405999999998	710.0
46.134477000000004	620.0
46.151215999999998	920.0
46.166620000000002	760.0
46.184277999999999	820.0
46.201509999999999	710.0
46.218865999999998	690.0
46.236031620553362	880.0
46.253149797570849	850.0
46.269306693306696	1110.0
46.286215215215215	930.0
46.302224000000002	630.0
46.319403999999999	900.0
46.338115000000002	670.0
46.354264000000001	920.0
46.371019999999994	860.0
46.387295999999999	970.0
46.405486000000003	780.0
46.422496000000002	710.0
46.437857000000001	760.0
46.455928	510.0
46.474664000000004	820.0
46.493086999999996	720.0
46.508836000000002	820.0
46.525407999999999	840.0
46.544218000000001	710.0
46.561408591408586	760.0
46.578476000000002	800.0
46.596274000000001	810.0
46.611618	630.0
46.629269999999998	780.0
46.645495999999994	760.0
46.662847999999997	620.0
46.680120000000002	550.0
46.697478000000004	810.0
46.715009999999999	940.0
46.730969999999999	620.0
46.746915000000001	530.0
46.765032000000005	650.0
46.782608000000003	720.0
46.798765000000003	850.0
46.816538000000001	590.0
46.833632367632369	830.0
46.849696999999999	750.0
46.867767999999998	770.0
46.885856000000004	840.0
46.903233999999998	860.0
46.918703999999998	740.0
46.936444000000002	790.0
46.953893999999998	620.0
46.970227999999999	920.0
46.987220000000001	670.0
47.004387000000001	620.0
47.022458	920.0
47.038311377245513	720.0
47.054809619238476	690.0
47.069232	560.0
47.087703999999995	640.0
47.106820179820183	710.0
47.122756000000003	840.0
47.138124000000005	930.0
47.156172000000005	750.0
47.170392	980.0
47.189236000000001	840.0
47.206935999999999	840.0
47.224378000000002	730.0
47.242466	860.0
47.257731999999997	920.0
47.273608000000003	820.0
47.289631999999997	790.0
47.307517999999995	700.0
47.323396000000002	620.0
47.340926000000003	1070.0
47.356174000000003	890.0
47.378059940059941	910.0
47.394073073073073	620.0
47.411358	790.0
47.42991	550.0
47.446386000000004	870.0
47.463494000000004	690.0
47.480295999999996	730.0
47.499167999999997	740.0
47.515665000000006	770.0
47.532184000000001	960.0
47.549208	770.0
47.568318999999995	670.0
47.584696000000001	930.0
47.602904000000002	670.0
47.622038000000003	690.0
47.640217999999997	740.0
47.654323000000005	830.0
47.674121121121125	750.0
47.689160000000001	710.0
47.705743999999996	530.0
47.724336000000001	870.0
47.742011999999995	840.0
47.759174000000002	900.0
47.774836999999998	580.0
47.793432000000003	710.0
47.812584000000001	650.0
47.827812000000002	810.0
47.844138000000001	780.0
47.862226	770.0
47.880296999999999	670.0
47.899272000000003	750.0
47.913584	610.0
47.933464999999998	620.0
47.9495024975025	750.0
47.966671671671669	720.0
47.984757000000002	730.0
48.002544	760.0
48.019916000000002	720.0
48.037576000000001	670.0
48.054583999999998	740.0
48.071608000000005	760.0
48.089216999999998	750.0
48.105295999999996	830.0
48.122376000000003	810.0
48.140447000000002	830.0
48.159371999999998	750.0
48.176687999999999	850.0
48.190753000000001	730.0
48.210704	910.0
48.227834165834167	720.0
48.245722722722725	820.0
48.262509999999999	920.0
48.279066	640.0
48.296776000000001	650.0
48.313783999999998	680.0
48.331296000000002	620.0
48.348815999999999	840.0
48.366427572427568	940.0
48.385198198198196	810.0
48.402856	800.0
48.421471999999994	840.0
48.436284000000001	530.0
48.454758000000005	940.0
48.471904000000002	580.0
48.489159999999998	860.0
48.509573000000003	640.0
48.523941058941062	900.0
48.540955955955951	660.0
48.558597999999996	620.0
48.577357999999997	570.0
48.594570000000004	770.0
48.612017999999999	680.0
48.629460000000002	720.0
48.645420000000001	770.0
48.664819999999999	760.0
48.680047999999999	520.0
48.700178000000001	580.0
48.716334000000003	750.0
48.734048000000001	620.0
48.750127999999997	720.0
48.767206999999999	730.0
48.785144000000003	740.0
48.802362637362634	680.0
48.820424424424424	800.0
48.838183999999998	870.0
48.85558941058941	610.0
48.873207207207209	750.0
48.889195999999998	760.0
48.905825999999998	650.0
48.923896999999997	930.0
48.941968000000003	540.0
48.95852	580.0
48.975296	950.0
48.994092000000002	550.0
49.010370000000002	550.0
49.028335999999996	690.0
49.045344	780.0
49.062812000000001	480.0
49.081954000000003	510.0
49.097379620379627	850.0
49.115072072072074	920.0
49.132614000000004	750.0
49.149815999999994	900.0
49.167919999999995	660.0
49.185046999999997	840.0
49.201810000000002	920.0
49.220641999999998	520.0
49.236152999999995	670.0
49.255036000000004	790.0
49.270711999999996	760.0
49.287535999999996	660.0
49.307510000000001	740.0
49.323568000000002	730.0
49.340093000000003	740.0
49.355032000000001	870.0
49.373603396603393	790.0
49.390955955955953	610.0
49.408210000000004	680.0
49.424170000000004	640.0
49.442819999999998	680.0
49.461654345654345	520.0
49.478682682682688	450.0
49.494965000000001	620.0
49.511704000000002	680.0
49.52787	670.0
49.546544910179641	670.0
49.563743486973948	590.0
49.581816000000003	560.0
49.599665000000002	530.0
49.615957999999999	610.0
49.634046000000005	940.0
49.651815999999997	840.0
49.668454545454544	560.0
49.685266266266268	740.0
49.702855999999997	540.0
49.722079999999998	700.0
49.740270000000002	640.0
49.756215000000005	520.0
49.772904000000004	530.0
49.790735999999995	730.0
49.808807000000002	510.0
49.825944	690.0
49.843966000000002	750.0
49.860976000000001	900.0
49.877735999999999	760.0
49.893383999999998	800.0
49.911765000000003	710.0
49.928966000000003	690.0
49.949174825174822	590.0
49.967166166166166	690.0
49.983063999999999	590.0
50.001224000000001	650.0
50.017834000000001	580.0
50.036186000000001	710.0
50.051853999999999	720.0
50.070599000000001	870.0
50.088144	750.0
50.104219999999998	850.0
50.123165	790.0
50.139181636726548	680.0
50.156452905811626	510.0
50.175416999999996	650.0
50.192431999999997	660.0
50.208559999999999	600.0
50.227865000000001	910.0
50.243803196803199	920.0
50.2607977977978	560.0
50.278867132867134	910.0
50.296941941941938	630.0
50.315743999999995	420.0
50.332564999999995	420.0
50.347676	760.0
50.368858000000003	640.0
50.384453999999998	650.0
50.401384	710.0
50.418672000000001	630.0
50.437812000000001	570.0
50.451638000000003	640.0
50.470559999999999	600.0
50.490115000000003	420.0
50.505656000000002	650.0
50.522883116883122	530.0
50.542019019019016	410.0
50.559503999999997	580.0
50.576528000000003	810.0
50.594256999999999	670.0
50.611544000000002	780.0
50.628568000000001	580.0
50.648308999999998	450.0
50.661687999999998	550.0
50.680683999999999	400.0
50.699313000000004	740.0
50.713788000000001	430.0
50.73142	620.0
50.748820000000002	580.0
50.767247999999995	540.0
50.783360000000002	510.0
50.803176999999998	740.0
50.819064935064937	690.0
50.835329329329326	710.0
50.853407000000004	760.0
50.870744000000002	580.0
50.887768000000001	740.0
50.904775999999998	1070.0
50.923631999999998	520.0
50.940808000000004	650.0
50.958815999999999	730.0
50.975937999999999	800.0
50.993670000000002	510.0
51.010097000000002	660.0
51.027560000000001	520.0
51.043887999999995	740.0
51.061326999999999	840.0
51.078409999999998	640.0
51.096033966033964	490.0
51.113309309309308	680.0
51.131312000000001	820.0
51.148967999999996	760.0
51.165165000000002	830.0
51.181984	820.0
51.200883999999995	880.0
51.219013000000004	740.0
51.233215999999999	650.0
51.253169491525419	680.0
51.27082848545637	560.0
51.288333999999999	620.0
51.307816000000003	650.0
51.322096000000002	590.0
51.339548000000001	780.0
51.357635999999999	600.0
51.373994000000003	660.0
51.391400599400605	520.0
51.405674674674678	550.0
51.426503000000004	710.0
51.446007999999999	630.0
51.461432000000002	620.0
51.478215999999996	890.0
51.496238000000005	670.0
51.514248000000002	790.0
51.531397000000005	540.0
51.549672000000001	560.0
51.568288000000003	760.0
51.583971999999996	920.0
51.599879999999999	700.0
51.618411999999999	820.0
51.635377999999996	980.0
51.653343999999997	720.0
51.671004995004992	860.0
51.688371371371368	780.0
51.705384000000002	650.0
51.724083999999998	720.0
51.739613999999996	920.0
51.758352000000002	770.0
51.772615999999999	800.0
51.795273999999999	650.0
51.810310000000001	460.0
51.827578000000003	610.0
51.847090999999999	770.0
51.861536000000001	980.0
51.880527999999998	890.0
51.898949000000002	860.0
51.917543999999999	690.0
51.932175999999998	640.0
51.948236999999999	610.0
51.964849150849155	600.0
51.983180180180184	650.0
52.000616000000001	610.0
52.018537999999999	770.0
52.032713999999999	570.0
52.053573999999998	590.0
52.068868263473057	760.0
52.087328657314629	790.0
52.102926999999994	810.0
52.1206993006993	510.0
52.137360360360361	670.0
52.154156999999998	610.0
52.172227999999997	820.0
52.190315999999996	570.0
52.207165000000003	710.0
52.225132000000002	680.0
52.240574850299403	570.0
52.259211422845688	570.0
52.276824000000005	790.0
52.293848000000004	850.0
52.310856000000001	890.0
52.328702	680.0
52.343124000000003	570.0
52.361715000000004	750.0
52.377660000000006	740.0
52.395160000000004	660.0
52.414194000000002	550.0
52.429510000000001	680.0
52.44547	720.0
52.462536999999998	600.0
52.481231999999999	700.0
52.497632000000003	580.0
52.514766999999999	900.0
52.532824175824175	550.0
52.546534534534537	490.0
52.565879000000002	870.0
52.584052	450.0
52.598224000000002	770.0
52.617358000000003	570.0
52.635910000000003	560.0
52.652128000000005	740.0
52.669457000000001	620.0
52.687143999999996	770.0
52.703720000000004	690.0
52.720176000000002	660.0
52.737183999999999	560.0
52.754207999999998	670.0
52.771216000000003	580.0
52.788224	730.0
52.806061938061937	710.0
52.823254254254259	630.0
52.839281437125749	680.0
52.855305999999999	710.0
52.873457999999999	780.0
52.892160000000004	700.0
52.908327999999997	480.0
52.925064999999996	750.0
52.942011999999998	670.0
52.960368000000003	760.0
52.976453999999997	720.0
52.991860000000003	620.0
53.008996000000003	730.0
53.027718	590.0
53.045423999999997	510.0
53.063226	640.0
53.077933000000002	810.0
53.094449550449546	700.0
53.114391391391393	850.0
53.130527000000001	670.0
53.148691999999997	670.0
53.167211999999999	620.0
53.182093999999999	810.0
53.198369154228857	610.0
53.217170854271359	680.0
53.234397999999999	690.0
53.252109999999995	590.0
53.269683999999998	580.0
53.285812999999997	760.0
53.304279999999999	690.0
53.321192000000003	640.0
53.336073999999996	610.0
53.353518000000001	580.0
53.369756243756242	460.0
53.391600600600604	700.0
53.405704	630.0
53.423051999999998	720.0
53.442222999999998	620.0
53.456977999999999	700.0
53.475065999999998	750.0
53.492415000000001	560.0
53.509208000000001	620.0
53.527783999999997	640.0
53.545265000000001	710.0
53.559958125623126	640.0
53.575832497492478	690.0
53.593597000000003	630.0
53.611668000000002	710.0
53.628888000000003	640.0
53.644034000000005	600.0
53.665853146853145	640.0
53.682865671641792	530.0
53.698748743718596	660.0
53.714944000000003	600.0
53.732216000000001	820.0
53.749665	810.0
53.766731999999998	790.0
53.785007999999998	490.0
53.801013999999995	480.0
53.817588000000001	550.0
53.835675999999999	390.0
53.853055999999995	530.0
53.870063999999999	480.0
53.886270000000003	540.0
53.904857999999997	690.0
53.92116	510.0
53.93905125628141	770.0
53.956923000000003	560.0
53.971679999999999	710.0
53.991771999999997	620.0
54.007176000000001	720.0
54.023859999999999	530.0
54.041371999999996	640.0
54.060215999999997	530.0
54.077738000000004	570.0
54.094670000000001	610.0
54.111255999999997	590.0
54.126151999999998	730.0
54.144592000000003	620.0
54.161465	670.0
54.180092000000002	560.0
54.196370000000002	600.0
54.214335664335664	600.0
54.23116316316316	890.0
54.246960000000001	670.0
54.267586999999999	510.0
54.284287999999997	780.0
54.299084000000001	580.0
54.318218000000002	800.0
54.335031999999998	570.0
54.350448	740.0
54.368046999999997	680.0
54.384810000000002	560.0
54.402923999999999	480.0
54.421276999999996	450.0
54.438504000000002	660.0
54.454620000000006	620.0
54.471536	630.0
54.488509490509493	770.0
54.504650650650653	710.0
54.522736999999999	630.0
54.540807999999998	740.0
54.558027972027972	800.0
54.573605605605607	730.0
54.591038000000005	750.0
54.610081999999998	760.0
54.627032999999997	770.0
54.643872000000002	660.0
54.661020000000001	490.0
54.678426999999999	590.0
54.695703999999999	840.0
54.712728000000006	670.0
54.728814999999997	780.0
54.748696000000002	560.0
54.763815999999998	620.0
54.781774225774228	670.0
54.799117117117113	690.0
54.817807999999999	460.0
54.834815999999996	730.0
54.852551999999996	590.0
54.870419999999996	930.0
54.886364999999998	740.0
54.903418000000002	580.0
54.922742	470.0
54.939534000000002	590.0
54.956648000000001	580.0
54.975543999999999	590.0
54.992064999999997	690.0
55.007076000000005	700.0
55.026961999999997	430.0
55.044975999999998	770.0
55.061734265734266	800.0
55.077556556556559	720.0
55.097016000000004	590.0
55.113710000000005	470.0
55.130804000000005	460.0
55.148174000000004	800.0
55.165072000000002	530.0
55.183655999999999	540.0
55.201726999999998	610.0
55.219797999999997	730.0
55.236370000000001	550.0
55.252315000000003	850.0
55.270912000000003	580.0
55.287219999999998	790.0
55.306197999999995	680.0
55.325035999999997	600.0
55.340208000000004	640.0
55.357614385614383	650.0
55.376475475475473	650.0
55.394248000000005	610.0
55.410865000000001	670.0
55.429079999999999	460.0
55.448805999999998	470.0
55.464553000000002	640.0
55.480947999999998	420.0
55.499744	680.0
55.516565	670.0
55.534177999999997	710.0
55.552266000000003	560.0
55.569375999999998	540.0
55.583455999999998	590.0
55.603407999999995	740.0
55.620265000000003	600.0
55.637275724275725	490.0
55.657418743768694	690.0
55.674413654618469	810.0
55.69106	530.0
55.707956000000003	540.0
55.726557999999997	710.0
55.744503999999999	730.0
55.762186	650.0
55.779536	610.0
55.795760000000001	550.0
55.813416000000004	510.0
55.829665000000006	550.0
55.847557999999999	570.0
55.865570000000005	660.0
55.881818000000003	550.0
55.900460000000002	680.0
55.916872127872125	710.0
55.934934934934937	530.0
55.952663999999999	460.0
55.970524000000005	420.0
55.989176999999998	720.0
56.007247999999997	630.0
56.024120000000003	540.0
56.040736000000003	670.0
56.059212000000002	790.0
56.076768000000001	570.0
56.093775999999998	550.0
56.110784000000002	520.0
56.127808000000002	530.0
56.145883767535075	670.0
56.164595999999996	570.0
56.180025999999998	670.0
56.198097000000004	620.0
56.215859140859138	520.0
56.233245245245243	580.0
56.250889110889112	620.0
56.268882882882885	450.0
56.286369999999998	500.0
56.304178	470.0
56.321944000000002	540.0
56.33822	470.0
56.357408999999997	760.0
56.375858000000001	410.0
56.392070000000004	730.0
56.409016000000001	630.0
56.426023999999998	620.0
56.443304000000005	750.0
56.461865000000003	430.0
56.478572	750.0
56.496765234765235	670.0
56.514607607607608	600.0
56.534103999999999	620.0
56.551127999999999	680.0
56.567564999999995	780.0
56.586046000000003	640.0
56.602772000000002	590.0
56.619937	630.0
56.637183999999998	670.0
56.655096	660.0
56.673166999999999	660.0
56.690238000000001	630.0
56.708170000000003	580.0
56.724397000000003	470.0
56.742671999999999	650.0
56.761288	710.0
56.778627	580.0
56.7962977022977	610.0
56.811946946946946	620.0
56.829419999999999	750.0
56.848343999999997	640.0
56.864072	680.0
56.883220000000001	770.0
56.901384	620.0
56.915894000000002	670.0
56.935119	630.0
56.954352	450.0
56.972391999999999	500.0
56.987455999999995	740.0
57.004926000000005	640.0
57.024923999999999	710.0
57.042653000000001	630.0
57.057848	580.0
57.07511388611389	610.0
57.092468468468468	590.0
57.110543999999997	710.0
57.128764000000004	500.0
57.145254000000001	640.0
57.161583999999998	690.0
57.179395999999997	470.0
57.198318	720.0
57.214710000000004	560.0
57.233604	600.0
57.249738000000001	550.0
57.268872000000002	450.0
57.287512462612163	530.0
57.303658976930791	600.0
57.320998000000003	630.0
57.338727999999996	720.0
57.354893999999994	570.0
57.370252747252749	570.0
57.388950950950949	700.0
57.407776000000005	630.0
57.425457999999999	600.0
57.441332000000003	480.0
57.461020000000005	570.0
57.478824000000003	490.0
57.495848000000002	650.0
57.512855999999999	330.0
57.529756000000006	670.0
57.545478000000003	470.0
57.566533999999997	600.0
57.582148000000004	690.0
57.600236000000002	660.0
57.618671328671333	760.0
57.63606806806807	500.0
57.651462537462535	690.0
57.669650650650645	580.0
57.688608000000002	590.0
57.706007999999997	770.0
57.722265	550.0
57.739837999999999	530.0
57.757047999999998	520.0
57.778623634558095	500.0
57.797042042042037	630.0
57.812156000000002	470.0
57.829965000000001	400.0
57.846298000000004	550.0
57.864643999999998	500.0
57.883136	620.0
57.900143999999997	610.0
57.917160839160836	710.0
57.934678678678679	420.0
57.952748251748254	360.0
57.969564564564564	540.0
57.986916999999998	620.0
58.005752000000001	540.0
58.021591999999998	620.0
58.041819999999994	500.0
58.060217999999999	740.0
58.078252000000006	790.0
58.093295999999995	600.0
58.110447999999998	560.0
58.127912000000002	870.0
58.144962	700.0
58.165675999999998	520.0
58.180969999999995	490.0
58.198298000000001	650.0
58.215336000000001	510.0
58.232573426573431	750.0
58.249759759759762	530.0
58.267852000000005	530.0
58.286225999999999	590.0
58.301774000000002	700.0
58.320272000000003	480.0
58.337488	610.0
58.357402999999998	560.0
58.371691999999996	540.0
58.391002	670.0
58.410756999999997	570.0
58.428260000000002	740.0
58.444562437562439	490.0
58.461976976976977	580.0
58.479584000000003	600.0
58.496608000000002	450.0
58.514217000000002	720.0
58.53095004995005	600.0
58.548371371371367	510.0
58.566446999999997	610.0
58.582810000000002	590.0
58.599688	590.0
58.616695999999997	530.0
58.632747999999999	710.0
58.650728000000001	650.0
58.667735999999998	660.0
58.685212	740.0
58.703767999999997	570.0
58.721498000000004	670.0
58.738935999999995	620.0
58.755783999999998	730.0
58.773265000000002	570.0
58.789210000000004	770.0
58.805837162837165	680.0
58.82432	490.0
58.841847999999999	580.0
58.860605999999997	530.0
58.876950000000001	710.0
58.895873999999999	520.0
58.909968999999997	640.0
58.928273180458625	710.0
58.947347041123372	530.0
58.961708708708706	480.0
58.979219999999998	720.0
58.997862000000005	550.0
59.013883999999997	690.0
59.031514999999999	620.0
59.048023999999998	690.0
59.065047999999997	560.0
59.084820000000001	750.0
59.101545454545452	490.0
59.118888999999996	700.0
59.13608	770.0
59.151201999999998	590.0
59.171112000000001	610.0
59.187909999999995	530.0
59.202261	630.0
59.220348999999999	520.0
59.238939999999999	460.0
59.257199	360.0
59.272191999999997	440.0
59.290999999999997	780.0
59.309182	580.0
59.325232	710.0
59.342239999999997	430.0
59.359951000000002	460.0
59.377259740259738	670.0
59.394250749250745	760.0
59.410378378378375	490.0
59.429225225225224	720.0
59.444361361361366	740.0
59.464162000000002	580.0
59.479645999999995	530.0
59.498570000000001	620.0
59.515822	640.0
59.532065999999993	800.0
59.549599999999998	520.0
59.566333999999998	580.0
59.582850999999998	470.0
59.599029999999999	880.0
59.617753999999998	520.0
59.636893106893105	700.0
59.652906000000002	510.0
59.670285429141721	830.0
59.687463999999991	560.0
59.704471999999996	570.0
59.72137813440321	450.0
59.735919999999993	570.0
59.756067000000002	500.0
59.770329999999994	590.0
59.787147999999995	530.0
59.804536999999996	550.0
59.821240000000003	630.0
59.840139999999998	680.0
59.857163	560.0
59.874631999999998	490.0
59.890990000000002	710.0
59.909122000000004	580.0
59.925879999999999	450.0
59.940972027972023	530.0
59.961359999999992	580.0
59.978711711711711	550.0
59.996629999999996	500.0
60.012054054054062	630.0
60.031579999999998	610.0
60.048247999999994	760.0
60.066783999999998	640.0
60.083068000000004	600.0
60.098815999999999	550.0
60.116802000000007	530.0
60.134832000000003	490.0
60.153703999999998	460.0
60.169827000000005	550.0
60.185872000000003	810.0
60.203701999999993	710.0
60.221772999999999	530.0
60.2398123752495	400.0
60.255924924924926	490.0
60.272928000000007	460.0
60.290056999999997	510.0
60.308145000000003	590.0
60.325223999999999	590.0
60.339975999999993	570.0
60.357749999999996	770.0
60.376883999999997	610.0
60.393986055776892	600.0
60.409448795180722	730.0
60.427931999999998	570.0
60.445365000000002	360.0
60.462834999999998	430.0
60.482557557557563	680.0
60.498335664335663	610.0
60.514160839160837	440.0
60.533112000000003	730.0
60.548206999999998	460.0
60.566294999999997	420.0
60.583970000000001	740.0
60.600959000000003	530.0
60.619549999999997	630.0
60.635596000000007	490.0
60.652313999999997	640.0
60.669269999999997	630.0
60.688403999999998	500.0
60.704973999999993	530.0
60.722689999999993	590.0
60.739519999999992	560.0
60.757127000000004	400.0
60.774319999999996	690.0
60.788454000000002	430.0
60.809359999999998	470.0
60.828007999999997	670.0
60.841645999999997	640.0
60.859940000000002	500.0
60.876205999999996	580.0
60.895054999999999	540.0
60.911000000000001	550.0
60.928352000000004	450.0
60.946431999999994	570.0
60.964030000000001	650.0
60.982118	670.0
61.000188999999999	610.0
61.016699999999993	490.0
61.03266	680.0
61.050434434434443	620.0
61.068507000000004	590.0
61.084544000000001	500.0
61.101648999999995	750.0
61.120040000000003	470.0
61.139136000000001	390.0
61.154305000000008	520.0
61.170950000000005	530.0
61.189038000000004	430.0
61.207108999999996	680.0
61.225719999999995	480.0
61.243059999999993	670.0
61.259004999999995	620.0
61.276410000000006	450.0
61.293703999999998	510.0
61.311568999999992	340.0
61.329640000000005	710.0
61.347727999999996	680.0
61.362845154845147	620.0
61.381853	420.0
61.399941000000005	530.0
61.417540000000002	540.0
61.434381999999999	620.0
61.451718999999997	640.0
61.467667999999996	730.0
61.486801999999997	560.0
61.504847999999996	570.0
61.521856000000007	620.0
61.538842315369259	630.0
61.555891675025073	550.0
61.574526000000006	570.0
61.592790000000001	350.0
61.609009999999998	580.0
61.626948999999996	550.0
61.645018981018985	570.0
61.662967999999999	510.0
61.680348000000002	580.0
61.698233766233763	530.0
61.713303999999994	450.0
61.730624999999996	540.0
61.748313686313686	700.0
61.767016000000005	580.0
61.786280000000005	490.0
61.803142857142859	810.0
61.81976529588767	730.0
61.837851999999998	400.0
61.855104000000004	710.0
61.873894000000007	740.0
61.890190000000004	500.0
61.906153000000003	520.0
61.924095000000001	450.0
61.940717282717287	550.0
61.961365999999998	500.0
61.978405999999993	450.0
61.993850000000002	330.0
62.012596000000002	650.0
62.030231999999998	530.0
62.048270000000002	640.0
62.065100100100096	620.0
62.0832047952048	650.0
62.10129129129129	500.0
62.117534999999997	520.0
62.134327999999996	610.0
62.152231999999998	580.0
62.173180000000009	510.0
62.188391000000003	560.0
62.206375999999999	450.0
62.223679320679324	520.0
62.241968	540.0
62.257400000000004	490.0
62.275422000000006	450.0
62.294834000000002	610.0
62.313369999999999	740.0
62.330391999999996	530.0
62.347064000000003	520.0
62.363824999999999	590.0
62.381205999999999	540.0
62.399294000000005	570.0
62.415675000000007	580.0
62.435251999999998	570.0
62.453523999999994	520.0
62.471525000000007	530.0
62.487372000000001	500.0
62.503239999999998	700.0
62.523371628371628	520.0
62.540452999999999	550.0
62.559265000000003	490.0
62.576030969030967	620.0
62.594585170340679	540.0
62.611587999999998	480.0
62.627679999999998	600.0
62.645356	560.0
62.663444000000005	670.0
62.679925000000004	450.0
62.697586000000001	750.0
62.716596000000003	640.0
62.735730000000004	610.0
62.753720000000001	470.0
62.769903999999997	610.0
62.787799999999997	640.0
62.804566433566436	530.0
62.821418000000001	490.0
62.840188000000005	610.0
62.857411411411412	520.0
62.873872000000006	560.0
62.892544999999998	460.0
62.911506000000003	490.0
62.928230000000006	670.0
62.943430000000006	450.0
62.961544000000004	720.0
62.980696000000002	670.0
62.994220000000006	700.0
63.009970000000003	700.0
63.026805999999993	630.0
63.04025	730.0
63.051820000000006	610.0
63.066267999999994	700.0
