10.991152000000001	25870.0
10.902376	26010.0
10.974432999999999	26430.0
10.932804000000001	26530.0
10.929732267732268	26590.0
10.9685005005005	27640.0
10.946104	26710.0
10.980844000000001	26360.0
10.927997	26170.0
10.983608	25460.0
10.948221999999999	25090.0
10.99959	25970.0
10.9834	25330.0
10.926615999999999	25900.0
11.043752	26900.0
10.933705999999999	25730.0
11.048668000000001	25110.0
10.984699000000001	25660.0
10.970984	24790.0
11.040775999999999	25030.0
10.995703296703297	25830.0
11.055704704704706	25300.0
10.992165999999999	24700.0
11.037944	26220.0
11.023856	26550.0
11.06512	26980.0
11.05748	25480.0
11.001374	25740.0
11.106210000000001	25810.0
11.007012	24990.0
11.141772000000001	24730.0
11.058488000000001	25080.0
11.031761000000001	25450.0
11.134482	25660.0
11.055742	24680.0
11.157256	25770.0
11.074568000000001	24460.0
11.10825974025974	25970.0
11.123142142142143	24480.0
11.142934	25930.0
11.16103896103896	25690.0
11.091915915915916	25560.0
11.187799999999999	24680.0
11.105416	24780.0
11.237209999999999	24360.0
11.161658000000001	24800.0
11.110602	24570.0
11.292454000000001	25360.0
11.149136	24340.0
11.190895999999999	25050.0
11.232476999999999	24260.0
11.182157999999999	23800.0
11.283806	24530.0
11.195	23890.0
11.261132132132133	24860.0
11.219592	24680.0
11.292941000000001	25770.0
11.271469999999999	24110.0
11.239141999999999	24630.0
11.334181000000001	23460.0
11.198912	24130.0
11.404384	24430.0
11.243177000000001	23390.0
11.27413	23370.0
11.358815999999999	22860.0
11.246951000000001	23740.0
11.41164	24480.0
11.285216	23750.0
11.34848	24880.0
11.33681	23960.0
11.365494505494505	24500.0
11.395951951951952	23860.0
11.333432	23980.0
11.433480000000001	23680.0
11.314368999999999	24310.0
11.49827	24410.0
11.379774000000001	24110.0
11.381724999999999	23420.0
11.516371999999999	24210.0
11.322724000000001	24580.0
11.570921999999999	23590.0
11.402858	24500.0
11.464038	23920.0
11.493988	24010.0
11.462128	23390.0
11.555152	22970.0
11.458591408591408	23860.0
11.561237237237236	24620.0
11.467022	23670.0
11.612134000000001	22790.0
11.543336	23820.0
11.523424	23090.0
11.672840000000001	23240.0
11.438880000000001	22930.0
11.76141	23870.0
11.555114999999999	23610.0
11.612688	23320.0
11.69768	23910.0
11.58365	24010.0
11.761518481518481	23430.0
11.630972972972971	22780.0
11.732543999999999	24550.0
11.673848	23210.0
11.754941058941059	23550.0
11.754119119119119	23920.0
11.705436000000001	22860.0
11.857480000000001	23960.0
11.642997999999999	23760.0
11.937263999999999	22180.0
11.744544000000001	23640.0
11.781566000000002	24410.0
11.93689	23780.0
11.724752000000001	23690.0
11.981185	22960.0
11.810220000000001	22500.0
11.903708	23240.0
11.897271999999999	22820.0
11.89916	23460.0
11.967143999999999	22970.0
11.877034965034966	21840.0
12.021662662662663	24190.0
11.847799999999999	22200.0
12.079203	22760.0
11.956429999999999	23430.0
11.945297999999999	22690.0
12.157657	23790.0
11.836851999999999	23180.0
12.189739999999999	22970.0
11.985222	22350.0
12.052756	22510.0
12.112736	22400.0
12.022707	22100.0
12.174616	23520.0
12.045952	22860.0
12.176656999999999	22590.0
12.057921999999998	22960.0
12.203552447552447	22950.0
12.154295295295295	23120.0
12.099060000000001	23320.0
12.309363999999999	23220.0
11.997204000000002	22790.0
12.388529999999999	23630.0
12.153076	22010.0
12.172637	22650.0
12.321576	22690.0
12.12852	22620.0
12.367629999999998	22960.0
12.204505999999999	23260.0
12.310405999999999	22860.0
12.263106999999998	22050.0
12.317667999999999	21970.0
12.355172000000001	23400.0
12.255145854145855	22310.0
12.447903999999999	21570.0
12.198012012012013	21860.0
12.507157999999999	22490.0
12.341704	22120.0
12.307256000000001	22900.0
12.538822	22640.0
12.247634000000001	21670.0
12.568474	23600.0
12.384930000000001	22080.0
12.453968	22490.0
12.481372	23110.0
12.442288	22630.0
12.562203999999998	22310.0
12.370099999999999	22300.0
12.561759	20590.0
12.502488	22370.0
12.54315984015984	21820.0
12.654334334334335	20900.0
12.383351648351649	21850.0
12.745148148148148	23100.0
12.486495	22540.0
12.645096000000001	21280.0
12.675392	22510.0
12.498542	21780.0
12.744911999999999	22440.0
12.597052	21630.0
12.738992	22620.0
12.638071999999999	22760.0
12.688367999999999	22210.0
12.705690999999998	21690.0
12.704188	22080.0
12.823258000000001	23010.0
12.592984015984015	22020.0
12.887037037037036	21180.0
12.669703999999998	21310.0
12.820220000000001	22450.0
12.891686000000002	22350.0
12.634004000000001	22410.0
12.972144999999999	22090.0
12.767559440559442	21740.0
12.924147147147147	21500.0
12.861402	22350.0
12.837304000000001	21720.0
12.937312	21730.0
12.881114	22330.0
13.015795999999998	22230.0
12.828975999999999	22040.0
13.052116	22740.0
12.924192	21950.0
13.022319680319681	23170.0
13.125030030030031	22500.0
12.819512	22860.0
13.233976000000002	21970.0
12.968776999999999	22640.0
13.146015999999999	22750.0
13.138541999999999	22330.0
13.028487999999999	23370.0
13.215772000000001	23160.0
13.103864	22510.0
13.24487112887113	22190.0
13.105492492492493	22550.0
13.238439999999999	22240.0
13.188720999999999	22890.0
13.228864	22240.0
13.345807999999998	21200.0
13.072219780219781	23110.0
13.452106106106108	21440.0
13.166079999999999	23400.0
13.351278999999998	22430.0
13.393364	23470.0
13.197672000000001	22890.0
13.462379	22970.0
13.286536	23530.0
13.447196000000002	23230.0
13.352278999999999	23730.0
13.395256	23570.0
13.430440000000001	24030.0
13.414019999999999	22560.0
13.542179999999998	23360.0
13.316985999999998	24060.0
13.603102	24120.0
13.389884	22150.0
13.538368631368632	24570.0
13.626767999999998	24070.0
13.340178	23610.0
13.687426000000002	25240.0
13.455546	22820.0
13.631576000000001	23250.0
13.584816	25200.0
13.544171	24450.0
13.65185	24170.0
13.579044	24320.0
13.718120000000001	25300.0
13.54236	24670.0
13.741743999999999	24570.0
13.611825	25280.0
13.698979020979021	24870.0
13.811437437437437	25260.0
13.498613386613386	23340.0
13.914760000000001	25440.0
13.623048000000001	25410.0
13.806355999999999	25930.0
13.80707	26220.0
13.682978	25950.0
13.875065000000001	26030.0
13.745732267732269	27050.0
13.892513513513512	27090.0
13.766292999999999	26310.0
13.876044	25050.0
13.834209999999999	27260.0
13.864593999999999	26290.0
13.979151999999999	26310.0
13.730639999999999	27630.0
14.070141999999999	28030.0
13.791724000000002	28230.0
13.97891891891892	26160.0
14.027665000000001	27700.0
13.817692000000001	28000.0
14.083660000000002	27910.0
13.899511	28410.0
14.06277	28790.0
13.984514000000001	28830.0
14.007957000000001	27700.0
14.052848000000001	28850.0
14.023952	28700.0
14.153147000000001	28790.0
13.948528000000001	29640.0
14.198265999999998	29550.0
14.020776	30040.0
14.135779999999999	29860.0
14.238632000000001	29320.0
13.946965965965967	29380.0
14.206854	30610.0
14.182310000000001	30730.0
14.120956999999999	30030.0
14.244592000000001	32730.0
14.124495999999999	31820.0
14.277561	32380.0
14.196178	30750.0
14.27731	33640.0
14.216073999999999	34570.0
14.268928000000001	32130.0
14.334196	32070.0
14.208331000000001	32380.0
14.428842	32210.0
14.186714	32000.0
14.402901098901097	32720.0
14.381126126126127	34370.0
14.276906093906094	34180.0
14.460126126126127	33990.0
14.288618	34370.0
14.460762000000001	34150.0
14.395206000000002	36400.0
14.428492000000002	34150.0
14.430456000000001	35080.0
14.427906999999999	34450.0
14.517654	36040.0
14.409924000000002	36480.0
14.575399000000001	36010.0
14.402544000000001	37150.0
14.563768000000001	35720.0
14.570738	36320.0
14.436786000000001	37090.0
14.669772227772226	38430.0
14.446814814814815	37210.0
14.643184	36430.0
14.592016000000001	38270.0
14.582462000000001	37150.0
14.642852	37300.0
14.584781999999999	37650.0
14.693316683316683	38370.0
14.605684684684684	39120.0
14.716180819180819	38850.0
14.612258258258258	39480.0
14.710822	38270.0
14.742925999999999	38440.0
14.628193000000001	38210.0
14.853195999999999	38880.0
14.602136000000002	39850.0
14.818615384615384	40000.0
14.784887887887889	38980.0
14.730144000000001	40290.0
14.845016000000001	39950.0
14.739736000000001	39930.0
14.872680000000001	40170.0
14.802083	41580.0
14.868080000000001	40890.0
14.825894000000002	40590.0
14.865483000000001	40250.0
14.924484	40170.0
14.823888	42490.0
15.001723999999999	42140.0
14.811876	41870.0
14.997102	42230.0
14.980071000000001	42850.0
14.890535999999999	41810.0
15.050802197802199	40900.0
14.90183883883884	43220.0
15.053772	42330.0
14.998250000000001	41660.0
15.019814999999999	43130.0
15.036412	42080.0
15.028980000000001	43990.0
15.110715000000001	43330.0
15.024524	43480.0
15.155596000000001	42940.0
15.021267	42440.0
15.152144	44960.0
15.166768000000001	43870.0
15.049116999999999	43350.0
15.260801999999998	44250.0
15.069939999999999	44700.0
15.233923076923078	44600.0
15.195603603603605	45240.0
15.177836000000001	45510.0
15.245620000000001	44340.0
15.190770000000001	45640.0
15.290457999999999	46080.0
15.218151000000001	44210.0
15.306304000000001	45180.0
15.242535999999999	45970.0
15.315620000000001	45700.0
15.348314	45010.0
15.253856000000001	46190.0
15.440341	45200.0
15.246148	44930.0
15.421935999999999	44480.0
15.394544	45310.0
15.347175824175824	46860.0
15.458349999999999	46220.0
15.366710710710709	46260.0
15.484416000000001	45190.0
15.426504	44100.0
15.477167	43470.0
15.454764000000001	44210.0
15.490218	45640.0
15.533021	44210.0
15.463012000000001	43150.0
15.602167999999999	42760.0
15.453199999999999	42870.0
15.613855999999998	43190.0
15.585127999999999	44100.0
15.531109000000001	42650.0
15.666056000000001	43250.0
15.539175999999999	43130.0
15.675523476523475	41550.0
15.626764764764763	42180.0
15.650644	40550.0
15.666297	41610.0
15.662227999999999	41420.0
15.760899999999999	40970.0
15.646449	39860.0
15.743728000000001	41990.0
15.727399999999999	39420.0
15.717885999999998	40460.0
15.830352000000001	41430.0
15.656536000000001	40070.0
15.856451	39810.0
15.770427999999999	39890.0
15.802256000000002	39260.0
15.856177000000001	39960.0
15.773612	40060.0
15.889569430569429	39810.0
15.833184184184184	38460.0
15.896357999999999	40150.0
15.85699	39700.0
15.900281	40030.0
15.917487999999999	39750.0
15.894095999999999	39790.0
15.99288	41060.0
15.863563999999998	41090.0
16.029756000000003	40530.0
15.951044999999999	39500.0
15.96998	39940.0
16.058700000000002	39450.0
15.939978999999999	40880.0
16.082494000000001	39340.0
16.016590000000001	40940.0
16.067918081918084	39210.0
16.060773773773775	39840.0
16.061176	41830.0
16.115248999999999	43250.0
16.08407792207792	40690.0
16.166482482482483	43470.0
16.069427000000001	40420.0
16.189024	42750.0
16.149036000000002	43110.0
16.147390000000001	40750.0
16.263648	42200.0
16.100936000000001	42920.0
16.273422	42220.0
16.204112000000002	42060.0
16.241416000000001	43790.0
16.270408	43590.0
16.230108000000001	43090.0
16.313018981018981	44030.0
16.271576576576575	44090.0
16.340064000000002	42480.0
16.282424000000002	43780.0
16.354810000000001	43910.0
16.350277999999999	43490.0
16.337607999999999	45460.0
16.440345999999998	44070.0
16.291160000000001	44310.0
16.471767999999997	45130.0
16.397106000000001	45840.0
16.425052000000001	44290.0
16.481597999999998	45900.0
16.401724000000002	47490.0
16.516780000000001	45100.0
16.464752000000001	45650.0
16.520146853146855	46870.0
16.493035035035035	45810.0
16.526167999999998	45510.0
16.552728999999999	46680.0
16.532831999999999	46850.0
16.620584000000001	45510.0
16.512438	46280.0
16.652967999999998	46090.0
16.591787999999998	46890.0
16.606957999999999	48050.0
16.692581418581419	46170.0
16.587307307307306	47860.0
16.718042000000001	48200.0
16.659358000000001	47630.0
16.707946	46780.0
16.715513000000001	48090.0
16.712655999999999	48560.0
16.760627372627372	49520.0
16.737964964964966	48340.0
16.804932000000001	49510.0
16.733812	51290.0
16.829340999999999	51090.0
16.799396000000002	48430.0
16.813648000000001	48660.0
16.887467000000001	49900.0
16.780132000000002	50140.0
16.912050000000001	50940.0
16.850407999999998	52300.0
16.892543999999997	50910.0
16.912624000000001	50230.0
16.888927072927075	50340.0
16.947550550550549	51640.0
16.924869999999999	51580.0
16.979810189810191	51650.0
16.949120120120121	50750.0
17.000879999999999	49910.0
16.984618999999999	51480.0
17.005703999999998	51400.0
17.061897999999999	52650.0
16.984461000000003	53250.0
17.108944000000001	52730.0
17.033024000000001	52480.0
17.089473999999999	52110.0
17.114894	52440.0
17.077995999999999	51520.0
17.147662	51500.0
17.114436000000001	51540.0
17.168388	52150.0
17.149076000000001	53840.0
17.183498	53460.0
17.188093906093904	53250.0
17.19901001001001	53150.0
17.245072	53590.0
17.193615999999999	54030.0
17.290754	52450.0
17.221220000000002	52300.0
17.295120000000001	54530.0
17.310446000000002	53500.0
17.261803999999998	52220.0
17.343844000000001	52460.0
17.326453000000001	52970.0
17.339995999999999	54200.0
17.370592000000002	53080.0
17.353064	52020.0
17.416736	53120.0
17.393903999999999	52740.0
17.451389610389612	52510.0
17.40269069069069	54650.0
17.468644000000001	51520.0
17.47513	51860.0
17.451268000000002	53070.0
17.545556000000001	54000.0
17.437412999999999	52390.0
17.559457999999999	54300.0
17.528372000000001	53980.0
17.532437000000002	52760.0
17.579344000000003	53040.0
17.545296	53560.0
17.609024999999999	52760.0
17.587994000000002	52950.0
17.630444000000001	52980.0
17.616689000000001	52620.0
17.650980000000001	53250.0
17.672402597402595	53080.0
17.655654654654654	54070.0
17.727938000000002	52020.0
17.656835999999998	53260.0
17.75459	52830.0
17.726744	53100.0
17.727736	52940.0
17.795054	51000.0
17.739088000000002	52260.0
17.811992	53760.0
17.792000000000002	53510.0
17.827020000000001	53390.0
17.830351999999998	53970.0
17.839907	52640.0
17.870929999999998	51880.0
17.856999999999999	52550.0
17.918174825174823	52510.0
17.872114114114112	52230.0
17.94388	51930.0
17.926835000000001	52480.0
17.927928000000001	51640.0
17.999136	53690.0
17.930880999999999	51960.0
18.021635999999997	52960.0
17.993832000000001	53310.0
18.024229000000002	51200.0
18.044678000000001	53650.0
18.036451999999997	50910.0
18.079840999999998	54050.0
18.068415999999999	51770.0
18.115120000000001	52950.0
18.089717	52410.0
18.137716000000001	53330.0
18.138844155844154	51580.0
18.139082082082084	53180.0
18.201512000000001	51990.0
18.130303999999999	51010.0
18.224643	53030.0
18.204951999999999	52990.0
18.229416000000001	52800.0
18.256823000000001	52130.0
18.23344910179641	52300.0
18.290633266533067	52930.0
18.273951	51090.0
18.314139999999998	52330.0
18.307682	50510.0
18.336383999999999	50080.0
18.352624000000002	50200.0
18.356096000000001	51140.0
18.410727272727271	49400.0
18.355858858858859	50470.0
18.442546	50260.0
18.418161999999999	51160.0
18.440104000000002	48740.0
18.484295999999997	50750.0
18.447108999999998	49710.0
18.511877999999999	51010.0
18.495194000000001	51030.0
18.529394999999997	49770.0
18.534976	50660.0
18.544816183816184	50470.0
18.572692692692691	49970.0
18.573271999999999	49310.0
18.615006000000001	51320.0
18.587705	49030.0
18.643987012987015	49140.0
18.632045000000002	48330.0
18.65585085085085	49420.0
18.69979	49890.0
18.653138000000002	49250.0
18.725275	49150.0
18.707180000000001	48750.0
18.730316000000002	48180.0
18.744745000000002	50240.0
18.744748000000001	48990.0
18.777350000000002	48730.0
18.777753999999998	48300.0
18.814864	48220.0
18.797888	47870.0
18.846147999999999	48780.0
18.842283999999999	48610.0
18.857688	47920.0
18.905588411588411	47860.0
18.863345345345344	48560.0
18.946812000000001	49910.0
18.918564	47140.0
18.957318000000001	48590.0
18.979378000000001	46720.0
18.96612	47140.0
19.010680000000001	47130.0
19.004639999999998	45990.0
19.043807000000001	46820.0
19.03932	47600.0
19.067056000000001	46940.0
19.075592	46540.0
19.066464	46470.0
19.131475999999999	44910.0
19.09646	46630.0
19.148852000000002	46720.0
19.164835164835164	46900.0
19.145576999999999	46430.0
19.209288000000001	45980.0
19.175968000000001	45720.0
19.235585	45850.0
19.235825999999999	45740.0
19.246234000000001	45690.0
19.278541000000001	46340.0
19.275354645354646	44370.0
19.320666666666668	48830.0
19.301859	46910.0
19.351108	46800.0
19.336986	46860.0
19.369731000000002	45100.0
19.396696000000002	44900.0
19.369983999999999	45970.0
19.446842157842156	46700.0
19.395720000000001	45580.0
19.454268000000003	45180.0
19.463384999999999	46480.0
19.455159999999999	44670.0
19.498884	45140.0
19.485603000000001	45350.0
19.528072000000002	45350.0
19.520807999999999	43370.0
19.555641000000001	44310.0
19.559240000000003	44890.0
19.580760000000001	44020.0
19.613420999999999	44400.0
19.590873999999999	44740.0
19.656766000000001	44380.0
19.612856000000001	42390.0
19.673227772227772	43330.0
19.689822822822823	43530.0
19.672869000000002	44580.0
19.725112000000003	43320.0
19.702501999999999	44760.0
19.745553999999998	43890.0
19.751240000000003	41930.0
19.767199999999999	42810.0
19.783087999999999	41760.0
19.789681999999999	42520.0
19.825212000000001	42570.0
19.809602999999999	42610.0
19.863304000000003	43440.0
19.841871999999999	41370.0
19.881647000000001	43500.0
19.918746000000002	45240.0
19.884207792207793	43140.0
19.96277177177177	41860.0
19.926144000000001	43090.0
19.971616000000001	43730.0
19.986420000000003	42550.0
19.995598000000001	45400.0
20.023136000000001	41790.0
20.020918999999999	44390.0
20.059172	43760.0
20.049332	41740.0
20.083448000000001	43680.0
20.084174000000001	43810.0
20.109583999999998	43700.0
20.137677999999998	43450.0
20.119112000000001	42120.0
20.177512	42720.0
20.144521000000001	42000.0
20.185056943056942	43160.0
20.207540540540538	45020.0
20.200113999999999	42000.0
20.243116000000001	43090.0
20.237172000000001	44800.0
20.273989	41920.0
20.278504000000002	43060.0
20.307680000000001	43310.0
20.320858000000001	43890.0
20.33688111888112	43710.0
20.366714714714714	42730.0
20.351226	42220.0
20.407202000000002	42030.0
20.391072000000001	42140.0
20.426582	43050.0
20.449856	43680.0
20.43583716283716	43370.0
20.483367367367368	41000.0
20.471437999999999	43240.0
20.507732000000001	42580.0
20.516726999999999	43120.0
20.52976	42700.0
20.547608	42460.0
20.553564999999999	43810.0
20.582684	43070.0
20.58071	44780.0
20.619441999999999	41420.0
20.614512000000001	43140.0
20.633652000000001	42000.0
20.65576123876124	42340.0
20.650085999999998	42890.0
20.691746000000002	43090.0
20.678773	41160.0
20.714644355644353	43550.0
20.728978978978979	41640.0
20.742906999999999	43730.0
20.768685999999999	41690.0
20.768502000000002	42420.0
20.800198000000002	41510.0
20.808712	41720.0
20.838163999999999	41880.0
20.837826	42140.0
20.860479999999999	41040.0
20.884042000000001	41000.0
20.883444000000001	42870.0
20.934408000000001	40380.0
20.915592	41000.0
20.952948000000003	42150.0
20.96470929070929	41640.0
20.976380000000002	41880.0
21.000975975975976	41490.0
20.999295999999998	43220.0
21.029879999999999	40670.0
21.039738	42280.0
21.059232000000002	41440.0
21.078382000000001	41870.0
21.091820999999999	41580.0
21.123360000000002	42470.0
21.115704000000001	42360.0
21.154627999999999	41450.0
21.151273999999997	40520.0
21.172217999999997	41260.0
21.199535999999998	41910.0
21.188784000000002	41290.0
21.233972000000001	41500.0
21.228250749250748	41260.0
21.254587000000001	40950.0
21.267783783783784	43010.0
21.274404999999998	41510.0
21.295807999999997	41180.0
21.302864	40600.0
21.336162999999999	40770.0
21.336435999999999	42760.0
21.368929999999999	39350.0
21.374531999999999	41590.0
21.390743999999998	39370.0
21.429724	41000.0
21.416357000000001	39920.0
21.477790000000002	39990.0
21.475543999999999	40920.0
21.502238999999999	40690.0
21.524519999999999	41480.0
21.527193806193807	40960.0
21.556699699699699	40880.0
21.559539460539462	39940.0
21.590991991991995	40800.0
21.597471000000002	40780.0
21.621048000000002	41900.0
21.63862	38850.0
21.651040999999999	39320.0
21.684069999999998	39180.0
21.675411999999998	41380.0
21.720379000000001	40900.0
21.718048	39460.0
21.736736000000001	39230.0
21.764333999999998	39090.0
21.761099999999999	41300.0
21.80077	40120.0
21.803173826173825	41090.0
21.828512512512511	39400.0
21.843204	39640.0
21.858456999999998	41400.0
21.877189999999999	39780.0
21.888145999999999	40890.0
21.913914000000002	40750.0
21.915984000000002	40730.0
21.944192000000001	39190.0
21.950120999999999	39140.0
21.966013999999998	40250.0
21.995951999999999	38220.0
21.99117082917083	39380.0
22.033344344344343	39250.0
22.032920000000001	39320.0
22.057029	38920.0
22.076135999999998	39400.0
22.08728071928072	39440.0
22.117103103103101	39070.0
22.126752	41090.0
22.151399999999999	37610.0
22.154971	40120.0
22.179079999999999	40070.0
22.190234	39880.0
22.212382999999999	39230.0
22.233948000000002	39120.0
22.230264000000002	39540.0
22.269980999999998	40270.0
22.270803999999998	39790.0
22.294650000000001	38940.0
22.314328	39180.0
22.318335999999999	40360.0
22.346671999999998	39130.0
22.355174825174824	40910.0
22.377536536536535	40540.0
22.390474000000001	39800.0
22.410025999999998	41510.0
22.425303999999997	39610.0
22.44032	40410.0
22.463917000000002	39680.0
22.469000000000001	41390.0
22.499804000000001	41750.0
22.504937999999999	41290.0
22.528703999999998	40380.0
22.549904000000002	40450.0
22.554565	40090.0
22.584443999999998	41860.0
22.592292	41920.0
22.615677999999999	40990.0
22.629999999999999	40810.0
22.643790209790208	41600.0
22.661154154154154	43100.0
22.676244000000001	40300.0
22.697654	42440.0
22.705458	43210.0
22.729759999999999	42840.0
22.736000000000001	42430.0
22.758056	42630.0
22.780621999999997	43280.0
22.78133266733267	42030.0
22.809432432432434	43430.0
22.817471999999999	42920.0
22.844192	42330.0
22.861298999999999	44140.0
22.873583999999997	43710.0
22.893999999999998	44870.0
22.9067012987013	45920.0
22.931582582582582	46930.0
22.942847999999998	45170.0
22.964369999999999	43850.0
22.976968000000003	45950.0
22.992508000000001	46510.0
23.022069999999999	46170.0
23.023204	48730.0
23.055868	47490.0
23.064530999999999	48260.0
23.077636000000002	48330.0
23.109325999999999	48460.0
23.110963999999999	47490.0
23.141120000000001	49230.0
23.152507492507493	48590.0
23.174906906906905	49500.0
23.190987999999997	50640.0
23.208355644355645	50030.0
23.226514514514516	50990.0
23.236304000000001	51180.0
23.264191999999998	51270.0
23.264628999999999	52620.0
23.295634	55140.0
23.307568	54500.0
23.317305999999999	53170.0
23.350711999999998	52910.0
23.351352000000002	55190.0
23.381189000000003	55420.0
23.391572	55810.0
23.407084000000001	55940.0
23.428055000000001	55300.0
23.438559999999999	57840.0
23.461191999999997	59070.0
23.471627372627374	56890.0
23.493607607607608	57210.0
23.503294	59830.0
23.526838999999999	59320.0
23.543983999999998	60290.0
23.553167999999999	58940.0
23.58277	60260.0
23.581637999999998	62150.0
23.610945999999998	61600.0
23.622042999999998	62810.0
23.634784	64170.0
23.658895999999999	61070.0
23.665830999999997	64750.0
23.689019999999999	66350.0
23.698727999999999	65430.0
23.719398999999999	67710.0
23.732224000000002	67070.0
23.74934965034965	66310.0
23.767624624624624	66790.0
23.775691999999999	70230.0
23.802379999999999	70760.0
23.801545999999998	71210.0
23.829187999999998	71610.0
23.846468000000002	70700.0
23.861871000000001	72840.0
23.887838000000002	73020.0
23.893554000000002	74540.0
23.918890000000001	75450.0
23.929167999999997	75740.0
23.947896	77150.0
23.965520999999999	77710.0
23.981259999999999	79750.0
24.001666	81210.0
24.015356643356643	81010.0
24.036098098098098	82020.0
24.039612000000002	83860.0
24.066488000000003	83950.0
24.086674000000002	84970.0
24.095887999999999	86490.0
24.118950999999999	85090.0
24.121023999999998	85800.0
24.147288	87240.0
24.160151000000003	87320.0
24.175758000000002	89770.0
24.197464	90800.0
24.212012000000001	92830.0
24.233903999999999	96370.0
24.245559999999998	94180.0
24.264856000000002	97030.0
24.274000000000001	98130.0
24.294121878121878	100310.0
24.311514514514514	100070.0
24.328824000000001	101250.0
24.356272000000001	106140.0
24.359998000000001	106150.0
24.382806000000002	106730.0
24.396134	112360.0
24.409103000000002	111890.0
24.432259999999999	114550.0
24.444216000000001	114040.0
24.466548	118140.0
24.480187999999998	119880.0
24.498615384615384	119610.0
24.511842842842842	122520.0
24.528535999999999	125660.0
24.543959999999998	128070.0
24.556098901098903	126750.0
24.579545545545546	132960.0
24.587544000000001	133970.0
24.610775999999998	134530.0
24.61917982017982	139110.0
24.635576576576575	136720.0
24.656251000000001	143080.0
24.667838	143110.0
24.686191999999998	149960.0
24.699605999999999	152080.0
24.715664	153110.0
24.731016	155510.0
24.74738	157460.0
24.761656000000002	162910.0
24.777273999999998	164580.0
24.793925999999999	166320.0
24.807264	167620.0
24.826703296703297	174730.0
24.840786786786786	178460.0
24.858354000000002	177590.0
24.876208000000002	183680.0
24.886225	187260.0
24.910215999999998	195490.0
24.921104	196480.0
24.941022	199450.0
24.957077999999999	200560.0
24.973962	206670.0
24.996096999999999	210270.0
25.00672027972028	215650.0
25.025485485485486	218880.0
25.039294999999999	227710.0
25.055440000000001	229920.0
25.070432	237320.0
25.082329670329671	236320.0
25.1067977977978	240500.0
25.114856	246140.0
25.137663	252230.0
25.155121999999999	257360.0
25.169149999999998	262500.0
25.191145000000002	267610.0
25.200839999999999	269190.0
25.220690309690312	281420.0
25.235184184184185	280180.0
25.251121999999999	288300.0
25.266914	289420.0
25.283180000000002	295420.0
25.302423999999998	300560.0
25.316832000000002	306700.0
25.336779	313130.0
25.348758	316830.0
25.368501498501498	326440.0
25.382856856856854	332520.0
25.399092	335360.0
25.420159999999999	341260.0
25.432758999999997	348930.0
25.45363	354590.0
25.470202	362890.0
25.489749	369360.0
25.506888	374140.0
25.522911999999998	379630.0
25.540707999999999	388020.0
25.554086000000002	391270.0
25.574092	395880.0
25.589238999999999	408570.0
25.607427999999999	414940.0
25.624140000000001	422510.0
25.642885114885114	425060.0
25.662019999999998	435710.0
25.673386000000001	447330.0
25.695064000000002	450860.0
25.711687999999999	459760.0
25.728120000000001	457060.0
25.744913999999998	465760.0
25.756639999999997	475230.0
25.776582000000001	481310.0
25.793126000000001	490670.0
25.809152000000001	497730.0
25.824904	502310.0
25.843281000000001	509960.0
25.857382000000001	516220.0
25.875693999999999	517990.0
25.895001999999998	522730.0
25.905567999999999	526310.0
25.927105105105106	533920.0
25.935501000000002	544400.0
25.955697999999998	550180.0
25.973648000000001	551270.0
25.985649000000002	556000.0
26.005648000000001	557040.0
26.02094	562410.0
26.038262	567920.0
26.052175999999999	564320.0
26.070063999999999	570130.0
26.087788	573520.0
26.103391999999999	583410.0
26.122744000000001	574100.0
26.132873	576560.0
26.156549999999999	580600.0
26.167685314685315	578680.0
26.187392392392393	580620.0
26.202196000000001	581090.0
26.217587999999999	573150.0
26.238533	570920.0
26.250204	563580.0
26.270844	562020.0
26.284499	557680.0
26.302327999999999	557580.0
26.321968000000002	545190.0
26.336385999999997	538560.0
26.354578	540430.0
26.368986	534090.0
26.388569	525840.0
26.403224000000002	517090.0
26.422404	522010.0
26.442601	508090.0
26.456839160839159	506830.0
26.477156156156155	500900.0
26.489535	501580.0
26.506176	495960.0
26.522960000000001	498670.0
26.537898000000002	505770.0
26.554953999999999	509410.0
26.568720000000003	503930.0
26.586686	503590.0
26.599731999999999	508370.0
26.618872	513010.0
26.631912	513500.0
26.645227999999999	511590.0
26.664454000000003	522070.0
26.675360999999999	516220.0
26.697824000000001	514350.0
26.706839160839159	520000.0
26.723362362362362	521490.0
26.743548000000001	524050.0
26.759181999999999	512980.0
26.775707999999998	514690.0
26.790323999999998	511660.0
26.809719999999999	507170.0
26.825990000000001	496790.0
26.843926	490960.0
26.860885999999997	489820.0
26.87738961038961	476610.0
26.89577977977978	473290.0
26.908975999999999	462180.0
26.929458999999998	460010.0
26.948014000000001	450220.0
26.961126	451780.0
26.983104000000001	444120.0
26.999846153846153	434660.0
27.015513513513515	432340.0
27.033367000000002	428590.0
27.048473999999999	427330.0
27.066562000000001	426730.0
27.084633	417260.0
27.102191999999999	409790.0
27.118047904191616	395730.0
27.136765531062125	383470.0
27.151721999999999	369590.0
27.168787999999999	353030.0
27.188751	331930.0
27.203595999999997	306530.0
27.224120000000003	281790.0
27.242266000000001	259440.0
27.257311999999999	237450.0
27.274625374625373	226230.0
27.293955955955955	212320.0
27.311448000000002	208270.0
27.324720000000003	200300.0
27.343985	195700.0
27.359929999999999	190980.0
27.377994000000001	184660.0
27.394656999999999	181960.0
27.410432	179410.0
27.427455999999999	175330.0
27.446801000000001	170530.0
27.463630000000002	169200.0
27.477778000000001	166980.0
27.496441999999998	167120.0
27.512544000000002	161870.0
27.530824000000003	162990.0
27.549431000000002	155460.0
27.561657342657345	153190.0
27.582279279279284	154320.0
27.597537000000003	153910.0
27.613416000000001	150870.0
27.629235999999999	151740.0
27.645779999999998	148600.0
27.662224000000002	144990.0
27.678321999999998	145810.0
27.696393	143300.0
27.708919999999999	142860.0
27.728120000000001	143750.0
27.742947000000001	142690.0
27.760694000000004	139800.0
27.780506000000003	144030.0
27.793179999999996	140830.0
27.813236	142270.0
27.827297405189618	138140.0
27.843356713426854	139280.0
27.861430000000002	139390.0
27.877390000000002	135210.0
27.893824000000002	137550.0
27.910831999999999	134270.0
27.928472000000003	137110.0
27.942468999999999	135510.0
27.962324000000002	134920.0
27.980089999999997	133490.0
27.994297000000003	134180.0
28.012776000000002	135520.0
28.024956	133510.0
28.043944	135370.0
28.061073999999998	136480.0
28.079533999999999	132610.0
28.098236999999997	133480.0
28.113298701298699	133500.0
28.13063063063063	135100.0
28.146585000000002	131890.0
28.163533999999999	133390.0
28.179358000000001	132140.0
28.196951000000002	134050.0
28.212304	130460.0
28.230364000000002	135280.0
28.249742000000001	133550.0
28.26623	132360.0
28.285974	135330.0
28.301144000000001	132890.0
28.318152000000001	134480.0
28.334903999999998	134380.0
28.350582000000003	135380.0
28.369716000000004	134010.0
28.388210789210792	134900.0
28.405602602602603	137640.0
28.421875999999997	135430.0
28.436740000000004	136000.0
28.452685000000002	139230.0
28.469272000000004	137350.0
28.486295999999999	135790.0
28.502535000000002	135970.0
28.521808	136300.0
28.538439999999998	141080.0
28.554385	139850.0
28.572352000000002	139400.0
28.589376000000001	138520.0
28.606383999999998	141500.0
28.623391999999999	139040.0
28.640692000000001	139020.0
28.657067999999999	145000.0
28.673031968031967	142620.0
28.691516516516518	143330.0
28.707464000000002	139640.0
28.724472000000002	142110.0
28.740183999999999	140630.0
28.755784999999999	142580.0
28.772512000000003	143050.0
28.788689999999999	141330.0
28.803726000000001	145660.0
28.818608000000001	144460.0
28.839468	143670.0
28.853484999999996	143300.0
28.869753999999997	143010.0
28.886938000000001	143150.0
28.901623999999998	144670.0
28.918631999999999	145710.0
28.936064935064934	144050.0
28.95461261261261	146220.0
28.971588000000001	148110.0
28.988301999999997	143720.0
29.005704000000001	148010.0
29.019784000000001	147240.0
29.038124000000003	147700.0
29.057462000000001	147850.0
29.071064000000003	148620.0
29.090734000000001	149100.0
29.105930999999998	149820.0
29.125680000000003	148400.0
29.141112000000003	150400.0
29.155775224775226	149810.0
29.17521821821822	148380.0
29.191588000000003	146440.0
29.209435000000003	153130.0
29.226355644355646	153100.0
29.245000000000001	147700.0
29.261666000000002	153550.0
29.278594000000002	153760.0
29.295189999999998	151520.0
29.311943999999997	156100.0
29.330696	155250.0
29.344231999999998	153800.0
29.366977999999996	155240.0
29.381868000000001	155040.0
29.397268000000004	154510.0
29.415645999999999	151930.0
29.431536000000001	154350.0
29.449740000000002	156400.0
29.466063999999999	157650.0
29.483514	157210.0
29.499065934065936	159720.0
29.516939939939942	158240.0
29.534216000000001	158210.0
29.550136000000002	158720.0
29.566385	155760.0
29.582330000000002	157850.0
29.601834	159470.0
29.621082000000001	158240.0
29.636204000000003	158880.0
29.654215999999998	161310.0
29.670945999999997	163490.0
29.686029999999999	160520.0
29.701990000000002	162730.0
29.717935000000001	163990.0
29.735048951048952	165780.0
29.753287287287289	161950.0
29.769785000000002	161410.0
29.783977022977023	161520.0
29.803849849849851	165890.0
29.821217000000001	162200.0
29.841211999999999	163040.0
29.855195999999999	163990.0
29.869586000000002	163900.0
29.888316000000003	165690.0
29.904390000000003	165710.0
29.920601999999995	166260.0
29.939735999999996	163010.0
29.958455999999998	167290.0
29.975742999999998	166410.0
29.993472000000001	167380.0
30.010496	170680.0
30.028442000000002	168910.0
30.044916000000001	168430.0
30.061717282717286	168230.0
30.07822122122122	170090.0
30.095274	169280.0
30.113361999999999	170890.0
30.132281999999996	170860.0
30.150504000000002	172610.0
30.167615999999999	171300.0
30.182741000000004	172710.0
30.202529999999999	170730.0
30.218323999999999	172800.0
30.234579999999998	174400.0
30.253504	168830.0
30.267340000000001	174490.0
30.283285000000003	173000.0
30.298748	172670.0
30.315827999999996	173860.0
30.331300699300698	173420.0
30.345403403403402	175050.0
30.361040000000003	175900.0
30.378582999999999	173670.0
30.395792000000004	175990.0
30.411876123876119	175960.0
30.427834834834833	172110.0
30.444780000000002	174270.0
30.460508000000004	174910.0
30.474506000000002	177760.0
30.489387999999998	175720.0
30.506426000000001	177460.0
30.525797000000001	178200.0
30.540479999999999	178390.0
30.555944	180950.0
30.571385000000003	180280.0
30.588574000000001	180400.0
30.604594405594405	179190.0
30.621728728728726	178900.0
30.637367999999999	178780.0
30.654015999999999	179720.0
30.671963000000002	180510.0
30.688032000000003	178730.0
30.704990000000002	182080.0
30.720677000000002	181950.0
30.735071999999999	180170.0
30.752095999999998	181110.0
30.768785000000005	180980.0
30.784348000000001	181420.0
30.800135999999998	185790.0
30.816634999999998	184610.0
30.833152000000002	183690.0
30.850812000000001	187780.0
30.866776223776224	181440.0
30.881664664664665	183980.0
30.899042000000001	184280.0
30.914445999999998	184670.0
30.930279999999996	184810.0
30.950192000000001	184770.0
30.963264000000002	188400.0
30.980130000000003	188570.0
30.996296000000001	190020.0
31.013035000000002	187940.0
31.028980000000001	189690.0
31.04494	190740.0
31.061803000000001	190950.0
31.078308	187570.0
31.096133999999999	191310.0
31.112436999999996	188190.0
31.129103999999998	193600.0
31.144077922077923	192550.0
31.16126026026026	189950.0
31.176627999999997	193570.0
31.193456000000001	190840.0
31.211434999999998	193080.0
31.227747999999998	194480.0
31.247807999999999	194970.0
31.266065999999999	194150.0
31.281230000000001	194710.0
31.297536000000001	193920.0
31.315770999999998	194690.0
31.33408	195480.0
31.350575999999997	193890.0
31.368781999999996	194040.0
31.385929999999998	194260.0
31.403342000000002	198620.0
31.420611388611388	199940.0
31.440185185185182	198320.0
31.455824	198020.0
31.474586826347306	197130.0
31.490672000000004	196190.0
31.507695999999999	201890.0
31.524535	198820.0
31.540944	198730.0
31.559032000000002	201560.0
31.576744000000001	197270.0
31.593330000000002	200550.0
31.610747999999997	201850.0
31.629872127872126	201230.0
31.647174174174172	201930.0
31.664491999999999	203080.0
31.681823999999999	203890.0
31.699620379620381	204470.0
31.715975000000004	203290.0
31.732862862862866	202320.0
31.753839999999997	206220.0
31.768008000000002	203770.0
31.786427999999997	202930.0
31.800639999999998	203410.0
31.820444000000002	207590.0
31.836871000000002	203820.0
31.855952000000002	206610.0
31.872540000000001	204820.0
31.889483000000002	203310.0
31.907554000000001	204810.0
31.924389999999999	205730.0
31.941713	203260.0
31.956776000000001	206510.0
31.976319999999998	207120.0
31.994049950049952	209180.0
32.011071071071072	208230.0
32.030084000000002	205250.0
32.045103999999995	208770.0
32.062244	210930.0
32.080135999999996	209000.0
32.098438999999999	210570.0
32.117863999999997	206340.0
32.133719999999997	212860.0
32.152735	211500.0
32.170216000000003	210290.0
32.187063999999999	210820.0
32.202584999999999	208560.0
32.219231999999998	213010.0
32.236255999999997	213810.0
32.253264000000001	210820.0
32.270271999999999	209910.0
32.285370629370632	210980.0
32.302360999999998	211530.0
32.322147999999999	208450.0
32.337336000000001	211850.0
32.353926000000001	212240.0
32.369896000000004	210120.0
32.387368000000002	211920.0
32.403979999999997	215350.0
32.423853999999999	213460.0
32.440364000000002	213200.0
32.455835	211790.0
32.473084	212820.0
32.490455999999995	210230.0
32.505906000000003	215110.0
32.521630000000002	212820.0
32.536683999999994	216060.0
32.557360639360638	213650.0
32.570543999999998	210830.0
32.588536000000005	214510.0
32.605544000000002	212910.0
32.622774	215700.0
32.640004000000005	212470.0
32.655583999999998	215840.0
32.673003999999999	209770.0
32.688712000000002	212850.0
32.704163000000001	214960.0
32.719826000000005	215840.0
32.738320000000002	213480.0
32.755935000000001	213230.0
32.772672	217870.0
32.78884	212340.0
32.807541999999998	215470.0
32.822747999999997	210000.0
32.83981081081081	216720.0
32.858525999999998	213860.0
32.874096000000002	214720.0
32.892304000000003	214650.0
32.908381999999996	217150.0
32.925705999999998	217090.0
32.940815999999998	213420.0
32.959291	217970.0
32.977831999999999	214990.0
32.993007999999996	215420.0
33.010901000000004	219520.0
33.028129999999997	214080.0
33.044896000000001	214760.0
33.062773	218400.0
33.079912	218300.0
33.097932	221700.0
33.116870870870869	216810.0
33.133195999999998	217360.0
33.151232	220040.0
33.165482000000004	218960.0
33.183992000000003	216940.0
33.199888000000001	219470.0
33.216341	217470.0
33.234027999999995	216720.0
33.250056000000001	218430.0
33.266435000000001	215940.0
33.282379999999996	217440.0
33.299095999999999	216340.0
33.316923000000003	219180.0
33.335875999999999	219000.0
33.350298000000002	216610.0
33.363171000000001	218460.0
33.383078921078919	214780.0
33.399972972972968	220930.0
33.421188999999998	215130.0
33.433405999999998	217630.0
33.448216000000002	217250.0
33.46678	219600.0
33.484876	219790.0
33.501287999999995	216780.0
33.518106000000003	215040.0
33.534272000000001	218200.0
33.550579420579417	213030.0
33.568069069069068	215230.0
33.583647999999997	215600.0
33.600335999999999	217980.0
33.618302999999997	213450.0
33.634374000000001	215980.0
33.652546453546456	218620.0
33.670777777777772	215870.0
33.685027999999996	214350.0
33.704140000000002	216340.0
33.720085000000005	217440.0
33.736833999999995	214370.0
33.753523999999999	215480.0
33.770522	215670.0
33.787288000000004	214010.0
33.804808000000001	213160.0
33.821784999999998	215240.0
33.839294000000002	212640.0
33.857382000000001	209500.0
33.872726	214690.0
33.889552000000002	214020.0
33.907575999999999	212330.0
33.924385999999998	212490.0
33.93975124875125	212850.0
33.95737837837838	212050.0
33.974201999999998	217080.0
33.991928000000001	212500.0
34.008488	210090.0
34.025706	211430.0
34.042756000000004	208510.0
34.060696	210380.0
34.078372999999999	209270.0
34.095711999999999	209350.0
34.111940000000004	209670.0
34.128743999999998	208900.0
34.144829999999999	209970.0
34.160789999999999	208990.0
34.177833	209550.0
34.196128000000002	206520.0
34.215285714285713	205080.0
34.229811811811814	207150.0
34.247436	206430.0
34.266953999999998	204690.0
34.285435	205470.0
34.301872000000003	204400.0
34.320008000000001	206160.0
34.339761000000003	201910.0
34.356547999999997	206750.0
34.375174000000001	205370.0
34.390517000000003	204600.0
34.408695999999999	204510.0
34.426911999999994	204120.0
34.444983000000001	205830.0
34.462868	202540.0
34.478015999999997	204880.0
34.494645999999996	198170.0
34.510023952095807	200890.0
34.527663326653304	198770.0
34.545306000000004	202880.0
34.561956000000002	199420.0
34.579590000000003	196810.0
34.594965999999999	197130.0
34.611111999999999	197270.0
34.626744000000002	196600.0
34.644662000000004	196160.0
34.662973999999998	192350.0
34.679289999999995	194400.0
34.696184000000002	196590.0
34.716144	194340.0
34.729216000000001	191780.0
34.746223999999998	196110.0
34.763433999999997	192560.0
34.781517482517479	190750.0
34.798924924924926	192640.0
34.815272	189740.0
34.833208000000006	190640.0
34.851823000000003	192050.0
34.868729999999999	189380.0
34.884044000000003	188220.0
34.899635000000004	192340.0
34.917895999999999	186950.0
34.936211999999998	185790.0
34.952485000000003	188120.0
34.968429999999998	187270.0
34.985363999999997	184020.0
35.000335	181940.0
35.016432000000002	183630.0
35.034536000000003	185600.0
35.055185000000002	184180.0
35.07112487512488	182440.0
35.088297297297295	181490.0
35.106034999999999	181230.0
35.121980000000001	181760.0
35.139131999999996	183020.0
35.156543999999997	181190.0
35.173552000000001	179030.0
35.190576	181050.0
35.206735000000002	181710.0
35.223592000000004	180670.0
35.239640000000001	177860.0
35.256701999999997	174880.0
35.275326	177850.0
35.289822000000001	176800.0
35.307893	175520.0
35.325671999999997	175060.0
35.342334665334668	173500.0
35.35953153153153	174680.0
35.377712000000002	172920.0
35.394190000000002	168710.0
35.411352999999998	169280.0
35.427408	174710.0
35.444511999999996	168980.0
35.460985000000001	171640.0
35.478639360639363	173100.0
35.496740740740741	170190.0
35.512834999999995	169580.0
35.530728000000003	169440.0
35.545971999999999	168140.0
35.563685	170320.0
35.579872000000002	168010.0
35.597202000000003	164630.0
35.615642000000001	165570.0
35.63347352647353	163880.0
35.649432432432434	166370.0
35.667061999999994	165720.0
35.684952000000003	164810.0
35.699232000000002	163550.0
35.716481999999999	161950.0
35.736428000000004	162520.0
35.753140000000002	162680.0
35.768146000000002	158250.0
35.785035999999998	159630.0
35.804055999999996	162520.0
35.820935000000006	161110.0
35.837456000000003	160390.0
35.856351999999994	160550.0
35.873784999999998	155320.0
35.88973	157620.0
35.906128871128871	156000.0
35.923644644644646	158190.0
35.942296000000006	158600.0
35.958903999999997	154330.0
35.974485000000001	154980.0
35.991954	155190.0
36.010041999999999	154330.0
36.025446000000002	151010.0
36.043183999999997	152460.0
36.061191999999998	152090.0
36.074421999999998	152730.0
36.093130000000002	148690.0
36.109501999999999	150210.0
36.127572999999998	149390.0
36.144980000000004	149670.0
36.161732000000001	146780.0
36.178426000000002	146220.0
36.195386613386617	146160.0
36.213369369369367	147720.0
36.229086000000002	146120.0
36.245392000000002	144860.0
36.263967999999998	146300.0
36.279745999999996	147910.0
36.296432000000003	145630.0
36.312490000000004	144360.0
36.332492999999999	145290.0
36.350195999999997	144320.0
36.365276000000001	142790.0
36.385190000000001	145930.0
36.398076000000003	138790.0
36.416536000000001	142790.0
36.433946053946052	140820.0
36.452486486486492	136830.0
36.468425574425574	139410.0
36.483577577577577	139980.0
36.500591999999997	136800.0
36.518342000000004	138240.0
36.536413000000003	137080.0
36.554484000000002	135820.0
36.569823999999997	135310.0
36.587626373626378	136840.0
36.603714000000004	138090.0
36.621696	134840.0
36.639042000000003	136920.0
36.657016000000006	134220.0
36.671736000000003	132920.0
36.689103000000003	132030.0
36.707596000000002	132090.0
36.725776000000003	131940.0
36.741686000000001	132120.0
36.757782217782221	129690.0
36.775486486486486	131020.0
36.791346000000004	128960.0
36.807030000000005	132040.0
36.82732	127930.0
36.843006000000003	127630.0
36.860863999999999	130980.0
36.879007999999999	128400.0
36.897784999999999	126790.0
36.914093999999999	126180.0
36.931936	127370.0
36.948944000000004	129470.0
36.966695999999999	127560.0
36.984540000000003	125410.0
37.000485000000005	125050.0
37.018116000000006	126160.0
37.035380619380618	122170.0
37.05133033033033	124150.0
37.068784000000001	121470.0
37.085239999999999	119820.0
37.102063999999999	124580.0
37.119071999999996	121070.0
37.136108	121080.0
37.155173000000005	120680.0
37.173507999999998	122830.0
37.192352	121240.0
37.207180000000001	122370.0
37.225864000000001	121960.0
37.241720000000001	119490.0
37.261632999999996	118190.0
37.280216000000003	117350.0
37.296488000000004	117730.0
37.310946000000001	118550.0
37.326519480519487	116660.0
37.343252252252256	116450.0
37.361922	114360.0
37.37838	115110.0
37.395296000000002	114730.0
37.410322999999998	115760.0
37.428148	113860.0
37.443336000000002	112350.0
37.460762000000003	113450.0
37.479351999999999	113010.0
37.496375999999998	113470.0
37.512186999999997	114410.0
37.527853999999998	110590.0
37.546467999999997	109500.0
37.563245999999999	110630.0
37.580083999999999	108400.0
37.597444555444554	107270.0
37.613681681681676	106740.0
37.631314000000003	108270.0
37.648496000000002	106680.0
37.665503999999999	108190.0
37.681480000000001	107120.0
37.697535999999999	107680.0
37.714067	105340.0
37.729218000000003	107060.0
37.748289999999997	103740.0
37.765281999999999	103610.0
37.782356	104840.0
37.798567999999996	101200.0
37.817701999999997	105870.0
37.835030000000003	103220.0
37.850990000000003	103460.0
37.869122000000004	102100.0
37.883494505494511	103950.0
37.902261261261266	101270.0
37.918785	99260.0
37.934730000000002	100900.0
37.949736000000001	100480.0
37.966744000000006	100160.0
37.983408000000004	96590.0
37.999012	101550.0
38.015886999999999	99560.0
38.031154000000001	94890.0
38.049668000000004	97380.0
38.066357000000004	96930.0
38.082384000000005	97960.0
38.099856000000003	97330.0
38.116864	94830.0
38.134613999999999	95080.0
38.151077922077924	94270.0
38.167033033033029	95070.0
38.182980000000001	93510.0
38.199936000000001	92490.0
38.215826	91860.0
38.231684000000001	94290.0
38.253603999999996	93050.0
38.268735	92080.0
38.285616000000005	91060.0
38.303263999999999	91780.0
38.319462999999999	90200.0
38.336530000000003	88410.0
38.353612387612387	91020.0
38.370429429429429	89230.0
38.387072000000003	90630.0
38.40334	86170.0
38.420090909090909	87040.0
38.438873873873874	87060.0
38.457082	86490.0
38.473162000000002	86360.0
38.492080000000001	86670.0
38.507904000000003	85720.0
38.523383000000003	84730.0
38.540929999999996	84170.0
38.557541999999998	85990.0
38.574835	85070.0
38.591684000000001	84110.0
38.608739999999997	83250.0
38.624106000000005	84200.0
38.641556000000001	83820.0
38.656472000000001	82520.0
38.675379999999997	82090.0
38.694975999999997	81240.0
38.709636363636363	82330.0
38.72922022022022	80050.0
38.746264000000004	80120.0
38.759548000000002	80510.0
38.778086000000002	80080.0
38.794027999999997	79630.0
38.812587999999998	79690.0
38.826746	78650.0
38.843637999999999	78820.0
38.861523999999996	79140.0
38.877463999999996	78090.0
38.894472	77820.0
38.910184000000001	78410.0
38.925784999999998	77100.0
38.943294000000002	75860.0
38.961382	77000.0
38.978529470529466	76190.0
38.996523523523521	74580.0
39.013611999999995	74900.0
39.031089000000001	75890.0
39.043915999999996	74960.0
39.062163999999996	74980.0
39.077913000000002	74990.0
39.095280000000002	74370.0
39.112904	72380.0
39.130706000000004	72050.0
39.14884	73370.0
39.165877999999999	73890.0
39.181703999999996	74050.0
39.197248000000002	71550.0
39.216124000000001	70810.0
39.231166999999999	71020.0
39.250518	72580.0
39.264805194805199	72700.0
39.282783999999999	69950.0
39.299680000000002	70050.0
39.315992000000001	69250.0
39.333584999999999	67320.0
39.350436000000002	69940.0
39.368850149850147	69050.0
39.384997997997999	68430.0
39.404316000000001	68470.0
39.421559999999999	67690.0
39.438380000000002	67600.0
39.455548	68140.0
39.472681999999999	66700.0
39.490752999999998	66750.0
39.508824000000004	65980.0
39.524104000000001	64970.0
39.542964035964033	65250.0
39.559240000000003	66130.0
39.579386	64400.0
39.592213000000001	67350.0
39.610032000000004	65270.0
39.627045908183632	64820.0
39.643666332665326	64750.0
39.659188	63120.0
39.675601999999998	63160.0
39.693103999999998	63490.0
39.710112000000002	63080.0
39.729224000000002	62060.0
39.747143999999999	63000.0
39.763329999999996	62120.0
39.781061999999999	62110.0
39.800082000000003	59900.0
39.819179820179819	61320.0
39.835126126126127	61490.0
39.851360639360635	60510.0
39.869219219219218	61460.0
39.886787999999996	58360.0
39.904935000000002	60520.0
39.921259481037922	58900.0
39.937368737474948	58840.0
39.954342000000004	60290.0
39.972893999999997	58280.0
39.988398000000004	59170.0
40.005762000000004	57330.0
40.022580000000005	58520.0
40.041047999999996	56490.0
40.058384000000004	58300.0
40.073467999999998	57270.0
40.091363636363639	57100.0
40.106585585585584	57020.0
40.125583999999996	56970.0
40.143239999999999	55710.0
40.158906000000002	56160.0
40.175155999999994	57130.0
40.194307999999999	54380.0
40.212035	54420.0
40.227980000000002	55280.0
40.244535999999997	55620.0
40.260226000000003	54100.0
40.277983016983015	55030.0
40.295572572572574	54140.0
40.310037000000001	52820.0
40.328415999999997	54410.0
40.346592000000001	52510.0
40.361584999999998	52960.0
40.377630369630367	51140.0
40.39447747747748	51760.0
40.410892999999994	50570.0
40.428671999999999	51200.0
40.445695999999998	51130.0
40.462285000000001	51190.0
40.478712000000002	52000.0
40.494098000000001	50760.0
40.510961999999999	48840.0
40.530096	49440.0
40.546303999999999	49100.0
40.563583000000001	49380.0
40.578206000000002	49150.0
40.596668000000001	48980.0
40.615802000000002	48810.0
40.628936000000003	50110.0
40.647506493506491	49740.0
40.662029029029028	47570.0
40.679872000000003	46220.0
40.696283999999999	47890.0
40.712273000000003	47900.0
40.730344000000002	46960.0
40.748432000000001	47250.0
40.763708000000001	48270.0
40.779574000000004	46130.0
40.797661999999995	47260.0
40.814984000000003	46790.0
40.831180000000003	45940.0
40.847139999999996	46460.0
40.865901999999998	45830.0
40.881034	45940.0
40.899056000000002	45150.0
40.916322000000001	45030.0
40.934109890109895	45040.0
40.948360360360361	45390.0
40.968784999999997	44260.0
40.984729999999999	45160.0
41.001581999999999	43510.0
41.019144000000004	44590.0
41.035580000000003	42940.0
41.052176000000003	45150.0
41.068485000000003	45370.0
41.088240000000006	42720.0
41.102911999999996	44110.0
41.119224000000003	44080.0
41.140039999999999	43520.0
41.155272000000004	42180.0
41.173105999999997	41600.0
41.188130000000001	43290.0
41.204704295704296	41230.0
41.223292292292292	42090.0
41.240975999999996	41600.0
41.258544000000001	41000.0
41.273885	40750.0
41.291918000000003	41130.0
41.310375999999998	41990.0
41.327384000000002	41500.0
41.344391999999999	42220.0
41.359864000000002	41310.0
41.375585000000001	39960.0
41.396040000000006	39620.0
41.411524	40490.0
41.427521999999996	39600.0
41.446564000000002	39440.0
41.464028000000006	39970.0
41.478723000000002	38600.0
41.49650749250749	39590.0
41.513870870870875	39090.0
41.530316999999997	39440.0
41.546495999999998	37530.0
41.564039999999999	37870.0
41.580584000000002	38300.0
41.598915999999996	39680.0
41.61589	37770.0
41.633412999999997	38250.0
41.652335999999998	37690.0
41.667823999999996	37380.0
41.681727000000002	37540.0
41.70075524475525	36330.0
41.719576576576578	37300.0
41.735703999999998	37680.0
41.752248000000002	35920.0
41.768618381618381	36730.0
41.787017017017014	36230.0
41.803595999999999	35910.0
41.819831999999998	35910.0
41.834235	35290.0
41.852015999999999	35730.0
41.869816	35800.0
41.889040999999999	35860.0
41.903624000000001	35110.0
41.922453999999995	35540.0
41.938935000000001	35010.0
41.955872000000006	34320.0
41.971951999999995	34250.0
41.989784999999998	33130.0
42.005912000000002	35670.0
42.022932067932068	33600.0
42.040857857857858	33660.0
42.058831168831169	35290.0
42.07483783783784	34210.0
42.091985999999999	33780.0
42.108553999999998	33400.0
42.127268000000001	33210.0
42.145023999999999	33200.0
42.161279999999998	31940.0
42.178871999999998	33480.0
42.19517182817183	33430.0
42.210187187187188	32640.0
42.230083999999998	31930.0
42.244965999999998	32030.0
42.260376000000001	32630.0
42.279724000000002	32200.0
42.298884999999999	32330.0
42.314185999999999	31910.0
42.32994105894106	32050.0
42.347726726726727	31820.0
42.365728000000004	31390.0
42.383064000000005	31220.0
42.399224000000004	31090.0
42.416933999999998	31160.0
42.435787999999995	31420.0
42.451605999999998	29680.0
42.467379999999999	29970.0
42.483339999999998	31620.0
42.503304	29570.0
42.520311999999997	30150.0
42.536752	30070.0
42.550761999999999	30200.0
42.56908	29890.0
42.586047999999998	28960.0
42.605581000000001	30460.0
42.622999999999998	29750.0
42.638933933933934	29670.0
42.655834999999996	29280.0
42.673735999999998	29700.0
42.690739999999998	29570.0
42.707464000000002	28780.0
42.724471999999999	28640.0
42.740589999999997	30450.0
42.757504000000004	30040.0
42.776416000000005	28770.0
42.790632000000002	29560.0
42.808384999999994	27790.0
42.824995999999999	29350.0
42.843289999999996	29630.0
42.860281999999998	27870.0
42.877768000000003	28350.0
42.893608391608396	27560.0
42.911155155155157	28000.0
42.929234000000001	28220.0
42.946655999999997	28250.0
42.964393000000001	27810.0
42.981672000000003	28780.0
42.998682317682317	27530.0
43.016621621621624	27640.0
43.034693999999995	27730.0
43.048828	27210.0
43.067962000000001	26640.0
43.086752000000004	27270.0
43.104011999999997	26750.0
43.121186000000002	27060.0
43.137154000000002	27520.0
43.154809190809196	27320.0
43.172304304304305	26350.0
43.189271728271727	26450.0
43.205234234234233	26710.0
43.221863999999997	25590.0
43.239613999999996	25830.0
43.260120000000001	25740.0
43.275297000000002	26910.0
43.291911999999996	26490.0
43.308935999999996	26160.0
43.326062	25230.0
43.344952000000006	25550.0
43.362161999999998	25340.0
43.379734999999997	26000.0
43.396304000000001	24560.0
43.413640000000001	26280.0
43.430463000000003	25580.0
43.447027999999996	25060.0
43.464743256743255	25340.0
43.483058058058056	25820.0
43.500763999999997	25160.0
43.518096	24540.0
43.535923000000004	25150.0
43.554876	25120.0
43.570243999999995	24380.0
43.589126	24650.0
43.604151999999999	24250.0
43.621173826173823	24480.0
43.638567567567563	23880.0
43.657716000000001	24660.0
43.675564000000001	24620.0
43.691613000000004	24170.0
43.708779999999997	24300.0
43.725255999999995	23730.0
43.742843000000001	23400.0
43.758337662337659	23110.0
43.776408408408408	24960.0
43.795842	23640.0
43.812480000000001	24010.0
43.829336000000005	24090.0
43.844425999999999	23350.0
43.863374	24260.0
43.881376000000003	24520.0
43.898235	23040.0
43.913967999999997	24530.0
43.929139999999997	22870.0
43.946101999999996	23550.0
43.965235999999997	22650.0
43.982523999999998	23920.0
43.998463999999998	23830.0
44.016655999999998	22300.0
44.032519480519483	21970.0
44.050655655655653	21690.0
44.067729999999997	21390.0
44.084536	23600.0
44.103361999999997	21510.0
44.119579999999999	22130.0
44.137576000000003	23860.0
44.154584	22260.0
44.171591999999997	22730.0
44.188842000000001	22260.0
44.205756999999998	21870.0
44.221336000000001	22570.0
44.239655999999997	21710.0
44.256664000000001	21530.0
44.272587999999999	22100.0
44.288696000000002	21720.0
44.307042000000003	21450.0
44.323969030969032	22430.0
44.342324324324323	22180.0
44.358884999999994	21970.0
44.373908	21210.0
44.392747999999997	22190.0
44.410734999999995	21750.0
44.426904	21340.0
44.444816000000003	20940.0
44.462297702297704	22250.0
44.480519519519518	22080.0
44.497222000000001	20810.0
44.514435000000006	21000.0
44.530380000000001	21570.0
44.548563999999999	20660.0
44.563808999999999	19950.0
44.580958000000003	21120.0
44.598924075924074	21160.0
44.615940940940938	21860.0
44.633824000000004	21250.0
44.650040000000004	20760.0
44.667983	20910.0
44.685991999999999	20280.0
44.703015999999998	19410.0
44.720023999999995	20580.0
44.736779999999996	20710.0
44.753056000000001	20460.0
44.770064000000005	20600.0
44.786630000000002	20420.0
44.804107999999999	20390.0
44.822104000000003	20260.0
44.837848000000001	20700.0
44.855528	21270.0
44.870867000000004	20160.0
44.887138861138865	21050.0
44.905945945945945	19220.0
44.923183999999999	20960.0
44.936228	20740.0
44.956063999999998	20680.0
44.971223999999999	20230.0
44.988636	20330.0
45.006723999999998	20790.0
45.022264	21070.0
45.039272000000004	21210.0
45.056295999999996	20070.0
45.073304	19590.0
45.089721278721278	20230.0
45.107621621621618	19520.0
45.123217000000004	19650.0
45.139352000000002	19870.0
45.158032967032966	20330.0
45.172685685685686	19700.0
45.193240000000003	19870.0
45.209338000000002	20230.0
45.223513000000004	20310.0
45.241583999999996	19990.0
45.259888000000004	19600.0
45.278742999999999	18830.0
45.295445999999998	18570.0
45.311714000000002	19030.0
45.329566	18970.0
45.347108000000006	18360.0
45.363748000000001	19510.0
45.378884999999997	20390.0
45.396996000000001	18680.0
45.413004000000001	19370.0
45.430433000000001	18720.0
45.446666333666336	19080.0
45.463615615615616	19720.0
45.483584999999998	18400.0
45.499631999999998	18060.0
45.516656000000005	19520.0
45.533435000000004	18720.0
45.549672000000001	18650.0
45.567408	19310.0
45.585284999999999	19240.0
45.601230000000001	19240.0
45.617190000000001	18740.0
45.634352999999997	18550.0
45.651751999999995	18300.0
45.669511999999997	18960.0
45.687583000000004	18060.0
45.704791999999998	17490.0
45.7208622754491	18820.0
45.73782364729459	18630.0
45.754728	18600.0
45.770088000000001	18840.0
45.788685000000001	18470.0
45.805598000000003	18980.0
45.824590000000001	19190.0
45.840535000000003	18600.0
45.856048000000001	19390.0
45.872927999999995	18460.0
45.890943999999998	18600.0
45.907952000000002	18640.0
45.922232000000001	18500.0
45.942478000000001	18930.0
45.958556000000002	18120.0
45.978520000000003	17800.0
45.993206999999998	18700.0
46.008018018018021	17580.0
46.026990000000005	19700.0
46.043450999999997	19920.0
46.06288	17950.0
46.079352	18300.0
46.097422999999999	19050.0
46.114348	17970.0
46.129689999999997	18780.0
46.146653000000001	17980.0
46.163007999999998	18890.0
46.179811999999998	17760.0
46.197184	18440.0
46.214953999999999	18060.0
46.233868000000001	18310.0
46.248556999999998	17910.0
46.266184000000003	18410.0
46.280270270270272	17820.0
46.299343	17980.0
46.317555999999996	18700.0
46.336295999999997	18010.0
46.353034999999998	17490.0
46.368648	18320.0
46.385523999999997	17560.0
46.403884999999995	18330.0
46.420873999999998	18030.0
46.437204000000001	18350.0
46.453384	17380.0
46.471103999999997	17630.0
46.488416000000001	17180.0
46.504584999999999	16950.0
46.522334000000001	17390.0
46.539456000000001	17640.0
46.555434565434567	17230.0
46.571548548548549	17880.0
46.589964000000002	17550.0
46.608628000000003	18280.0
46.622793999999999	17690.0
46.640535999999997	17400.0
46.657946053946056	18260.0
46.674129129129128	17080.0
46.691719999999997	18170.0
46.708188	18680.0
46.723591999999996	17800.0
46.740615999999996	17790.0
46.760779999999997	17930.0
46.77778	17160.0
46.792823999999996	16960.0
46.807706000000003	17610.0
46.828629370629372	17780.0
46.844786786786791	17060.0
46.862535000000001	17830.0
46.879176000000001	17870.0
46.898032000000001	18460.0
46.915025999999997	17790.0
46.930751999999998	17650.0
46.947775999999998	17490.0
46.964784000000002	17660.0
46.981180000000002	16870.0
47.000520000000002	17310.0
47.016597402597405	17950.0
47.033630630630633	18080.0
47.049990000000001	17970.0
47.065006000000004	17580.0
47.083856000000004	17290.0
47.101895104895107	16790.0
47.119008008008002	17600.0
47.13673	17030.0
47.15269	18110.0
47.168635000000002	17380.0
47.186812000000003	17610.0
47.205668000000003	17520.0
47.220984000000001	17220.0
47.238554000000001	17270.0
47.254764000000002	16870.0
47.273091000000001	17240.0
47.290279999999996	16930.0
47.30704295704296	17850.0
47.324062062062062	16610.0
47.342014000000006	17960.0
47.357114000000003	17470.0
47.377103999999996	18120.0
47.394109890109895	17270.0
47.411513513513512	16600.0
47.430662000000005	16920.0
47.448508000000004	16850.0
47.464948	17590.0
47.482734999999998	17250.0
47.49868	16470.0
47.516368	17530.0
47.534224000000002	17160.0
47.551934000000003	17100.0
47.569256000000003	16690.0
47.587921999999999	16860.0
47.604379999999999	17090.0
47.620339999999999	16400.0
47.637342000000004	17970.0
47.656312	16890.0
47.673333666333669	17190.0
47.689914914914915	16870.0
47.706167999999998	17530.0
47.725375999999997	17280.0
47.741186999999996	17350.0
47.758240000000001	17350.0
47.776890000000002	16820.0
47.794601999999998	16850.0
47.812432000000001	16900.0
47.830888000000002	16590.0
47.846906000000004	17190.0
47.863472000000002	16680.0
47.881402000000001	16780.0
47.898504000000003	16990.0
47.915576000000001	17240.0
47.934344000000003	17180.0
47.949544000000003	16690.0
47.966548451548455	16740.0
47.982708708708707	16760.0
47.999677999999996	16730.0
48.019767999999999	18160.0
48.036567999999995	16720.0
48.053546000000004	17750.0
48.069030000000005	17600.0
48.088320000000003	17500.0
48.103747999999996	16560.0
48.120463999999998	17130.0
48.140264000000002	16730.0
48.154947	18260.0
48.174639360639361	17850.0
48.192689999999999	17740.0
48.208962	18470.0
48.227408000000004	17840.0
48.24253646353646	17370.0
48.25907107107107	17270.0
48.277153999999996	17670.0
48.294815999999997	17220.0
48.311824000000001	16750.0
48.329384000000005	17750.0
48.346856000000002	17240.0
48.364542999999998	17390.0
48.382613999999997	17520.0
48.398284000000004	16490.0
48.418379999999999	17130.0
48.434048000000004	15640.0
48.449940000000005	16440.0
48.466000000000001	17120.0
48.484267803410226	16570.0
48.503045999999998	17150.0
48.516233	17270.0
48.535233766233766	17590.0
48.555006006006003	15560.0
48.572023999999999	16700.0
48.587526000000004	18370.0
48.604754	16370.0
48.623063999999999	16020.0
48.640072000000004	16950.0
48.657851999999998	16400.0
48.676741999999997	16590.0
48.694994000000001	16720.0
48.711190000000002	16020.0
48.726134999999999	16760.0
48.742440000000002	17370.0
48.763311999999999	16980.0
48.780785999999999	17570.0
48.796191999999998	16830.0
48.813536463536465	16780.0
48.830437437437439	17700.0
48.846684000000003	16740.0
48.86374	16450.0
48.880842999999999	17750.0
48.898913999999998	17240.0
48.915590000000002	16520.0
48.932304000000002	17610.0
48.951808	16420.0
48.968426573426569	16340.0
48.986302302302306	16960.0
49.003396000000002	16710.0
49.022204000000002	17390.0
49.037532999999996	16410.0
49.055604000000002	16890.0
49.073416000000002	16930.0
49.090423999999999	17180.0
49.107827172827172	16730.0
49.126378378378384	16540.0
49.144992999999999	15830.0
49.160695999999994	17460.0
49.177807999999999	16880.0
49.195504	16350.0
49.212512000000004	16510.0
49.227843999999997	16640.0
49.248179999999998	17000.0
49.266524000000004	16800.0
49.280647352647357	17480.0
49.29966766766767	16690.0
49.317429999999995	17870.0
49.333615999999999	16430.0
49.350912999999998	16390.0
49.368631999999998	16350.0
49.386896103896106	16750.0
49.404698698698702	17760.0
49.421756000000002	16750.0
49.439695999999998	17310.0
49.45732768924303	17050.0
49.476156626506025	17720.0
49.490552000000001	16360.0
49.509321	16510.0
49.528596	16550.0
49.543803999999994	16390.0
49.560881999999999	17370.0
49.579568000000002	17300.0
49.594991999999998	16620.0
49.613063000000004	16920.0
49.630831999999998	16060.0
49.648588000000004	17040.0
49.666435	16430.0
49.683355644355643	16770.0
49.70088888888889	16360.0
49.718522999999998	17220.0
49.735911999999999	17010.0
49.752935999999998	16730.0
49.768326000000002	17660.0
49.787568	16900.0
49.804975999999996	16870.0
49.822983000000001	16410.0
49.841054	17230.0
49.859141999999999	16820.0
49.877020979020983	15780.0
49.894020020020022	17090.0
49.910423999999999	17150.0
49.926822000000001	16200.0
49.945506493506493	16450.0
49.964594999999996	16160.0
49.981959959959958	16340.0
49.999375999999998	17590.0
50.016440000000003	16250.0
50.033144	16920.0
50.049329999999998	16010.0
50.067062	17070.0
50.085132999999999	16730.0
50.104155999999996	16710.0
50.118443999999997	17370.0
50.138224000000001	17240.0
50.155231999999998	16810.0
50.172255999999997	17110.0
50.189264000000001	17460.0
50.206272000000006	17380.0
50.224663999999997	17260.0
50.243304000000002	16130.0
50.262046953046955	16760.0
50.279655688622753	16700.0
50.297038114343025	16140.0
50.315896000000002	16090.0
50.331704000000002	16590.0
50.349283	16110.0
50.366391999999998	15330.0
50.384416000000002	17120.0
50.401513000000001	16130.0
50.419128000000001	16100.0
50.435103999999995	17090.0
50.455022	15970.0
50.472788000000001	16640.0
50.488495999999998	16630.0
50.506442	17010.0
50.523980000000002	16170.0
50.539931068931068	16120.0
50.559173173173171	16580.0
50.576830000000001	17980.0
50.594361999999997	16930.0
50.611570429570428	16570.0
50.629502502502504	16750.0
50.64564	16430.0
50.662624000000001	16960.0
50.679631999999998	16260.0
50.697154000000005	16240.0
50.716206	17570.0
50.731671999999996	15490.0
50.749051999999999	16840.0
50.766664015904574	16760.0
50.784140845070425	17010.0
50.801189999999998	15800.0
50.815916999999999	16320.0
50.8350979020979	16290.0
50.853036036036038	16380.0
50.869783999999996	15330.0
50.889378000000001	16530.0
50.905889999999999	15870.0
50.923813000000003	15620.0
50.940002004008015	15390.0
50.960508000000004	16190.0
50.974864000000004	15940.0
50.992114000000001	16100.0
51.009896000000005	17470.0
51.028010999999999	17260.0
51.046047999999999	15110.0
51.062432000000001	17440.0
51.079943999999998	15820.0
51.098196000000002	16800.0
51.115279720279716	17290.0
51.131231231231226	15910.0
51.151240000000001	16740.0
51.170768000000002	16050.0
51.185206999999998	16960.0
51.204030000000003	17730.0
51.219990000000003	16280.0
51.235935000000005	16490.0
51.252629850746274	16770.0
51.271531658291458	17510.0
51.288698999999994	16160.0
51.308347999999995	16360.0
51.323244000000003	17220.0
51.339652999999998	16790.0
51.357723999999997	17060.0
51.374540000000003	16420.0
51.392582000000004	16770.0
51.411702297702298	16870.0
51.428387387387382	16920.0
51.447001999999998	15980.0
51.465184000000001	16500.0
51.481272000000004	16470.0
51.499184999999997	16760.0
51.515414	16610.0
51.532884000000003	17110.0
51.548842	16280.0
51.567312000000001	16460.0
51.584732000000002	17550.0
51.601884999999996	16860.0
51.619917999999998	15810.0
51.637203999999997	17350.0
51.653384000000003	17230.0
51.672528	16270.0
51.693504495504499	16470.0
51.705549549549552	16160.0
51.723236	16070.0
51.740456000000002	15910.0
51.759551000000002	16220.0
51.779471999999998	16700.0
51.796339999999994	16700.0
51.812722999999998	16430.0
51.830794000000004	17260.0
51.848882000000003	17030.0
51.865316999999997	15720.0
51.881495999999999	17420.0
51.899039999999999	16260.0
51.916132338308458	15870.0
51.934885427135683	15950.0
51.952615999999999	17250.0
51.968834999999999	16890.0
51.98561838161838	16340.0
52.002654654654656	16830.0
52.023580000000003	16290.0
52.035713999999999	17130.0
52.053801999999997	16590.0
52.071704000000004	16100.0
52.089176000000002	16940.0
52.107143999999998	16630.0
52.123103	17460.0
52.140751999999999	16680.0
52.158262000000001	16280.0
52.175784	15770.0
52.191568000000004	15570.0
52.207140000000003	15690.0
52.227519000000001	15460.0
52.245832	16300.0
52.262842157842158	16680.0
52.277992000000005	16280.0
52.294871871871877	16090.0
52.312839999999994	16050.0
52.328904000000001	16220.0
52.345730000000003	16810.0
52.362673999999998	16360.0
52.381944000000004	16960.0
52.398952000000001	17580.0
52.415976000000001	16600.0
52.432485	16360.0
52.448992000000004	16710.0
52.465389999999999	17210.0
52.483401999999998	15980.0
52.501032000000002	16300.0
52.518056000000001	16950.0
52.535063999999998	16500.0
52.550174825174828	16850.0
52.571089999999998	16280.0
52.587035	16360.0
52.602980000000002	16300.0
52.619135999999997	16550.0
52.636662000000001	16400.0
52.655473999999998	16160.0
52.672789999999999	16800.0
52.688735000000001	16940.0
52.705183816183819	17030.0
52.722784784784785	16320.0
52.740862999999997	16230.0
52.756827999999999	16130.0
52.770958	16450.0
52.791409000000002	17110.0
52.807487999999999	16940.0
52.825235764235764	16360.0
52.841342000000004	16140.0
52.860230000000001	17090.0
52.876336000000002	16210.0
52.893552999999997	15900.0
52.911079999999998	16760.0
52.927039999999998	15900.0
52.942985	16190.0
52.960777999999998	16340.0
52.979416000000001	16020.0
52.995835	16050.0
53.013083999999999	15800.0
53.030455999999994	16770.0
53.045076616915424	15510.0
53.063982914572861	16100.0
53.082402000000002	15750.0
53.098534999999998	16160.0
53.11558958958959	16240.0
53.135536000000002	16610.0
53.152066999999995	17100.0
53.166995999999997	16020.0
53.185575999999998	15750.0
53.201886000000002	17090.0
53.218415999999998	16140.0
53.234712000000002	15820.0
53.252319	16210.0
53.271030000000003	15760.0
53.288322000000001	15800.0
53.306393	16530.0
53.322879999999998	16420.0
53.341408000000001	16520.0
53.358704000000003	16910.0
53.373747999999999	15810.0
53.389720720720725	16950.0
53.406962	15650.0
53.425408000000004	16520.0
53.441247999999995	16410.0
53.459783999999999	16770.0
53.476429999999993	16200.0
53.491963999999996	16410.0
53.509779999999999	17130.0
53.528832000000001	16910.0
53.545856000000001	16090.0
53.562184999999999	16540.0
53.578130000000002	16170.0
53.598119999999994	16150.0
53.613297000000003	17170.0
53.631776000000002	16990.0
53.647940000000006	17590.0
53.665060939060943	15640.0
53.683802383316788	16670.0
53.699870967741937	16620.0
53.716735	16050.0
53.733303999999997	15630.0
53.750639999999997	16630.0
53.767023999999999	16180.0
53.784534000000001	16910.0
53.802056	16360.0
53.819693000000001	15880.0
53.837071999999999	15750.0
53.852573426573429	16050.0
53.869101101101101	16410.0
53.886111999999997	17050.0
53.903136000000003	16940.0
53.920126000000003	15720.0
53.935366633366634	16160.0
53.955027027027029	17200.0
53.971383000000003	16950.0
53.989454000000002	15720.0
54.006885114885115	15970.0
54.022825825825826	16360.0
54.038328	16540.0
54.055804000000002	16790.0
54.074263999999999	16670.0
54.091272000000004	16630.0
54.108296000000003	16450.0
54.126073000000005	16640.0
54.141647999999996	16160.0
54.160128	15920.0
54.176384999999996	16310.0
54.193329670329668	16600.0
54.209616616616614	16370.0
54.229232767232766	16330.0
54.245168168168163	15860.0
54.262520000000002	15010.0
54.281067999999998	16130.0
54.296638000000002	15520.0
54.314990000000002	15930.0
54.330935000000004	15630.0
54.348655999999998	17330.0
54.367151999999997	16020.0
54.385222999999996	16600.0
54.402512000000002	16160.0
54.418689999999998	16660.0
54.436453	17470.0
54.451608	16660.0
54.469540000000002	16660.0
54.485683000000002	17550.0
54.503427572427569	16140.0
54.519603603603599	16370.0
54.537490999999996	17460.0
54.555928000000002	16100.0
54.572904000000001	16080.0
54.592143	16290.0
54.60913	16810.0
54.626302000000003	16480.0
54.643704	16590.0
54.660688622754492	16100.0
54.678525050100205	16040.0
54.696602999999996	16850.0
54.712829999999997	16640.0
54.730761999999999	16160.0
54.747979999999998	16780.0
54.768568000000002	16710.0
54.783816000000002	17310.0
54.800820179820178	16690.0
54.817811188811191	16830.0
54.834835671342688	15840.0
54.853580000000001	15720.0
54.872372627372627	16600.0
54.888888888888893	16620.0
54.907142	16960.0
54.924230000000001	17270.0
54.940936000000001	16980.0
54.957943999999998	16660.0
54.976695999999997	15560.0
54.993975999999996	15690.0
55.013981000000001	15870.0
55.028053999999997	16580.0
55.046393999999999	16870.0
55.065646000000001	16380.0
55.081531468531466	15930.0
55.100360360360362	16330.0
55.117685000000002	16470.0
55.135398000000002	16570.0
55.154055721393036	16910.0
55.171069346733667	15990.0
55.190007999999999	15570.0
55.205352000000005	17020.0
55.223421000000002	16750.0
55.241152	16090.0
55.259062	16730.0
55.277132999999999	15160.0
55.292192	16540.0
55.309443999999999	16840.0
55.328946000000002	16220.0
55.345039999999997	16190.0
55.365517482517483	15960.0
55.383570429570433	16280.0
55.401240000000001	15420.0
55.41916383616384	15760.0
55.43676328986961	16910.0
55.453893999999998	16160.0
55.473273999999996	16210.0
55.489217000000004	16850.0
55.507668000000002	16170.0
55.525376000000001	16510.0
55.542383999999998	17320.0
55.561315999999998	16290.0
55.579390000000004	15930.0
55.595513000000004	17220.0
55.613431999999996	15650.0
55.630888000000006	16100.0
55.649743000000001	16100.0
55.667466533466531	16070.0
55.683669999999999	17540.0
55.699956	16100.0
55.720151000000001	16140.0
55.737735000000001	16230.0
55.755514514514516	16990.0
55.774274000000005	16050.0
55.793147999999995	16200.0
55.808886000000001	16380.0
55.82831068931069	17500.0
55.845615615615614	16090.0
55.862624000000004	15660.0
55.879733999999999	16710.0
55.897988000000005	17150.0
55.916435	15650.0
55.932671999999997	16260.0
55.950757242757241	16660.0
55.969270000000002	16370.0
55.985695999999997	16460.0
56.003264999999999	15590.0
56.020727999999998	16440.0
56.038406999999999	16490.0
56.056494999999998	16690.0
56.072969999999998	17480.0
56.092359000000002	17300.0
56.108874999999998	15740.0
56.12482	17420.0
56.142816000000003	16640.0
56.159955000000004	16370.0
56.177672672672671	16050.0
56.193626373626373	15870.0
56.210794999999997	16420.0
56.229519999999994	16210.0
56.246327000000001	16490.0
56.263919999999999	17030.0
56.280927999999996	15760.0
56.300419999999995	16210.0
56.316904999999998	15840.0
56.333716000000003	16870.0
56.353408999999999	16460.0
56.3675	16380.0
56.386821999999995	15710.0
56.401017000000003	16240.0
56.419235	16490.0
56.438791999999999	16180.0
56.454438000000003	17180.0
56.472569999999997	16520.0
56.488723999999998	15820.0
56.506715	16360.0
56.523112887112887	16390.0
56.540619	16540.0
56.557549999999999	16150.0
56.576045999999998	16690.0
56.593454999999999	16910.0
56.61016	16890.0
56.628831999999996	15690.0
56.644418000000002	17030.0
56.660250000000005	15350.0
56.679266000000005	16070.0
56.699001000000003	15580.0
56.713380000000001	17590.0
56.731468	15880.0
56.749543543543538	16530.0
56.766964999999999	15820.0
56.784505000000003	16630.0
56.801942115768462	16710.0
56.818351351351346	15610.0
56.835175999999997	17430.0
56.851998999999999	17200.0
56.871490000000001	15820.0
56.887062	16720.0
56.905903000000002	16370.0
56.923400000000001	15840.0
56.940424	16060.0
56.958458999999998	16050.0
56.976350000000004	17040.0
56.992463999999998	15240.0
57.009906000000001	15580.0
57.029040000000002	16050.0
57.047160000000005	16770.0
57.063512000000003	15980.0
57.08052	16240.0
57.098602397602399	16280.0
57.115940000000002	15310.0
57.134520999999999	16670.0
57.151845000000002	16140.0
57.169362	16850.0
57.188282000000001	16880.0
57.204695000000001	15280.0
57.223568	15990.0
57.241624000000002	16540.0
57.258853999999999	15870.0
57.277824824824826	16290.0
57.29522	17500.0
57.311585999999998	16530.0
57.329998000000003	17040.0
57.3474	16680.0
57.366744000000004	16650.0
57.382657999999999	16310.0
57.39875024975025	16210.0
57.417114000000005	16930.0
57.434764235764234	16370.0
57.453364000000001	15850.0
57.468194805194805	16430.0
57.484783999999998	16330.0
57.502778999999997	17370.0
57.520802407221666	16430.0
57.537972000000003	16500.0
57.556042999999995	16990.0
57.574131000000001	15270.0
57.591590000000004	15430.0
57.607903999999998	16050.0
57.624928000000004	17350.0
57.642927999999998	16780.0
57.659825999999995	16990.0
57.67595804195804	15510.0
57.694330000000001	16600.0
57.711967999999999	15860.0
57.729803999999994	16100.0
57.747	16210.0
57.764946000000002	16320.0
57.783034000000001	16300.0
57.800910910910908	16360.0
57.816192999999998	17720.0
57.834088000000001	16210.0
57.851607999999999	15800.0
57.870423000000002	16160.0
57.887744999999995	16590.0
57.904128871128869	16390.0
57.921136136136134	16820.0
57.939886999999999	16360.0
57.956904000000002	16290.0
57.975267732267731	16270.0
57.991667999999997	16440.0
58.009025000000001	17170.0
58.028872	15690.0
58.045279999999998	16890.0
58.063225000000003	16160.0
58.079248	15480.0
58.096698000000004	15970.0
58.116279999999996	17500.0
58.133823999999997	18150.0
58.151980000000002	16880.0
58.167529999999999	15960.0
58.184702000000001	17480.0
58.203352000000002	16390.0
58.219189999999998	16600.0
58.236015999999999	16550.0
58.254790419161672	16180.0
58.273927927927929	15850.0
58.292228999999999	16850.0
58.310316999999998	17140.0
58.324532000000005	15850.0
58.343432432432436	17220.0
58.360748000000001	15520.0
58.38017	16940.0
58.396142000000005	15570.0
58.415793999999998	17290.0
58.433520000000001	16490.0
58.449304000000005	15720.0
58.466439999999999	16540.0
58.484490000000001	16760.0
58.501764000000001	16320.0
58.520916	16750.0
58.538600000000002	16660.0
58.553233766233767	16280.0
58.571317999999998	17010.0
58.588624000000003	16650.0
58.608563000000004	16240.0
58.625574	16200.0
58.640560000000001	16110.0
58.657173	17240.0
58.677157999999999	16890.0
58.694822000000002	16930.0
58.710068999999997	16870.0
58.727736	16110.0
58.744744000000004	16130.0
58.763940000000005	16610.0
58.780943000000001	16080.0
58.796784000000002	16020.0
58.814529	16560.0
58.8318031968032	15970.0
58.852259999999994	15740.0
58.865186000000001	16340.0
58.88382	16380.0
58.902810000000002	15590.0
58.918989000000003	16590.0
58.936352999999997	15740.0
58.951392000000006	16910.0
58.969605000000001	17000.0
58.986306999999996	16090.0
59.003943999999997	17570.0
59.020454999999998	15860.0
59.037537	16200.0
59.056232000000001	15350.0
59.073305000000005	16820.0
59.093020000000003	16370.0
59.111024	16370.0
59.125389610389611	16210.0
59.142980000000001	16070.0
59.160050999999996	16070.0
59.177990000000001	16800.0
59.194470000000003	16710.0
59.213508999999995	16160.0
59.228864000000002	16260.0
59.248760000000004	15710.0
59.267128	16380.0
59.284136000000004	16410.0
59.300649999999997	16030.0
59.317168000000002	17110.0
59.334175999999999	15990.0
59.351200000000006	16720.0
59.368983983983981	17120.0
59.387059000000001	15960.0
59.406021978021982	15550.0
59.422294999999998	16830.0
59.438256000000003	15610.0
59.455280000000002	16090.0
59.472287999999999	16400.0
59.489295999999996	15320.0
59.50631568431568	16330.0
59.523975999999998	16140.0
59.542320000000004	16120.0
59.559795204795208	16970.0
59.576293999999997	16710.0
59.594096	17160.0
59.612357642357644	16350.0
59.627257773319961	17310.0
59.643416000000002	16180.0
59.663800000000002	16670.0
59.679642000000001	16510.0
59.697405594405588	16930.0
59.713463999999995	16380.0
59.730840000000001	16560.0
59.750704999999996	15890.0
59.764161000000001	16130.0
59.782383999999993	17650.0
59.797554999999996	16820.0
59.817362000000003	16610.0
59.834608000000003	16630.0
59.85163	16350.0
59.868985000000002	16160.0
59.885602602602603	16910.0
59.904068000000002	16330.0
59.920048951048955	16820.0
59.93664564564564	16230.0
59.954571999999999	16300.0
59.970685314685319	16080.0
59.988714000000002	16460.0
60.006574999999998	16050.0
60.023041999999997	16530.0
60.041711999999997	15500.0
60.058720000000001	15300.0
60.076461999999992	16740.0
60.093907999999999	16610.0
60.109760000000001	16390.0
60.126784000000001	17000.0
60.145015999999998	16180.0
60.162125000000003	16560.0
60.178824000000006	16610.0
60.195832000000003	16080.0
60.214570000000002	16570.0
60.231864000000002	15380.0
60.248871999999999	16180.0
60.266702000000002	17080.0
60.281241999999999	16750.0
60.301258000000004	15980.0
60.319660000000006	15260.0
60.335928000000003	17150.0
60.353313313313308	15720.0
60.370083916083921	17210.0
60.386963999999999	15940.0
60.405546546546546	16660.0
60.421750000000003	15310.0
60.439401999999994	16270.0
60.457031999999998	15110.0
60.475670000000001	16230.0
60.490427000000004	17060.0
60.507071999999994	15720.0
60.524084915084913	16280.0
60.542155999999999	15490.0
60.560227000000005	16920.0
60.578298000000004	16000.0
60.596128	16470.0
60.613778000000003	16110.0
60.632144000000004	16360.0
60.648719999999997	16740.0
60.664664999999999	15800.0
60.682331999999995	16070.0
60.699570000000001	16960.0
60.716916999999995	15070.0
60.735751999999998	16190.0
60.754903999999996	16630.0
60.770474000000007	16090.0
60.784402	15650.0
60.805270000000007	15510.0
60.821375624375619	15790.0
60.839020181634716	15550.0
60.854239999999997	16450.0
60.870742999999997	16180.0
60.888084241823584	16350.0
60.904810292633705	16730.0
60.923442000000009	16370.0
60.942044000000003	16020.0
60.958344000000004	17050.0
60.975861999999999	15720.0
60.993552000000001	16550.0
61.011361999999998	16720.0
61.028584000000002	16000.0
61.047416000000005	15510.0
61.061687999999997	16830.0
61.07970199999999	16150.0
61.098630369630364	15870.0
61.115642642642641	16000.0
61.132893000000003	16890.0
61.150672	16490.0
61.167696000000007	17410.0
61.185122999999997	16660.0
61.203675999999994	16500.0
61.222282	16370.0
61.238526	16510.0
61.254080000000002	16110.0
61.273719999999997	16040.0
61.290984999999999	16910.0
61.308654000000004	16540.0
61.326742000000003	15370.0
61.344813000000002	16190.0
61.359779999999994	15460.0
