11.116944	4340.0
11.02736	4930.0
11.048537	5300.0
11.075682	5040.0
11.055966	4710.0
11.112565868263474	4530.0
11.057861723446893	4500.0
11.099055999999999	4730.0
11.077785214785214	4950.0
11.131396396396395	4920.0
11.110987999999999	4510.0
11.091766	4700.0
11.152407999999999	4650.0
11.080755244755245	4530.0
11.215802802802802	4880.0
11.115315315315316	5350.0
11.136192000000001	4630.0
11.187099999999999	4790.0
11.135284	5320.0
11.22864	4490.0
11.154423999999999	5080.0
11.194748000000001	4910.0
11.190536	4680.0
11.223343	5070.0
11.233328	4450.0
11.197796203796203	4640.0
11.257185185185186	4890.0
11.191979999999999	4790.0
11.316896	4990.0
11.234011000000001	4860.0
11.24244	4480.0
11.316824	4700.0
11.223018	4810.0
11.366426000000001	4910.0
11.264972	4540.0
11.305120000000001	4610.0
11.319407999999999	4710.0
11.320039999999999	4790.0
11.367293	4790.0
11.31155	4940.0
11.372085999999999	5050.0
11.318453546453547	4570.0
11.42454154154154	4640.0
11.367560000000001	4990.0
11.360475000000001	4880.0
11.445054945054945	4500.0
11.315933933933934	4760.0
11.519748000000002	4660.0
11.382135999999999	4690.0
11.423368	4810.0
11.464627999999999	4040.0
11.419648	4640.0
11.518904000000001	4790.0
11.433299	4940.0
11.498232	4530.0
11.459708000000001	4550.0
11.536084000000001	4860.0
11.515516	4920.0
11.488593406593406	4570.0
11.577072072072072	4170.0
11.451248	5100.0
11.661192	5010.0
11.507170000000002	4600.0
11.547262	4430.0
11.620706	5130.0
11.520628	4550.0
11.681152000000001	4820.0
11.563324	4790.0
11.629415999999999	5240.0
11.614882	4880.0
11.647572	4480.0
11.675718	4930.0
11.623648000000001	4790.0
11.714560000000001	5120.0
11.604692307692309	4520.0
11.785001001001001	4240.0
11.670976	4590.0
11.689858000000001	4830.0
11.800636000000001	4740.0
11.627584000000002	3950.0
11.863173	5130.0
11.707503999999998	4700.0
11.777728	4920.0
11.790213	5440.0
11.770032	4510.0
11.855152	4430.0
11.775216	4270.0
11.865364000000001	4750.0
11.77234	4520.0
11.914954000000002	5350.0
11.842652000000001	4790.0
11.857637362637364	4820.0
11.955395395395396	4850.0
11.754321999999998	4660.0
12.055306	4570.0
11.849831999999999	4900.0
11.943527999999999	4330.0
11.971696	5190.0
11.889838000000001	4650.0
12.045733999999999	4900.0
11.937570000000001	4600.0
12.034803	4760.0
11.96396	4560.0
12.059467999999999	4850.0
12.041112	4700.0
12.034922	4860.0
12.131381999999999	4770.0
11.953228771228771	4900.0
12.228050050050049	4820.0
12.034496000000001	4510.0
12.137705	4760.0
12.208497999999999	4810.0
12.069001999999999	5520.0
12.259656999999999	4760.0
12.162155999999998	4380.0
12.156731999999998	5150.0
12.238221999999999	4340.0
12.206982	4860.0
12.302056	5170.0
12.174950999999998	4690.0
12.316288	4370.0
12.211392000000002	4590.0
12.347337999999999	4980.0
12.344831999999998	4530.0
12.180587412587412	4580.0
12.479531531531531	4800.0
12.207987999999999	4930.0
12.45546	4620.0
12.366674999999999	4830.0
12.300924	4670.0
12.454118000000001	4520.0
12.348737000000002	4570.0
12.490328	4870.0
12.364192000000001	4850.0
12.459792999999999	4770.0
12.41118	4650.0
12.490195999999999	4750.0
12.523824999999999	4750.0
12.364524000000001	4810.0
12.621956000000001	5300.0
12.366130822596631	4550.0
12.640835999999998	4550.0
12.547846000000002	5180.0
12.433086000000001	5450.0
12.660831999999999	5100.0
12.473336	4730.0
12.673885	4740.0
12.552588	4990.0
12.598963999999999	4720.0
12.612466999999999	4610.0
12.626607999999999	4840.0
12.704396000000001	4740.0
12.555966	4500.0
12.771938	4390.0
12.567552000000001	4580.0
12.796813999999999	4560.0
12.740748251748252	4790.0
12.57452	4960.0
12.885797000000002	4730.0
12.604427999999999	4450.0
12.870811999999999	4470.0
12.748077	4390.0
12.741536000000002	4470.0
12.829460000000001	4620.0
12.767355000000002	4620.0
12.899712000000001	4530.0
12.750966000000002	4950.0
12.907501000000002	4480.0
12.767272000000002	5000.0
12.933376000000001	4560.0
12.927261000000001	4930.0
12.759463999999999	4360.0
13.078832167832168	4770.0
12.728949949949952	4870.0
13.064248000000001	4790.0
12.94304	4790.0
12.883336	5220.0
13.046814000000001	5230.0
12.902521999999999	4890.0
13.093873	4860.0
12.956064000000001	4830.0
13.052240000000001	5390.0
12.985973999999999	5020.0
13.074981999999999	4910.0
13.120769999999998	4570.0
12.968916	4770.0
13.223976	4750.0
12.933248000000001	5580.0
13.255419000000002	4350.0
13.154269269269271	4850.0
13.033782	5050.0
13.281301000000001	4970.0
13.054895999999999	4940.0
13.300544	5020.0
13.175738999999998	4700.0
13.21081	4960.0
13.240553999999999	4930.0
13.243856000000001	4560.0
13.354324	4960.0
13.198912000000002	4690.0
13.401084000000001	4860.0
13.210092	4970.0
13.429244000000001	5170.0
13.421975999999999	4870.0
13.209679999999999	4720.0
13.552195804195803	4900.0
13.255915915915915	4840.0
13.530446000000001	5150.0
13.439602000000001	4980.0
13.391784999999999	4530.0
13.514915999999999	4910.0
13.431288	4530.0
13.587035999999999	5410.0
13.444236	4450.0
13.572986	4500.0
13.473051	5060.0
13.594856000000002	4770.0
13.642256	5760.0
13.443499000000001	4670.0
13.757061999999999	4990.0
13.433799999999998	5030.0
13.730276723276722	5080.0
13.676970970970972	5140.0
13.549736000000001	4560.0
13.756199000000001	4750.0
13.598058	5080.0
13.787438	4400.0
13.671036000000001	5220.0
13.730440000000002	4830.0
13.717464	4800.0
13.643372999999999	4970.0
13.846268	4730.0
13.667050000000001	4620.0
13.853793000000001	5500.0
13.825935999999999	4620.0
13.755772	4950.0
13.977844000000001	4940.0
13.685584	4430.0
13.958289710289712	4600.0
13.864882882882883	5250.0
13.877288000000002	4690.0
13.935808000000002	4530.0
13.845690000000001	5040.0
13.989034	5320.0
13.903231999999999	5030.0
14.006469999999998	4910.0
13.900836	4940.0
14.013812	4830.0
14.018426	4300.0
13.947006	4630.0
14.145474000000002	4760.0
13.853044000000001	4920.0
14.154608000000001	4560.0
14.046437562437562	4910.0
14.030656	5310.0
14.153439439439438	5060.0
13.988375999999999	4810.0
14.178401999999998	4620.0
14.086456	4950.0
14.156148	4730.0
14.105371	5560.0
14.144406	4760.0
14.198399999999999	5270.0
14.123447000000001	4680.0
14.280656	5780.0
14.064064	5160.0
14.294780999999999	5280.0
14.233566	5150.0
14.176028000000001	4760.0
14.350864	4570.0
14.130739999999999	5020.0
14.354016983016983	5480.0
14.266610610610611	4760.0
14.301002	4660.0
14.311643999999999	5290.0
14.280255	4630.0
14.386839999999999	4990.0
14.307879999999999	4780.0
14.426306	4950.0
14.273142000000002	4760.0
14.427322	5470.0
14.416956000000001	4470.0
14.343623999999998	5570.0
14.550151999999999	4850.0
14.265759000000001	5260.0
14.538508	5050.0
14.451282000000001	4890.0
14.452486513486512	4760.0
14.520097097097096	5110.0
14.427287999999999	4630.0
14.568807	5370.0
14.494398	5290.0
14.577672000000002	4880.0
14.481106	5110.0
14.577064000000002	4960.0
14.601227999999999	4810.0
14.535774	5120.0
14.702399999999999	5070.0
14.453551999999998	4600.0
14.727172827172829	5080.0
14.632446446446446	5200.0
14.613199999999999	4950.0
14.729086000000001	5040.0
14.576242000000001	5250.0
14.758432567432568	4810.0
14.675852852852852	5180.0
14.741044	5280.0
14.698843999999999	5100.0
14.729963	4460.0
14.790799999999999	4740.0
14.728171999999999	5070.0
14.865416999999999	5110.0
14.672879999999999	5430.0
14.888424000000001	5160.0
14.816387000000001	4880.0
14.786114	5410.0
14.945092000000001	5300.0
14.734359	4440.0
14.957832	4620.0
14.865791999999999	5100.0
14.91824975024975	4800.0
14.916797797797798	4670.0
14.888528000000001	4960.0
14.985288000000001	5040.0
14.922632	4580.0
15.034488000000001	5070.0
14.889085000000001	4750.0
15.049073999999999	5000.0
15.000097999999999	4970.0
14.982636000000001	5250.0
15.151155999999999	5470.0
14.888764	4810.0
15.162744	4670.0
15.03462	4570.0
15.082324	4950.0
15.136946999999999	5100.0
15.047008	4990.0
15.181246753246754	5230.0
15.103048048048048	4490.0
15.20072	5060.0
15.112198000000001	5450.0
15.20101	4980.0
15.192323999999999	5010.0
15.168328000000001	4320.0
15.308581	4570.0
15.082982000000001	5380.0
15.349912	5260.0
15.214979999999999	5060.0
15.251472000000001	5430.0
15.359024	5200.0
15.236943999999999	5020.0
15.333556	5390.0
15.318460000000002	5430.0
15.301714285714286	5040.0
15.355954954954955	4720.0
15.321819999999999	5260.0
15.41352	5260.0
15.317830000000001	4700.0
15.438039999999999	4460.0
15.363897	4910.0
15.418328000000001	4860.0
15.493712	4820.0
15.324174000000001	4800.0
15.544832	5040.0
15.403977999999999	4700.0
15.505718	5310.0
15.513412000000001	5140.0
15.459047999999999	5350.0
15.553980999999999	5290.0
15.496432	5220.0
15.582351648351649	4600.0
15.524734734734736	5410.0
15.595407999999999	4910.0
15.567423999999999	5030.0
15.591346	5290.0
15.660032000000001	4810.0
15.539757999999999	5400.0
15.718494	5190.0
15.58014	4810.0
15.677724	5520.0
15.704512999999999	5180.0
15.629592000000001	5140.0
15.746366000000002	5030.0
15.671215999999999	5510.0
15.755503999999998	5260.0
15.725103999999998	5650.0
15.755326673326673	4850.0
15.759415415415415	5190.0
15.766538000000001	5390.0
15.822851999999999	5590.0
15.750712	5350.0
15.869956	5410.0
15.773039000000001	5690.0
15.861934	4650.0
15.8834	5120.0
15.801130000000001	5190.0
15.933959999999999	5500.0
15.834975999999999	5010.0
15.929533000000001	4910.0
15.913774000000002	5290.0
15.916644	5700.0
15.952933	5580.0
15.938179999999999	4910.0
16.003312687312686	5760.0
15.947768768768768	5660.0
16.033408000000001	5200.0
15.968960000000001	5520.0
16.035786000000002	5430.0
16.067591999999998	5690.0
15.976280000000001	4850.0
16.131579000000002	4890.0
16.01024	5900.0
16.119327999999999	5250.0
16.106535000000001	5150.0
16.087720000000001	5760.0
16.153652000000001	6070.0
16.116604000000002	5130.0
16.186410000000002	5370.0
16.143682000000002	5640.0
16.198475524475526	5260.0
16.17001101101101	5160.0
16.212375999999999	5390.0
16.246995000000002	5230.0
16.182487999999999	5430.0
16.307196000000001	5670.0
16.193386	5460.0
16.303416000000002	5870.0
16.302531999999999	5530.0
16.263238999999999	5520.0
16.347056000000002	5370.0
16.286168	5280.0
16.369464999999998	5290.0
16.334512	5540.0
16.372423999999999	5610.0
16.371770999999999	5450.0
16.394859999999998	5260.0
16.430293706293707	5420.0
16.381321321321323	5140.0
16.483116000000003	5530.0
16.389112000000001	6250.0
16.507216	5090.0
16.487908000000001	5310.0
16.450579999999999	5530.0
16.553681999999998	5700.0
16.458991999999999	5340.0
16.570504	4860.0
16.530110999999998	5650.0
16.55866	5920.0
16.575222	5460.0
16.577949	5370.0
16.627255999999999	5400.0
16.589735999999998	5390.0
16.666891108891111	5930.0
16.586688688688689	5460.0
16.691246	5870.0
16.675661000000002	5120.0
16.650959999999998	5820.0
16.770616	5690.0
16.636876999999998	5100.0
16.778337999999998	5450.0
16.723116000000001	5860.0
16.743742000000001	5730.0
16.782523999999999	5290.0
16.750360000000001	5420.0
16.821296	5550.0
16.786823999999999	5130.0
16.843944	5290.0
16.796140000000001	5550.0
16.831015999999998	5500.0
16.895233766233765	5180.0
16.825149149149148	5850.0
16.917337999999997	5270.0
16.863312000000001	5200.0
16.912218000000003	5440.0
16.945456	5700.0
16.888939999999998	5470.0
16.971546	5770.0
16.934100000000001	5610.0
16.983840000000001	5720.0
16.981370000000002	5280.0
16.992391999999999	5610.0
17.013480000000001	5110.0
17.013945000000003	5240.0
17.059170000000002	5360.0
17.022358000000001	5260.0
17.093856143856144	5810.0
17.050703703703704	5490.0
17.093043999999999	5080.0
17.136181000000001	5520.0
17.069788000000003	5780.0
17.171049999999997	5450.0
17.116167999999998	5320.0
17.181103999999998	5540.0
17.176392	5500.0
17.169875000000001	6060.0
17.219193999999998	5530.0
17.212478000000001	5910.0
17.261528999999999	5120.0
17.229384	5790.0
17.280740000000002	5320.0
17.255185000000001	6070.0
17.298764000000002	5300.0
17.328842157842157	5780.0
17.272477477477477	5700.0
17.379103999999998	5790.0
17.303256000000001	5550.0
17.377141999999999	5640.0
17.381352	5490.0
17.357782	5880.0
17.420378621378621	5750.0
17.393081081081082	6000.0
17.449231999999999	5260.0
17.430551000000001	5610.0
17.465133999999999	5390.0
17.459416000000001	6100.0
17.487943000000001	6350.0
17.521015999999999	6640.0
17.479751999999998	5940.0
17.562202797202797	5800.0
17.499644644644647	5280.0
17.577024000000002	5970.0
17.578240000000001	5710.0
17.553936	5790.0
17.622927999999998	5820.0
17.580050999999997	5420.0
17.644068000000001	5860.0
17.624946000000001	5780.0
17.646349000000001	6000.0
17.657456	5150.0
17.669719999999998	5610.0
17.704898203592816	6080.0
17.67745090180361	5680.0
17.740536000000002	5490.0
17.697509	6050.0
17.761604000000002	5820.0
17.763359640359642	5470.0
17.727957	5700.0
17.82170929070929	5790.0
17.754224224224224	6360.0
17.836119	5370.0
17.820073359073358	6030.0
17.826431535269712	5330.0
17.860489000000001	5290.0
17.852276	5880.0
17.899214000000001	5780.0
17.871618000000002	5440.0
17.925112000000002	5720.0
17.896128000000001	5650.0
17.947121000000003	5590.0
17.96058	6010.0
17.928196	5730.0
18.023739260739262	5640.0
17.941295999999998	5890.0
18.039656000000001	5680.0
18.022071	5840.0
18.018865999999999	5550.0
18.072402	5230.0
18.041249000000001	5770.0
18.100819999999999	5650.0
18.081527999999999	4970.0
18.122282999999999	5470.0
18.110412	5660.0
18.141597999999998	5470.0
18.166522999999998	5660.0
18.142408	5660.0
18.219176000000001	5560.0
18.149370999999999	5410.0
18.247073999999998	5630.0
18.232783783783784	5400.0
18.217464	6040.0
18.287863999999999	6160.0
18.237891999999999	5730.0
18.308412000000001	5370.0
18.292760000000001	5520.0
18.32047	5570.0
18.329034	5910.0
18.340616000000001	5760.0
18.382840000000002	5550.0
18.357272000000002	5300.0
18.424168000000002	5600.0
18.376848000000003	5530.0
18.450244999999999	5330.0
18.455611999999999	5220.0
18.427112000000001	5840.0
18.518065065065066	5200.0
18.449833999999999	5110.0
18.53314	5410.0
18.516285	5290.0
18.516832000000001	5300.0
18.566976	5370.0
18.560780000000001	6080.0
18.595091999999998	5980.0
18.589133999999998	5280.0
18.617948999999999	5860.0
18.630700000000001	6100.0
18.635096000000001	5840.0
18.67909090909091	5270.0
18.642142142142141	5380.0
18.707895999999998	5700.0
18.689216000000002	5380.0
18.715589410589413	5610.0
18.743054054054053	6120.0
18.719327999999997	4980.0
18.770712	5260.0
18.762128000000001	5740.0
18.794225999999998	5510.0
18.796468000000001	5590.0
18.815796000000002	5260.0
18.835892999999999	5970.0
18.845112	5390.0
18.884828000000002	5220.0
18.856780999999998	5510.0
18.919879999999999	5130.0
18.906327999999998	5420.0
18.937524	5490.0
18.975009999999997	5370.0
18.938044955044955	5510.0
19.008407407407407	5780.0
18.98836	5290.0
19.022212	5580.0
19.035101000000001	5470.0
19.038954	5430.0
19.069621999999999	5420.0
19.069986	6040.0
19.103168	5020.0
19.091384000000001	5030.0
19.128610999999999	5560.0
19.127668	5190.0
19.151610000000002	5320.0
19.176997999999998	5830.0
19.144979999999997	5540.0
19.217776000000001	5550.0
19.18875824175824	5790.0
19.227995995995997	5050.0
19.245412000000002	5100.0
19.239315737051793	5600.0
19.285469879518072	5050.0
19.280224	5490.0
19.315453999999999	5480.0
19.308403999999999	5300.0
19.339479999999998	5590.0
19.348254000000001	5240.0
19.36994	5770.0
19.397920000000003	5520.0
19.373653000000001	5630.0
19.434462	5270.0
19.406475999999998	5510.0
19.448931000000002	5320.0
19.463975999999999	5300.0
19.451780219780222	4970.0
19.500329329329329	5500.0
19.491986000000001	5180.0
19.529319999999998	4840.0
19.528701000000002	5280.0
19.547899999999998	5190.0
19.564871999999998	5680.0
19.578330999999999	5800.0
19.611321999999998	5860.0
19.596366	5340.0
19.648866000000002	5070.0
19.629864000000001	4830.0
19.670863999999998	5440.0
19.691964035964038	5500.0
19.66534	4780.0
19.726464	5450.0
19.703307692307693	5020.0
19.743522522522522	4910.0
19.749416	5430.0
19.757256000000002	4850.0
19.781972	5480.0
19.787288	5570.0
19.821811	5240.0
19.807880000000001	4580.0
19.856248000000001	5490.0
19.848085999999999	5420.0
19.882210000000001	5110.0
19.907948000000001	4810.0
19.881529999999998	4910.0
19.957459999999998	4860.0
19.917028000000002	5410.0
19.968363	4970.0
19.978152000000001	5360.0
19.977335664335662	4980.0
20.014866866866864	5100.0
20.008384	5260.0
20.045928	5210.0
20.041581999999998	5620.0
20.070575999999999	5100.0
20.074452000000001	5750.0
20.095032	5230.0
20.12058	5380.0
20.105608	5170.0
20.157738000000002	5310.0
20.131291999999998	5900.0
20.173468	5540.0
20.189131	5060.0
20.180336	4970.0
20.228928	5160.0
20.21105094905095	5630.0
20.257509509509507	5430.0
20.261849999999999	5390.0
20.280265734265736	6200.0
20.299396396396396	5090.0
20.312799999999999	5180.0
20.344861999999999	4880.0
20.340169999999997	5460.0
20.380801999999999	5050.0
20.381962999999999	4970.0
20.400064	5330.0
20.431279999999997	5030.0
20.414988999999998	4650.0
20.463082	4600.0
20.458817999999997	5070.0
20.483954000000001	5010.0
20.49962	5230.0
20.50678221778222	5300.0
20.534815815815815	5180.0
20.540568	5360.0
20.565557999999999	4870.0
20.566255999999999	4780.0
20.594943999999998	4990.0
20.602432	5180.0
20.618974999999999	5060.0
20.643825999999997	4960.0
20.632183999999999	5080.0
20.681438999999997	5130.0
20.667300000000001	5330.0
20.694015999999998	5640.0
20.713777999999998	5560.0
20.712794000000002	5000.0
20.750798	5060.0
20.751533466533466	4870.0
20.785080080080078	5400.0
20.789591999999999	5120.0
20.810980999999998	4610.0
20.825182000000002	4770.0
20.839266000000002	5150.0
20.868473999999999	5530.0
20.860384	5650.0
20.906932000000001	5370.0
20.897098	5060.0
20.928048	5030.0
20.950680000000002	4840.0
20.939223999999999	5320.0
20.984544	5150.0
20.978448	4940.0
21.011293999999999	5140.0
21.021360000000001	4890.0
21.032614385614387	4850.0
21.052846846846847	4630.0
21.063448000000001	5090.0
21.091992000000001	5360.0
21.087418	4710.0
21.121624000000001	5060.0
21.120784	4980.0
21.145559000000002	5050.0
21.172799999999999	5310.0
21.159746772591856	4740.0
21.20498489425982	4680.0
21.195976000000002	5000.0
21.224944000000001	5790.0
21.240772	5100.0
21.2486	5350.0
21.275268000000001	5310.0
21.279214785214783	5130.0
21.307994994994996	5230.0
21.311382000000002	5360.0
21.341045999999999	5140.0
21.347895999999999	5490.0
21.370159999999998	4780.0
21.399813999999999	4950.0
21.386862000000001	5150.0
21.440062000000001	5300.0
21.428899000000001	5140.0
21.461116000000001	5450.0
21.479972	5100.0
21.480388000000001	4940.0
21.517616	5090.0
21.519034000000001	5040.0
21.549043000000001	5160.0
21.559336000000002	5680.0
21.577095904095906	4730.0
21.592014014014016	5120.0
21.607859999999999	5170.0
21.634697999999997	5710.0
21.636265999999999	4880.0
21.671635999999999	5030.0
21.668839999999999	5640.0
21.694433	5200.0
21.719873999999997	5000.0
21.721133999999999	4910.0
21.754479	4460.0
21.752800000000001	4960.0
21.779104	5150.0
21.793486999999999	5150.0
21.805880000000002	5200.0
21.825597999999999	5040.0
21.838453546453547	4700.0
21.862397397397398	5250.0
21.869	5090.0
21.895604000000002	5450.0
21.90099	5500.0
21.923382	5530.0
21.943722000000001	4840.0
21.948968000000001	4830.0
21.979664	5300.0
21.977094000000001	5440.0
22.004186000000001	5720.0
22.022507999999998	4960.0
22.033360000000002	5070.0
22.058768000000001	5160.0
22.066336	4880.0
22.092976	5000.0
22.103876	4970.0
22.12738961038961	5560.0
22.139935999999999	4770.0
22.159297297297297	5420.0
22.183136000000001	5240.0
22.184363000000001	5250.0
22.219796000000002	4870.0
22.217185999999998	4810.0
22.249309690309691	4990.0
22.26726226226226	5000.0
22.275468	4770.0
22.301223	5190.0
22.305118	4990.0
22.329194000000001	5660.0
22.343857	4880.0
22.360992	4970.0
22.380423999999998	5610.0
22.392128871128872	4430.0
22.41934934934935	5150.0
22.421872	5110.0
22.450673000000002	5240.0
22.457891999999998	5120.0
22.475207999999999	4360.0
22.502848	5240.0
22.497952000000002	5250.0
22.531292000000001	5210.0
22.536344	5450.0
22.556343999999999	5230.0
22.573312000000001	4870.0
22.582364000000002	5460.0
22.604461999999998	4990.0
22.61552	5800.0
22.639136000000001	5150.0
22.644435999999999	5500.0
22.668465534465533	5100.0
22.681336336336337	5290.0
22.693788000000001	5080.0
22.720461999999998	5410.0
22.718154999999999	5300.0
22.752191999999997	5510.0
22.759536000000001	4890.0
22.777657000000001	4890.0
22.796334000000002	5480.0
22.804296000000001	5210.0
22.832093999999998	5170.0
22.843415999999998	5210.0
22.867804	5140.0
22.880844	5460.0
22.900070000000003	5400.0
22.915331999999999	5560.0
22.929108891108893	5570.0
22.953794794794796	6020.0
22.961568	5720.0
22.992327	5150.0
22.997946000000002	5480.0
23.020104	5420.0
23.042891000000001	5490.0
23.047676000000003	6300.0
23.075472000000001	5870.0
23.082980000000003	5370.0
23.104602	6030.0
23.119277999999998	6120.0
23.136647999999997	6360.0
23.154655999999999	5870.0
23.168935999999999	5550.0
23.191258999999999	5660.0
23.201709999999999	5870.0
23.225522954091819	5910.0
23.236212424849697	5520.0
23.257504000000001	6160.0
23.27394	6300.0
23.283711	5550.0
23.311	5920.0
23.315836000000001	5470.0
23.340734999999999	6180.0
23.353248000000001	6480.0
23.368032000000003	6140.0
23.388000000000002	6340.0
23.401000000000003	6370.0
23.422983016983018	5790.0
23.434389949748745	6170.0
23.454992000000001	6460.0
23.465268000000002	6280.0
23.485636363636363	6720.0
23.503228228228227	6580.0
23.515405999999999	6310.0
23.539027000000001	6890.0
23.543944	6790.0
23.570495999999999	7050.0
23.582587	6390.0
23.599550000000001	7120.0
23.618326	7200.0
23.629114000000001	6760.0
23.649519999999999	6760.0
23.661708000000001	6820.0
23.681317	6620.0
23.693567999999999	7200.0
23.711238000000002	6990.0
23.727997000000002	7320.0
23.738488	7480.0
23.76595804195804	7120.0
23.768041041041041	7330.0
23.794308000000001	7330.0
23.808688	7620.0
23.819873999999999	7810.0
23.842848	7600.0
23.853452000000001	7650.0
23.877746000000002	7490.0
23.889814000000001	7480.0
23.907048	8120.0
23.923058000000001	7970.0
23.941168000000001	8060.0
23.960871999999998	8400.0
23.972190000000001	8440.0
23.996113999999999	8230.0
24.001154	8210.0
24.028242757242758	8200.0
24.040719719719721	8570.0
24.053007999999998	8390.0
24.080494999999999	9130.0
24.08905	9180.0
24.113163999999998	8280.0
24.126600999999997	8840.0
24.143207999999998	9160.0
24.162416	9820.0
24.175933000000001	9190.0
24.197046	9340.0
24.208454	9580.0
24.228724999999997	9990.0
24.240660000000002	9530.0
24.261900000000001	10160.0
24.277308000000001	10250.0
24.287298	10610.0
24.311640359640361	10220.0
24.322686000000001	9600.0
24.338576	9900.0
24.359704000000001	10560.0
24.368496999999998	10370.0
24.389925999999999	10730.0
24.403758	10400.0
24.421866999999999	11480.0
24.437460000000002	11410.0
24.451675999999999	11760.0
24.470285000000001	11430.0
24.485547999999998	11940.0
24.505665999999998	12330.0
24.515854000000001	12350.0
24.536184000000002	11890.0
24.551168000000001	12510.0
24.565972027972027	11850.0
24.58962	12760.0
24.601141999999999	12530.0
24.618456999999999	13320.0
24.633788000000003	14030.0
24.653372000000001	13650.0
24.668410999999999	13780.0
24.683724000000002	14570.0
24.701060000000002	14360.0
24.713965999999999	14010.0
24.733903999999999	15250.0
24.746176000000002	15160.0
24.765457000000001	14620.0
24.777576	14940.0
24.792290000000001	15320.0
24.812030999999998	15510.0
24.821251748251751	14780.0
24.842975975975975	16440.0
24.856946000000001	16720.0
24.872433999999998	16840.0
24.888389221556885	17580.0
24.901553106212425	16780.0
24.918527999999998	18280.0
24.932207999999999	18410.0
24.950823	17760.0
24.964237999999998	18850.0
24.98415	20510.0
24.997962999999999	20590.0
25.013124000000001	19690.0
25.031212	20470.0
25.042090999999999	18960.0
25.064164000000002	21140.0
25.075441558441558	20620.0
25.09384984984985	21440.0
25.114367999999999	22250.0
25.127616	22400.0
25.149953	22720.0
25.161840000000002	23470.0
25.182308000000003	23670.0
25.198627999999999	23900.0
25.217236	24600.0
25.23396	25410.0
25.249862	25440.0
25.268273999999998	25060.0
25.282432	26380.0
25.303677999999998	26660.0
25.312472	27630.0
25.336424000000001	27920.0
25.351389999999999	28370.0
25.36324175824176	29090.0
25.383990990990991	29990.0
25.394037999999998	28670.0
25.415672000000001	28970.0
25.430204	31550.0
25.445637000000001	31710.0
25.462855999999999	31620.0
25.478466000000001	32620.0
25.497744000000001	34440.0
25.510719999999999	32070.0
25.530192	34100.0
25.543990000000001	35680.0
25.561516000000001	37280.0
25.578816	35410.0
25.590879000000001	36230.0
25.616416000000001	37790.0
25.626665334665333	37450.0
25.650029029029028	38410.0
25.665936000000002	38430.0
25.679649999999999	40320.0
25.699952	40660.0
25.714935999999998	41670.0
25.734944000000002	43600.0
25.747031	44650.0
25.767172000000002	42770.0
25.781801999999999	42660.0
25.799728999999999	44390.0
25.819616	45890.0
25.832636000000001	45560.0
25.855596999999999	47440.0
25.866042	47890.0
25.887990000000002	48550.0
25.903419	50170.0
25.917603396603397	48890.0
25.939042042042043	52070.0
25.951060999999999	51860.0
25.970493999999999	51350.0
25.985014	52890.0
26.00018	53590.0
26.015148	54390.0
26.031084	55150.0
26.049883000000001	55680.0
26.063382000000001	56790.0
26.084172000000002	56110.0
26.092445000000001	58200.0
26.112020979020979	57730.0
26.128223999999999	59480.0
26.143422000000001	59570.0
26.161135999999999	58860.0
26.171704295704295	60930.0
26.190828828828828	59910.0
26.206655999999999	61360.0
26.219524	64120.0
26.237884999999999	61680.0
26.254874000000001	60920.0
26.271789999999999	61220.0
26.285139000000001	64120.0
26.303240000000002	63160.0
26.316759999999999	62770.0
26.33578	63680.0
26.352529999999998	63400.0
26.366558000000001	64100.0
26.388319000000003	64680.0
26.400656000000001	64410.0
26.419652000000003	65160.0
26.436847	62920.0
26.452070929070928	61680.0
26.469834834834835	64180.0
26.486362	63640.0
26.504552	63420.0
26.519968000000002	61910.0
26.537980000000001	62160.0
26.55593	60800.0
26.57189	60890.0
26.590990999999999	59880.0
26.604372000000001	59130.0
26.624320000000001	57910.0
26.638726999999999	57690.0
26.656545999999999	57950.0
26.670272000000001	57860.0
26.684211000000001	56490.0
26.703479999999999	56280.0
26.719435564435564	55640.0
26.737167167167168	56660.0
26.754642	55140.0
26.771205999999999	56590.0
26.787490000000002	55110.0
26.802404000000003	56500.0
26.822520000000001	56800.0
26.835651000000002	57330.0
26.854040000000001	55320.0
26.867526000000002	55670.0
26.883864000000003	56200.0
26.901864	54610.0
26.916063999999999	54820.0
26.936023000000002	54910.0
26.953911999999999	55340.0
26.970689999999998	54550.0
26.985707999999999	54260.0
27.001804195804194	55090.0
27.01978978978979	54200.0
27.034981999999999	52600.0
27.054116	52840.0
27.069512000000003	53380.0
27.087780000000002	51940.0
27.102271999999999	50850.0
27.120504	48090.0
27.140701	45430.0
27.151478000000001	46550.0
27.176077999999997	44630.0
27.190242000000001	43820.0
27.209112000000001	43640.0
27.225351999999997	39170.0
27.241216000000001	37830.0
27.262219999999999	34350.0
27.275941058941058	32660.0
27.295968968968968	30180.0
27.313655999999998	29390.0
27.331520000000001	28750.0
27.349585000000001	27160.0
27.366232	26960.0
27.386319999999998	26940.0
27.400948	26080.0
27.420839999999998	24320.0
27.436384	25040.0
27.452323000000003	24300.0
27.470230000000001	23810.0
27.486920000000001	23460.0
27.506498007968126	22960.0
27.521381526104417	23890.0
27.541376	22340.0
27.557580419580422	22440.0
27.57522922922923	23080.0
27.592837999999997	22160.0
27.608423999999999	21220.0
27.625432	22040.0
27.641740000000002	21060.0
27.662359000000002	20580.0
27.677104000000003	20810.0
27.694401999999997	21550.0
27.709566000000002	20450.0
27.725576	20140.0
27.744152000000003	21370.0
27.757385000000003	20490.0
27.773996	19950.0
27.792003999999999	19950.0
27.808630999999998	19240.0
27.825944	19600.0
27.84155944055944	19670.0
27.858001001001	19450.0
27.875437999999999	19650.0
27.892990000000005	19170.0
27.908206	20250.0
27.927047999999999	18990.0
27.942983999999999	18890.0
27.958785000000002	19110.0
27.975711999999998	19120.0
27.988827999999998	18770.0
28.007853000000001	19430.0
28.025064	19730.0
28.039011999999996	18630.0
28.056784	18790.0
28.074154	18180.0
28.090964	19380.0
28.107304695304695	17890.0
28.123721721721722	18310.0
28.140471999999999	19200.0
28.156506	18890.0
28.173613999999997	18140.0
28.190089999999998	18310.0
28.207773	18090.0
28.223047999999999	16520.0
28.239936000000004	19120.0
28.258708000000002	18290.0
28.272318000000002	18960.0
28.291604	18870.0
28.306486	17710.0
28.321991999999998	16760.0
28.338639999999998	17810.0
28.355902	18700.0
28.373028000000001	17290.0
28.389612387612388	19100.0
28.408315315315313	18480.0
28.425380000000001	17730.0
28.442095999999999	18300.0
28.455009	17410.0
28.470230000000001	16690.0
28.490919999999999	17320.0
28.506188999999999	17910.0
28.528008	17980.0
28.542767999999999	18140.0
28.557383000000002	17900.0
28.574929999999998	17820.0
28.591867999999998	18210.0
28.609057	18240.0
28.624683999999998	17790.0
28.641224000000001	18410.0
28.657254745254747	17230.0
28.67619119119119	17960.0
28.692177999999998	19100.0
28.707535	17560.0
28.726807999999998	18430.0
28.740751999999997	17440.0
28.758303000000002	17700.0
28.775351999999998	17080.0
28.792289999999998	18270.0
28.808532999999997	17410.0
28.826180000000001	17720.0
28.841864000000001	18110.0
28.857762999999998	18460.0
28.875834000000001	17770.0
28.893922	18330.0
28.912521999999999	19290.0
28.927512	18090.0
28.943140859140858	18220.0
28.959062062062063	17700.0
28.976293999999999	17720.0
28.994381999999998	18540.0
29.008816999999997	17740.0
29.025552000000005	18240.0
29.041611999999997	17400.0
29.059781999999998	17680.0
29.077944000000002	17830.0
29.091616000000002	17680.0
29.108335	18750.0
29.124631999999998	18380.0
29.141656000000001	18540.0
29.157227000000002	18330.0
29.173756000000001	18000.0
29.191696	17550.0
29.20668831168831	18940.0
29.224171171171172	18510.0
29.241736	18750.0
29.258744000000004	18630.0
29.273907999999999	18760.0
29.291762000000002	18650.0
29.308588	19120.0
29.322016000000001	17720.0
29.340992	19310.0
29.358584999999998	18930.0
29.375435999999997	18260.0
29.39349	18950.0
29.409006000000002	18050.0
29.425363999999998	18630.0
29.442339999999998	18570.0
29.458904	18440.0
29.47523	19330.0
29.492669330669329	19350.0
29.508323323323324	19240.0
29.527568000000002	18780.0
29.543103999999996	19060.0
29.557986	19000.0
29.577929999999999	17460.0
29.594016	19280.0
29.611401999999998	19020.0
29.629275999999997	18920.0
29.644688000000002	19400.0
29.662305999999997	19010.0
29.678514	19980.0
29.696601999999999	19360.0
29.712966000000002	19340.0
29.729112000000001	19000.0
29.746832000000001	19590.0
29.761857142857142	19890.0
29.779792792792794	18890.0
29.795403999999998	20200.0
29.815031000000001	18900.0
29.832156000000001	19210.0
29.846443999999998	19070.0
29.866223999999999	18990.0
29.882828	19500.0
29.899054	19950.0
29.917934999999996	20030.0
29.934272	20310.0
29.950384	19350.0
29.966823000000002	20830.0
29.984894000000001	19550.0
29.999751999999997	20550.0
30.017471	19690.0
30.033808000000001	20410.0
30.052032967032968	20220.0
30.069382382382379	19220.0
30.086392000000004	19440.0
30.104416000000001	20390.0
30.121512999999997	20500.0
30.139127999999999	20740.0
30.154672000000001	20090.0
30.171626999999997	19990.0
30.186471999999998	19950.0
30.204308000000005	20560.0
30.221566000000003	20020.0
30.236979999999999	21090.0
30.255323999999998	20440.0
30.272884999999999	20560.0
30.288830000000001	20690.0
30.307933999999999	21430.0
30.323874125874127	20520.0
30.34059059059059	21950.0
30.355664000000001	21450.0
30.371663000000002	21920.0
30.389631999999999	21600.0
30.406822000000002	20910.0
30.424206000000002	21940.0
30.439088000000002	21310.0
30.455051999999998	21380.0
30.472285000000003	20830.0
30.488712	20940.0
30.504097999999999	21230.0
30.519134999999999	22130.0
30.536424	21290.0
30.552303999999999	20800.0
30.566387000000002	21500.0
30.581930000000003	22030.0
30.599726273726272	21350.0
30.616823823823822	22200.0
30.630936000000002	21810.0
30.649624000000003	22210.0
30.664684999999999	20670.0
30.680630000000001	21610.0
30.696284000000002	22450.0
30.711535000000001	21160.0
30.727479999999996	21330.0
30.743936000000001	21850.0
30.760944000000002	21350.0
30.775463999999999	21780.0
30.793033999999999	22440.0
30.808736999999997	22910.0
30.825804000000002	21780.0
30.843891999999997	22160.0
30.860070929070925	22660.0
30.878025999999998	22520.0
30.892121999999997	22000.0
30.909677000000002	23550.0
30.924071999999999	22650.0
30.940839999999998	22580.0
30.956465999999999	23050.0
30.972494000000001	23070.0
30.989243999999999	22140.0
31.004635	23220.0
31.021152000000001	23640.0
31.036904	23360.0
31.055979999999998	22840.0
31.071143999999997	22360.0
31.085564000000002	23370.0
31.100445999999998	22540.0
31.116279999999996	23250.0
31.133255255255257	23080.0
31.151105999999999	23120.0
31.166414	23670.0
31.184089999999998	23120.0
31.200841999999998	23550.0
31.219311999999999	23260.0
31.235543999999997	24630.0
31.252262000000002	23100.0
31.269308000000002	23430.0
31.285962000000001	23660.0
31.304033	23870.0
31.319967999999999	22940.0
31.337968	24200.0
31.354585	23250.0
31.369628000000002	23590.0
31.389354000000001	22830.0
31.40544844844845	25110.0
31.422656	23160.0
31.441808000000002	24080.0
31.459844155844156	24760.0
31.474781781781783	24450.0
31.492882000000002	24010.0
31.510134999999998	24040.0
31.527024000000001	24200.0
31.544040000000003	24320.0
31.560584000000002	24110.0
31.578254000000001	25050.0
31.596342	24450.0
31.614413000000003	25150.0
31.629076000000001	24020.0
31.646572000000003	25780.0
31.664642999999998	25820.0
31.682629370629371	25760.0
31.698576576576578	25050.0
31.714704000000005	25380.0
31.731944000000002	24350.0
31.749435564435561	25830.0
31.766808808808808	26370.0
31.785330000000002	25360.0
31.801289999999998	25680.0
31.818332999999999	25080.0
31.835791999999998	25790.0
31.854843999999996	25610.0
31.871345999999999	25840.0
31.888634000000003	25480.0
31.905856	25290.0
31.924722000000003	26340.0
31.940880000000003	25680.0
31.95706293706294	25640.0
31.976771771771773	25050.0
31.992730000000002	26290.0
32.008936000000006	26070.0
32.026561999999998	27400.0
32.046067999999998	26210.0
32.062795999999999	26730.0
32.077483000000001	25590.0
32.096116000000002	26090.0
32.114015999999999	26610.0
32.130334999999995	26000.0
32.148536	27880.0
32.165239999999997	26730.0
32.186458999999999	26200.0
32.202188	27040.0
32.219090000000001	26730.0
32.235173000000003	26960.0
32.25310989010989	25870.0
32.270123123123128	26270.0
32.287402999999998	26480.0
32.305152	27370.0
32.321404000000001	27120.0
32.337184000000001	27060.0
32.354703999999998	27370.0
32.373367999999999	27680.0
32.390585000000002	27650.0
32.406530000000004	28630.0
32.421723999999998	28280.0
32.439921999999996	27780.0
32.455488000000003	26910.0
32.474208000000004	26630.0
32.490304000000002	27120.0
32.50723	27870.0
32.52333366633367	27310.0
32.539914914914917	27500.0
32.555351999999999	27620.0
32.571704000000004	27510.0
32.587783000000002	27560.0
32.605854000000001	28350.0
32.622363999999997	27860.0
32.637834999999995	27330.0
32.653128000000002	27320.0
32.670888000000005	28900.0
32.687685000000002	28250.0
32.704472000000003	28450.0
32.718778	26750.0
32.736473000000004	27120.0
32.751415999999999	27970.0
32.765728000000003	28550.0
32.784543999999997	28560.0
32.801326673326678	28230.0
32.816993993993997	28020.0
32.833281999999997	27610.0
32.851179999999999	27950.0
32.867615999999998	28590.0
32.883006999999999	29210.0
32.901040000000002	27150.0
32.920321999999999	28400.0
32.936935000000005	28790.0
32.953672000000005	27170.0
32.968983999999999	28170.0
32.986623000000002	27250.0
33.00273	29560.0
33.019597999999995	29470.0
33.034179999999999	29040.0
33.054408000000002	29110.0
33.069772227772226	27750.0
33.086772772772775	28390.0
33.102705999999998	28540.0
33.117815999999998	29300.0
33.135313000000004	28970.0
33.152279999999998	28900.0
33.167624000000004	27750.0
33.183185000000002	28630.0
33.199871999999999	27940.0
33.215284000000004	28750.0
33.231904	29020.0
33.247980000000005	30200.0
33.264935999999999	29090.0
33.284002999999998	28460.0
33.301586	29180.0
33.31579	28110.0
33.331984000000006	29240.0
33.3492987012987	30020.0
33.366994005994002	29420.0
33.382233532934137	29170.0
33.399000000000001	29490.0
33.414659999999998	28200.0
33.432209	28380.0
33.448304	29200.0
33.466363999999999	28160.0
33.480827999999995	29120.0
33.500639999999997	30380.0
33.516244	29170.0
33.533162000000004	29580.0
33.552008000000001	29580.0
33.567175999999996	28710.0
33.583587000000001	29060.0
33.598453999999997	28790.0
33.61621078921079	28840.0
33.633214214214213	30430.0
33.64978	28840.0
33.667804000000004	30370.0
33.685106000000005	28270.0
33.700630000000004	29680.0
33.716589999999997	30020.0
33.734842	29730.0
33.751283464566924	30160.0
33.767414634146341	29370.0
33.785302999999999	28530.0
33.799396000000002	29320.0
33.818548	29930.0
33.836936999999999	29870.0
33.851391999999997	30180.0
33.868415999999996	29890.0
33.885763000000004	29370.0
33.903827172827171	29990.0
33.921912912912916	29410.0
33.93629	28890.0
33.952840000000002	28980.0
33.970184000000003	29690.0
33.987942000000004	28840.0
34.006293999999997	27960.0
34.022689999999997	29510.0
34.039543999999999	29230.0
34.054608000000002	29080.0
34.075540000000004	29590.0
34.091485000000006	29730.0
34.107267999999998	28910.0
34.123294000000001	28020.0
34.142913	29980.0
34.16028	30520.0
34.176649350649349	30090.0
34.193655655655654	28590.0
34.210129999999999	30490.0
34.226695999999997	29780.0
34.243034999999999	28850.0
34.259712	30320.0
34.277532000000001	30290.0
34.297320999999997	29410.0
34.315674000000001	28970.0
34.328831999999998	28860.0
34.348881999999996	29010.0
34.36768	29660.0
34.383464000000004	29820.0
34.399540999999999	28940.0
34.418832000000002	28600.0
34.435856000000001	28250.0
34.452435000000001	28690.0
34.470338661338658	29280.0
34.487777777777779	30750.0
34.505141999999999	29630.0
34.524276	29540.0
34.542681999999999	28930.0
34.559944000000002	27900.0
34.577824	29510.0
34.59404	29500.0
34.611983000000002	28780.0
34.627991999999999	29230.0
34.645394000000003	28340.0
34.664834999999997	28910.0
34.680779999999999	28700.0
34.696739999999998	29300.0
34.713822	29690.0
34.730746000000003	28600.0
34.747098901098902	29600.0
34.765665665665665	29000.0
34.781848000000004	28590.0
34.798832000000004	28930.0
34.816902999999996	28940.0
34.833329999999997	28600.0
34.851061999999999	29780.0
34.865336999999997	27690.0
34.884180000000001	27130.0
34.90014	29050.0
34.916363000000004	29240.0
34.933625999999997	28780.0
34.948788	28130.0
34.967593000000001	28300.0
34.984487999999999	28810.0
34.999839999999999	27870.0
35.015785000000001	28910.0
35.033465534465535	28390.0
35.05003	28310.0
35.067756756756758	27610.0
35.084580000000003	28930.0
35.099703999999996	27530.0
35.119081000000001	29280.0
35.132544000000003	28880.0
35.153416	28290.0
35.170245999999999	28180.0
35.185583999999999	27780.0
35.203456000000003	27950.0
35.220742999999999	27770.0
35.237787999999995	27740.0
35.253495999999998	27250.0
35.270972999999998	28890.0
35.287447999999998	27370.0
35.304121878121876	26280.0
35.320879879879882	28190.0
35.339717999999998	27950.0
35.356003999999999	28020.0
35.370037000000004	27220.0
35.389327999999999	27650.0
35.408567999999995	27030.0
35.424663000000002	26750.0
35.442632000000003	26500.0
35.459490000000002	27850.0
35.475435000000004	26310.0
35.491672000000001	28270.0
35.509052000000004	27840.0
35.527542000000004	25820.0
35.544266	26740.0
35.559736000000001	26550.0
35.576135000000001	26390.0
35.592741258741256	26370.0
35.6083003003003	27540.0
35.624783999999998	27570.0
35.64431274900398	26310.0
35.660885542168671	26000.0
35.677823999999994	26670.0
35.692936000000003	27440.0
35.711855999999997	26980.0
35.729579999999999	28010.0
35.749630000000003	26330.0
35.764977999999999	27270.0
35.780273000000001	25120.0
35.798344	25700.0
35.815936000000001	27400.0
35.831826	26080.0
35.848573999999999	26960.0
35.865279720279716	27350.0
35.884226226226225	25620.0
35.901180000000004	26620.0
35.919767999999998	26250.0
35.936084999999999	25940.0
35.952025999999996	26170.0
35.966254000000006	25890.0
35.985548000000001	25990.0
35.999072000000005	25190.0
36.016607999999998	26190.0
36.034784999999999	26460.0
36.050730000000001	26300.0
36.068028000000005	25980.0
36.085635000000003	25620.0
36.103296	25240.0
36.121175999999998	25730.0
36.138172827172831	25600.0
36.15366466466466	25790.0
36.172694	25640.0
36.190224000000001	24900.0
36.20628	26540.0
36.225208000000002	25900.0
36.239183816183818	24280.0
36.255540540540544	26090.0
36.274501999999998	25590.0
36.291765999999996	25220.0
36.307644000000003	24440.0
36.325336	25120.0
36.341884999999998	26380.0
36.358874	25230.0
36.374617999999998	25520.0
36.391682000000003	24630.0
36.409392000000004	24600.0
36.426403596403595	24800.0
36.443421421421419	24160.0
36.458627999999997	25320.0
36.477388000000005	24160.0
36.496348000000005	24920.0
36.509656	25170.0
36.528321428571431	23780.0
36.54461592741935	25150.0
36.562511999999998	23880.0
36.578843999999997	25560.0
36.595362000000002	25810.0
36.614496000000003	23970.0
36.630968000000003	24690.0
36.646583999999997	24220.0
36.664254	24240.0
36.681615999999998	23560.0
36.697034965034966	23760.0
36.715333333333334	25010.0
36.733572000000002	24770.0
36.748706000000006	23860.0
36.769461999999997	23780.0
36.781908000000001	24030.0
36.800873000000003	24250.0
36.819175999999999	24720.0
36.837440000000001	24330.0
36.854461999999998	23250.0
36.872329999999998	24660.0
36.888289999999998	23450.0
36.905332999999999	23870.0
36.924015999999995	25150.0
36.940463999999999	23870.0
36.957563	22780.0
36.975633999999999	23130.0
36.990246753246751	24170.0
37.005933933933932	24360.0
37.024856	24440.0
37.041895999999994	23770.0
37.059023000000003	23860.0
37.077093999999995	22430.0
37.093705999999997	22980.0
37.108798	22240.0
37.129580000000004	22440.0
37.145540000000004	22340.0
37.162982	22780.0
37.179305999999997	21740.0
37.198146000000001	22960.0
37.215646	22770.0
37.233536000000001	23080.0
37.250239999999998	21980.0
37.265293706293711	22730.0
37.28395495495495	22740.0
37.298114000000005	22390.0
37.318173000000002	22550.0
37.335848000000006	22970.0
37.351331999999999	21670.0
37.369143999999999	21590.0
37.386152000000003	23100.0
37.403948	22070.0
37.420836999999999	21420.0
37.43824	22470.0
37.455488000000003	20910.0
37.471862999999999	22280.0
37.489232000000001	21680.0
37.504724000000003	21640.0
37.522922000000001	20940.0
37.539379999999994	21290.0
37.554370629370631	23000.0
37.572380000000003	21700.0
37.593066	21960.0
37.607481999999997	21870.0
37.624716999999997	20900.0
37.639623999999998	21890.0
37.658048000000001	22110.0
37.676783	21110.0
37.693929999999995	20410.0
37.710416000000002	20800.0
37.725657000000005	21990.0
37.740780000000001	21280.0
37.758888000000006	20720.0
37.775685000000003	20530.0
37.791629999999998	21510.0
37.809401999999999	20970.0
37.826488511488513	21160.0
37.842543999999997	19890.0
37.860437125748504	20770.0
37.876359719438881	20780.0
37.893218000000005	20190.0
37.912004000000003	20260.0
37.926536999999996	21240.0
37.941592	19990.0
37.960043999999996	19790.0
37.977007	20290.0
37.993835999999995	19000.0
38.011656000000002	20060.0
38.027206	20830.0
38.044463999999998	19690.0
38.060839999999999	20000.0
38.080461	19330.0
38.095747999999993	20480.0
38.110810810810811	19210.0
38.129525999999998	19180.0
38.144924000000003	19310.0
38.162768463073853	19880.0
38.179463927855707	19040.0
38.195791999999997	19460.0
38.212816000000004	19500.0
38.231290999999999	18450.0
38.248176000000001	19150.0
38.264471999999998	20140.0
38.282542999999997	18780.0
38.299872000000001	18910.0
38.315283999999998	19500.0
38.330165999999998	19090.0
38.350639999999999	19720.0
38.364948000000005	19230.0
38.383754754754754	19280.0
38.398074000000001	19300.0
38.415603999999995	18270.0
38.431482000000003	18360.0
38.449368	19120.0
38.465768000000004	19120.0
38.483584999999998	18750.0
38.49953	18620.0
38.516621999999998	19070.0
38.534064000000001	18520.0
38.551763999999999	18000.0
38.567583999999997	17820.0
38.584104000000004	17430.0
38.601112000000001	17650.0
38.617190000000001	19100.0
38.635143999999997	18670.0
38.652222777222782	19020.0
38.669621621621623	18030.0
38.683979999999998	17170.0
38.703406000000001	19530.0
38.718541999999999	18610.0
38.735445999999996	17440.0
38.752136	17310.0
38.769739999999999	18070.0
38.786842999999998	17140.0
38.801703999999994	17360.0
38.818708000000001	17770.0
38.834766000000002	18160.0
38.853808000000001	17580.0
38.869544000000005	17910.0
38.888262000000005	17110.0
38.905307999999998	18070.0
38.92037462537462	18110.0
38.937222222222225	17790.0
38.953392000000001	16910.0
38.970692	17310.0
38.988424000000002	17410.0
39.006236000000001	17270.0
39.024456000000001	16080.0
39.040405999999997	16870.0
39.054103999999995	18040.0
39.073432000000004	17290.0
39.089628000000005	17810.0
39.105512000000004	17120.0
39.122536000000004	17180.0
39.137726000000001	16470.0
39.158439999999999	17150.0
39.173576000000004	15560.0
39.190584000000001	16340.0
39.207589410589406	16240.0
39.224603603603605	16870.0
39.241624000000002	15570.0
39.258983999999998	15760.0
39.275408000000006	16920.0
39.290664	15940.0
39.308214	16560.0
39.325696000000001	15540.0
39.343373	16030.0
39.358516000000002	16320.0
39.377124000000002	16000.0
39.393026000000006	16310.0
39.411595999999996	16020.0
39.427789999999995	15810.0
39.445784000000003	16160.0
39.462904000000002	15970.0
39.48046153846154	15290.0
39.496050050050052	15900.0
39.513832000000001	16310.0
39.531222	15570.0
39.548006000000001	15210.0
39.564363999999998	15030.0
39.581896	15820.0
39.597666000000004	15220.0
39.615957999999999	14120.0
39.630206000000001	15080.0
39.649180000000001	15510.0
39.665208	14490.0
39.680104	14760.0
39.701979000000001	15810.0
39.717116000000004	14280.0
39.735764000000003	15730.0
39.751024000000001	14190.0
39.767776223776224	14230.0
39.784990990990991	13860.0
39.803305999999999	15130.0
39.820397999999997	14950.0
39.838084000000002	14000.0
39.853535000000001	15190.0
39.870111999999999	14250.0
39.88644	13980.0
39.903143999999998	15020.0
39.921781218781213	14640.0
39.937402402402405	13720.0
39.953234999999999	14370.0
39.970216000000001	14860.0
39.989215999999999	14600.0
40.006223999999996	14720.0
40.023232	14060.0
40.039454545454547	13170.0
40.055566566566569	13720.0
40.07488	14220.0
40.091752	14340.0
40.109822999999999	14290.0
40.126148000000001	13850.0
40.142336	14170.0
40.160052999999998	14130.0
40.175808000000004	14250.0
40.193211999999995	14170.0
40.210384000000005	14160.0
40.228353999999996	14010.0
40.24539	14090.0
40.261513000000001	13630.0
40.279266401590455	13540.0
40.296221105527636	14220.0
40.315617617617619	13700.0
40.32978321678322	13650.0
40.344675675675674	13440.0
40.361910999999999	13490.0
40.379448000000004	13410.0
40.396121878121882	14080.0
40.414197197197197	13620.0
40.430107999999997	13070.0
40.447361999999998	14110.0
40.464584000000002	13040.0
40.483415999999998	13940.0
40.498664000000005	12690.0
40.514741000000001	13400.0
40.534326	13870.0
40.548988000000001	12530.0
40.567664000000001	14220.0
40.583503999999998	12740.0
40.599112887112888	12460.0
40.618694694694696	12440.0
40.635711999999998	12810.0
40.652189999999997	13410.0
40.669353000000001	12420.0
40.684736000000001	12590.0
40.702247999999997	13140.0
40.720582999999998	12060.0
40.736929999999994	12580.0
40.754742	13430.0
40.770834999999998	14070.0
40.788831999999999	12710.0
40.805972000000004	12510.0
40.823684999999998	11910.0
40.839872	12360.0
40.856895999999999	12290.0
40.874204747774485	13130.0
40.89180404040404	12830.0
40.909423423423426	11970.0
40.92525974025974	11230.0
40.942155688622755	12610.0
40.959275827482443	11880.0
40.974485999999999	11900.0
40.992616000000005	12510.0
41.008263999999997	12270.0
41.027841000000002	11470.0
41.045017000000001	11260.0
41.063041041041039	12460.0
41.079548000000003	12070.0
41.093648000000002	11410.0
41.112839999999998	12200.0
41.129104000000005	12020.0
41.14573	11530.0
41.162574425574427	11360.0
41.181134865134865	11680.0
41.198567134268536	11200.0
41.21454	11270.0
41.233280999999998	12340.0
41.249657342657343	11370.0
41.266213213213213	11220.0
41.283223999999997	11880.0
41.297376	12130.0
41.319195195195199	11990.0
41.333421999999999	11450.0
41.352414000000003	11950.0
41.369678	11050.0
41.384304	11670.0
41.401643999999997	12420.0
41.420127999999998	11280.0
41.437878121878121	11130.0
41.454335999999998	10830.0
41.471360000000004	10860.0
41.487071999999998	10880.0
41.505509000000004	11030.0
41.525725000000001	11170.0
41.543407999999999	10940.0
41.556812000000001	10490.0
41.574388611388613	10820.0
41.590476476476482	11700.0
41.608469061876249	11290.0
41.625158158158158	11340.0
41.640927927927926	11700.0
41.659511999999999	11490.0
41.677227999999999	10730.0
41.695128871128873	10250.0
41.711072072072071	10220.0
41.728102897102893	10730.0
41.744969999999995	10650.0
41.761575999999998	10770.0
41.779325	10780.0
41.796607999999999	10770.0
41.812764999999999	10600.0
41.830539460539462	11490.0
41.846669669669673	9940.0
41.863697000000002	10750.0
41.881575000000005	9970.0
41.898023999999999	10510.0
41.917157999999993	10290.0
41.935130000000001	10030.0
41.950364635364636	10250.0
41.966306306306308	10550.0
41.984699999999997	10090.0
42.002671999999997	9650.0
42.018766233766236	10180.0
42.036458000000003	10120.0
42.051590590590592	10750.0
42.070219000000002	9950.0
42.088675648702598	10700.0
42.10398997995992	9540.0
42.120856000000003	10070.0
42.13798901098901	10430.0
42.156873873873877	9510.0
42.173715000000001	9670.0
42.189920000000001	9980.0
42.206923076923076	9810.0
42.223550000000003	9840.0
42.240811999999998	9600.0
42.258454999999998	9320.0
42.27438323353293	10160.0
42.290951999999997	9940.0
42.310001998002001	9620.0
42.327952000000003	9590.0
42.343376753507009	9400.0
42.359153153153152	10260.0
42.377919999999996	10970.0
42.393076000000001	9510.0
42.413072	9560.0
42.430079999999997	9800.0
42.447298000000004	9770.0
42.465107892107888	9270.0
42.482747747747744	9930.0
42.500375999999996	9620.0
42.516151999999998	9220.0
42.534179999999999	9920.0
42.551609999999997	9710.0
42.568191999999996	9620.0
42.585188811188814	9070.0
42.602195804195809	8950.0
42.618387387387386	8950.0
42.636128128128128	9700.0
42.65231	9090.0
42.671240240240238	8520.0
42.687600000000003	8560.0
42.708157842157846	9190.0
42.72367532467532	9030.0
42.738565130260518	9100.0
42.756343999999999	8790.0
42.773749000000002	9530.0
42.792271728271729	9130.0
42.810899899899901	9200.0
42.826630999999999	8370.0
42.844349999999999	9390.0
42.863113772455094	9250.0
42.880412412412412	9130.0
42.896585000000002	9280.0
42.910739	8650.0
42.928422000000005	9050.0
42.945521999999997	8640.0
42.964395000000003	8980.0
42.980337662337661	9210.0
42.996709709709712	9150.0
43.015093999999998	8570.0
43.033535999999998	8470.0
43.050134999999997	8090.0
43.065621999999998	8150.0
43.08372	8060.0
43.099589000000002	8760.0
43.115922077922079	8690.0
43.134337337337342	8630.0
43.152399600399598	7970.0
43.169632	8230.0
43.187555000000003	8000.0
43.203670000000002	7880.0
43.219816999999999	7870.0
43.239588411588414	8440.0
43.255522522522526	7880.0
43.271728000000003	8190.0
43.289031999999999	8360.0
43.306026000000003	8340.0
43.322614000000002	8420.0
43.340289999999996	8350.0
43.358430999999996	8020.0
43.37618581418581	7920.0
43.393486486486488	7690.0
43.413041	8360.0
43.428428571428569	8080.0
43.443974999999995	8050.0
43.461776	7850.0
43.478872000000003	7920.0
43.496769230769232	8030.0
43.512108108108109	8560.0
43.530547999999996	8110.0
43.546405594405599	7750.0
43.564916916916921	8040.0
43.581952000000001	8250.0
43.598959999999998	7970.0
43.616963999999996	8050.0
43.634421578421573	8090.0
43.65161861861862	7940.0
43.667631999999998	7790.0
43.685535999999999	8690.0
43.702224999999999	7880.0
43.71991108891109	8040.0
43.737071071071071	7600.0
43.756064000000002	7830.0
43.773006006006007	7720.0
43.789243999999997	7520.0
43.807120000000005	8240.0
43.823612000000004	7480.0
43.840118000000004	7880.0
43.858775000000001	7630.0
43.875616000000001	7330.0
43.892672327672329	8020.0
43.908618618618618	7530.0
43.926484000000002	7400.0
43.944934000000003	8020.0
43.961475	7450.0
43.976591999999997	7330.0
43.996822177822182	7360.0
44.015217999999997	7700.0
44.031208208208206	7610.0
44.045538999999998	7110.0
44.065016	7870.0
44.081139999999998	7550.0
44.100252000000005	7690.0
44.115346000000002	7500.0
44.133558000000001	7360.0
44.150750249750253	7490.0
44.169376376376377	7540.0
44.186391999999998	7390.0
44.202114000000002	7180.0
44.219138000000001	7060.0
44.236432000000001	7300.0
44.255994994994992	7100.0
44.271657342657349	7330.0
44.289389830508476	7780.0
44.30742	6670.0
44.322672327672329	6350.0
44.341477522477518	7060.0
44.358055055055054	6880.0
44.373789210789212	7080.0
44.391865596790375	7410.0
44.409158841158842	6970.0
44.426995995995995	7070.0
44.443444	7130.0
44.459817999999999	7510.0
44.476950049950048	7030.0
44.493627627627625	6550.0
44.510656000000004	7060.0
44.530225999999999	7060.0
44.543993006993006	7110.0
44.56362	7200.0
44.579687999999997	6720.0
44.596696000000001	7190.0
44.613720000000001	7230.0
44.630495000000003	7110.0
44.647328000000002	7670.0
44.665754245754243	6840.0
44.681491491491492	6750.0
44.697747999999997	7300.0
44.715800000000002	7020.0
44.731582000000003	6230.0
44.749856856856859	7070.0
44.767115000000004	7000.0
44.783059999999999	6680.0
44.800724275724271	6440.0
44.81603303303303	6500.0
44.83288811188811	6960.0
44.850006993006993	6470.0
44.868905905905905	7190.0
44.885745	6900.0
44.901936000000006	6440.0
44.919884115884116	6650.0
44.937840840840842	6450.0
44.953848000000001	6620.0
44.971000000000004	6490.0
44.987008000000003	7030.0
45.004642000000004	6980.0
45.020659999999999	6150.0
45.037801000000002	6880.0
45.055858141858138	6870.0
45.073078078078083	5990.0
45.087259000000003	7040.0
45.106089910089914	6370.0
45.122104	6450.0
45.138980000000004	6810.0
45.155315000000002	6250.0
45.173398601398603	6060.0
45.191783783783784	6050.0
45.209389999999999	6160.0
45.225640640640641	6830.0
45.244224775224772	6680.0
45.261058058058062	5950.0
45.276600000000002	6110.0
45.293951	6250.0
45.310478521478522	6540.0
45.324787787787784	6490.0
45.343966999999999	6310.0
45.361296000000003	6350.0
45.379303999999998	6210.0
45.396148000000004	6280.0
45.411319999999996	6120.0
45.428131868131864	6510.0
45.444340340340339	5590.0
45.461694999999999	6350.0
45.479383999999996	6110.0
45.496853999999999	6330.0
45.512824999999999	6590.0
45.529012999999999	5900.0
45.545780000000001	6350.0
45.562428571428569	5900.0
45.580239239239241	5360.0
45.597472000000003	6000.0
45.613575000000004	6170.0
45.63438	6550.0
45.649512000000001	5860.0
45.666398429833166	6330.0
45.682278738555439	5680.0
45.699747494989978	6170.0
45.716701298701302	6160.0
45.732618618618616	5750.0
45.750762237762238	5890.0
45.768015015015017	5880.0
45.785007	6120.0
45.801234000000001	5970.0
45.818629370629367	6440.0
45.835659659659662	5940.0
45.854255999999999	5900.0
45.869970000000002	5840.0
45.885771228771226	6090.0
45.90172972972973	6070.0
45.920630000000003	5690.0
45.935740518962071	5600.0
45.952892892892898	5970.0
45.970743999999996	5940.0
45.988065999999996	5910.0
46.005414999999999	5830.0
46.022632000000002	6110.0
46.040807999999998	6010.0
46.058367000000004	5870.0
46.074578842315368	5720.0
46.091515030060123	6060.0
46.108856000000003	5780.0
46.125059999999998	6010.0
46.142756000000006	5710.0
46.158964999999995	6520.0
46.174909999999997	5550.0
46.192042957042958	6090.0
46.21080360721443	5820.0
46.22658483033932	6140.0
46.241955955955952	5600.0
46.259592407592407	6420.0
46.278340999999998	5180.0
46.295561561561563	5910.0
46.312007992007992	5610.0
46.328990019960081	5790.0
46.346020040080155	5420.0
46.362339660339657	5740.0
46.379032000000002	5790.0
46.395227772227777	5710.0
46.415559999999999	5890.0
46.430269809428282	5530.0
46.446127872127867	5940.0
46.462980980980987	5370.0
46.478411999999999	5600.0
46.497164835164831	6000.0
46.514679999999998	5600.0
46.533167999999996	5770.0
46.549417999999996	4780.0
46.565199999999997	5560.0
46.582199800199803	5060.0
46.598072072072071	6060.0
46.616799999999998	5090.0
46.633842000000001	4950.0
46.651806000000001	5350.0
46.667619999999999	5720.0
46.684288000000002	5530.0
46.700355000000002	5510.0
46.71828528528529	6250.0
46.734410999999994	5340.0
46.752205000000004	5740.0
46.768360000000001	5250.0
46.784821999999998	5120.0
46.800781029263369	5290.0
46.818544000000003	5390.0
46.835080000000005	5700.0
46.853184000000006	5300.0
46.869787000000002	5380.0
46.886915999999999	5520.0
46.906067999999998	5650.0
46.922045999999995	5420.0
46.936928000000002	5320.0
46.951824000000002	5940.0
46.971601	5260.0
46.987714000000004	5400.0
47.005696	4580.0
47.022704000000004	5280.0
47.039480000000005	5710.0
47.056914085914087	6140.0
47.075658658658661	4840.0
47.090330000000002	5250.0
47.107747999999994	5260.0
47.126333000000002	4910.0
47.142568000000004	5730.0
47.159492	5330.0
47.176085	5100.0
47.194436000000003	5820.0
47.210124	5090.0
47.228721999999998	5600.0
47.245872000000006	5600.0
47.262784000000003	5010.0
47.278142000000003	5510.0
47.296729999999997	5590.0
47.312936000000001	5170.0
47.329944000000005	5330.0
47.34731768231768	5470.0
47.364531531531526	5380.0
47.382979999999996	4640.0
47.399182000000003	5760.0
47.414642000000001	6180.0
47.431334999999997	5530.0
47.448031999999998	5450.0
47.468949554896142	5270.0
47.482654196157739	5650.0
47.500014	5220.0
47.519101999999997	4850.0
47.537103999999999	5240.0
47.553980000000003	5180.0
47.570528000000003	6020.0
47.588884999999998	5460.0
47.60483	5190.0
47.621169830169833	5050.0
47.639072072072075	5420.0
47.657192000000002	5340.0
47.674216000000001	5220.0
47.691223999999998	5240.0
47.709636000000003	5430.0
47.725724	4510.0
47.743093000000002	5320.0
47.758488	5590.0
47.778164000000004	5300.0
47.793303999999999	4870.0
47.810393999999995	5330.0
47.828336	5310.0
47.845762000000001	5270.0
47.864080000000001	5230.0
47.880375999999998	5540.0
47.897782999999997	4670.0
47.916307692307697	5100.0
47.933882882882884	5030.0
47.950423999999998	5120.0
47.968736	4980.0
47.98574	4860.0
48.004021999999999	4610.0
48.021472000000003	5500.0
48.036683999999994	4680.0
48.054473000000002	4740.0
48.073512000000001	5600.0
48.090536	4660.0
48.107859140859141	5190.0
48.126097097097094	5240.0
48.141576000000001	5400.0
48.159281999999997	4440.0
48.176768000000003	4950.0
48.19355944055944	4880.0
48.212155155155159	5060.0
48.229030000000002	4990.0
48.245655999999997	5220.0
48.261935000000001	5090.0
48.280256000000001	5350.0
48.296839999999996	5340.0
48.315542000000001	5680.0
48.330748	5080.0
48.347782000000002	5280.0
48.365743999999999	5110.0
48.383268000000001	4680.0
48.402540000000002	5030.0
48.418485000000004	4820.0
48.434792000000002	5340.0
48.453520000000005	4980.0
48.472335000000001	5710.0
48.486617382617382	5390.0
48.501849849849847	5330.0
48.520901000000002	4840.0
48.536645999999998	5130.0
48.554507999999998	5390.0
48.570166	5580.0
48.588776000000003	5310.0
48.607927999999994	4380.0
48.623826000000001	5760.0
48.639318000000003	4880.0
48.658603999999997	5030.0
48.674979999999998	5210.0
48.694367999999997	5170.0
48.710768000000002	5840.0
48.728585000000002	5910.0
48.744530000000005	5010.0
48.761046953046957	5490.0
48.779315315315316	5400.0
48.796379999999999	5030.0
48.813851999999997	5080.0
48.831104000000003	5080.0
48.848993999999998	5010.0
48.867082000000003	5050.0
48.884143999999999	4850.0
48.901296000000002	5150.0
48.920175999999998	4780.0
48.936785999999998	4900.0
48.952716000000002	5240.0
48.970890000000004	4920.0
48.988391	5110.0
49.007232000000002	4830.0
49.023739999999997	5160.0
49.040264000000001	4860.0
49.056620379620377	4860.0
49.075408408408407	5180.0
49.092534999999998	5200.0
49.110143999999998	5580.0
49.126440000000002	5020.0
49.147180000000006	5390.0
49.162396000000001	5340.0
49.181204000000001	4780.0
49.196384000000002	5620.0
49.214239999999997	5160.0
49.233863999999997	5300.0
49.249074850299401	5220.0
49.266214428857715	5150.0
49.283524	4580.0
49.300521999999994	5110.0
49.320247999999999	5340.0
49.338485514485519	4990.0
49.356218218218217	4990.0
49.370383999999994	5150.0
49.389920000000004	4960.0
49.403908000000001	5150.0
49.426383999999999	5080.0
49.441576000000005	5020.0
49.458781999999999	5090.0
49.477268000000002	5110.0
49.493745999999994	4850.0
49.513756999999998	5150.0
49.528632000000002	5140.0
49.544408000000004	5250.0
49.561579999999999	4950.0
49.580672	5170.0
49.597090000000001	4840.0
49.613703999999998	4650.0
49.633625374625375	4630.0
49.651732732732732	4560.0
49.667884999999998	4840.0
49.68383	4920.0
49.703733999999997	4610.0
49.717832999999999	5150.0
49.735680000000002	5170.0
49.751992000000001	5300.0
49.770063	4810.0
49.787530000000004	5200.0
49.804222000000003	4800.0
49.821863999999998	5430.0
49.839364000000003	4850.0
49.856339999999996	5270.0
49.874760999999999	5590.0
49.892229999999998	5240.0
49.910216535433072	5050.0
49.927088414634149	4690.0
49.943080000000002	4780.0
49.961848000000003	5300.0
49.978983999999997	4980.0
49.996929999999999	4620.0
50.013268000000004	5540.0
50.032024	5240.0
50.048780000000001	4810.0
50.065688000000002	5510.0
50.084822000000003	5350.0
50.101745999999999	5350.0
50.117601999999998	5380.0
50.134526473526471	5160.0
50.152369369369367	4820.0
50.170135999999999	4610.0
50.187144000000004	5570.0
50.203317682317689	5700.0
50.22194594594594	5160.0
50.240116883116883	4970.0
50.256216000000002	5140.0
50.27514	5190.0
50.291502000000001	5050.0
50.310231999999999	4990.0
50.326723999999999	5410.0
50.343580000000003	4840.0
50.361703999999996	4960.0
50.378120000000003	5280.0
50.398342	5120.0
50.413983999999999	4590.0
50.430627999999999	4870.0
50.449762	5220.0
50.46658	5080.0
50.482527472527472	5080.0
50.500281281281282	4940.0
50.521239999999999	5050.0
50.535441999999996	4250.0
50.553424	5350.0
50.570431999999997	5470.0
50.587888	5350.0
50.606463999999995	4920.0
50.623130000000003	5250.0
50.639901999999999	5220.0
50.657035	4710.0
50.674576000000002	4810.0
50.691940000000002	4770.0
50.710521	5420.0
50.727797607178466	4750.0
50.744565697091275	5090.0
50.760734999999997	5040.0
50.778488511488511	4880.0
50.796591591591586	4900.0
50.814585000000001	4560.0
50.830835999999998	5090.0
50.849158000000003	5190.0
50.864580000000004	4810.0
50.884672000000002	4750.0
50.900627999999998	4980.0
50.916542	5440.0
50.934711999999998	5290.0
50.950643999999997	4540.0
50.968570999999997	5240.0
50.986751999999996	4880.0
51.005247999999995	5120.0
51.020386999999999	4380.0
51.037653999999996	5590.0
51.054786427145707	5120.0
51.070834669338673	5050.0
51.090780000000002	5110.0
51.107087999999997	5050.0
51.125506000000001	4750.0
51.140872000000002	4870.0
51.157896000000001	4930.0
51.176010999999995	5190.0
51.195776000000002	5610.0
51.212448000000002	5370.0
51.227944000000001	4930.0
51.246195999999998	4910.0
51.263289999999998	5220.0
51.281482000000004	5290.0
51.297367999999999	5690.0
51.316644000000004	5280.0
51.332146000000002	4760.0
51.350018018018019	4820.0
51.368990000000004	5160.0
51.385064	5230.0
51.402264000000002	5570.0
51.420096000000001	5000.0
51.437423000000003	5620.0
51.455494000000002	5060.0
51.473136000000004	5060.0
51.490144000000001	4980.0
51.507151999999998	4880.0
51.524176000000004	5350.0
51.541882999999999	5190.0
51.560715999999999	5780.0
51.578216000000005	5060.0
51.595224000000002	4680.0
51.614136000000002	4250.0
51.631210210210213	5300.0
51.646422000000001	5350.0
51.665129999999998	5330.0
51.682119999999998	5660.0
51.701497000000003	4490.0
51.716644000000002	5320.0
51.734335999999999	4770.0
51.750884999999997	4870.0
51.768396000000003	4650.0
51.786961999999995	5150.0
51.803734999999996	5270.0
51.821815999999998	5440.0
51.840967999999997	4950.0
51.855906999999995	4490.0
51.875138	5390.0
51.889558000000001	5490.0
51.907434565434563	4860.0
51.923639639639639	4930.0
51.942495999999998	5420.0
51.959723000000004	5210.0
51.977511999999997	4910.0
51.993843999999996	4720.0
52.009953000000003	5250.0
52.028024000000002	5200.0
52.046112000000001	5210.0
52.063583999999999	4480.0
52.079929999999997	4940.0
52.095890000000004	4740.0
52.113413000000001	5100.0
52.132335999999995	4890.0
52.148739999999997	5300.0
52.163706000000005	5230.0
52.182671328671333	5750.0
52.199681681681682	4880.0
52.216704	5530.0
52.233711999999997	5170.0
52.250736000000003	5240.0
52.268436254980081	5350.0
52.287113113113115	5290.0
52.304743486973948	4680.0
52.319582582582584	4840.0
52.335403999999997	5530.0
52.354168000000001	5040.0
52.370346000000005	4940.0
52.388436000000006	5210.0
52.405856	5450.0
52.421935000000005	4840.0
52.440856000000004	4960.0
52.456007999999997	5190.0
52.474664335664336	4590.0
52.4898988988989	5310.0
52.506689999999999	4660.0
52.523252999999997	5210.0
52.541695999999995	5320.0
52.559103999999998	5190.0
52.574485000000003	5580.0
52.592116000000004	5060.0
52.609390000000005	5220.0
52.628779999999999	5270.0
52.645527999999999	4570.0
52.662056	4910.0
52.675547999999999	5670.0
52.693014000000005	5090.0
52.713090000000001	5500.0
52.729241999999999	4940.0
52.747978021978021	5050.0
52.763927927927931	5300.0
52.780662	5190.0
52.798186000000001	5400.0
52.813561999999997	5050.0
52.831625374625375	4850.0
52.849184184184182	5090.0
52.867367999999999	5070.0
52.883307000000002	5240.0
52.899232000000005	4550.0
52.916256000000004	5250.0
52.933264000000001	4970.0
52.950271999999998	5230.0
52.968252	5070.0
52.984323000000003	4820.0
53.002229999999997	5370.0
53.018333666333668	5520.0
53.034914914914914	5050.0
53.051167999999997	5450.0
53.071384000000002	4670.0
53.088788000000001	4650.0
53.104777999999996	4970.0
53.121838000000004	5030.0
53.138601999999999	5120.0
53.156432000000002	4840.0
53.172024	5220.0
53.190021999999999	5520.0
53.204946	5050.0
53.221496000000002	5080.0
53.240442000000002	4630.0
53.259416000000002	5000.0
53.273727999999998	5220.0
53.292225999999999	4960.0
53.307992007992013	5050.0
53.326279279279284	5040.0
53.343631000000002	4750.0
53.361356000000001	4960.0
53.377092000000005	4920.0
53.395702	4510.0
53.415438000000002	5340.0
53.432324000000001	4910.0
53.447935000000001	5260.0
53.467047999999998	5260.0
53.482128000000003	5600.0
53.495947000000001	4720.0
53.514676000000001	5400.0
53.532781999999997	5440.0
53.550635	5070.0
53.566752000000001	5340.0
53.58400799200799	5600.0
53.601176176176175	5050.0
53.61824	5310.0
53.636526946107786	5390.0
53.652783567134264	5160.0
53.671384000000003	5130.0
53.687624	5210.0
53.703864000000003	4910.0
53.721614000000002	4850.0
53.738895999999997	5040.0
53.756773000000003	5210.0
53.774844000000002	4890.0
53.791936	5030.0
53.807767000000005	5060.0
53.822318000000003	5080.0
53.841975999999995	5240.0
53.858485999999999	5330.0
53.873675324675325	4280.0
53.891132132132135	5190.0
53.910024	4770.0
53.92653	4730.0
53.943055999999999	4170.0
53.960064000000003	5020.0
53.978456000000001	4870.0
53.996096000000001	5790.0
54.011466000000006	5320.0
54.028112	5140.0
54.047973999999996	5120.0
54.063152694610778	5160.0
54.081192384769537	5030.0
54.098903999999997	4750.0
54.114581999999999	5510.0
54.133454	5270.0
54.151862137862139	5640.0
54.169825825825825	5100.0
54.185327999999998	4970.0
54.202287999999996	4920.0
54.218526999999995	5120.0
54.234913999999996	4880.0
54.254413999999997	4670.0
54.272304000000005	4840.0
54.286816000000002	5190.0
54.305128000000003	4720.0
54.324262000000004	4760.0
54.338374000000002	4970.0
54.356547999999997	5410.0
54.374784431137719	5550.0
54.389208416833668	4850.0
54.408588000000002	5130.0
54.425119000000002	5080.0
54.444200000000002	4670.0
54.460339698492461	5220.0
54.478993000000003	5440.0
54.49588	5110.0
54.511839999999999	5170.0
54.529223000000002	4930.0
54.545729999999999	5040.0
54.564228	5080.0
54.582453000000001	5040.0
54.597608000000001	5580.0
54.615476953907816	5310.0
54.630781999999996	5260.0
54.649591999999998	5150.0
54.667067999999993	5430.0
54.685046	5150.0
54.699224000000001	4980.0
54.716558441558441	5340.0
54.735741741741741	4900.0
54.750129999999999	5270.0
54.768491017964074	4880.0
54.78669338677355	4700.0
54.802980000000005	5510.0
54.821328000000001	5260.0
54.838743999999998	5620.0
54.853907999999997	4810.0
54.872747999999994	4780.0
54.891686	5070.0
54.907015999999999	4940.0
54.925463999999998	5590.0
54.941541000000001	4840.0
54.961435999999999	4760.0
54.979123999999999	5260.0
54.995722000000001	4920.0
55.013372627372625	5420.0
55.029888888888891	5020.0
55.047522999999998	5370.0
55.064912	5490.0
55.081189999999999	5160.0
55.101179999999999	4870.0
55.118079999999999	4740.0
55.136848000000001	4560.0
55.151986000000001	5040.0
55.170054	4720.0
55.188141999999999	5560.0
55.205835	5160.0
55.222032000000006	5320.0
55.239372000000003	4920.0
55.257821999999997	4730.0
55.275188	5320.0
55.291593406593407	4870.0
55.31023423423423	5740.0
55.327480000000001	4900.0
55.346223999999999	5020.0
55.362625999999999	5050.0
55.383262000000002	5220.0
55.39762137862138	6130.0
55.416081081081082	4930.0
55.435167832167835	5120.0
55.450201201201203	5330.0
55.467224000000002	5180.0
55.484636000000002	5220.0
55.503522000000004	4970.0
55.520935000000001	4920.0
55.538055999999997	5100.0
55.557208000000003	5190.0
55.574784999999999	5350.0
55.591884115884113	5140.0
55.607393393393394	5440.0
55.627597999999999	5620.0
55.645580000000002	5350.0
55.664048000000001	4910.0
55.680485000000004	4430.0
55.698353999999995	5420.0
55.717363999999996	5410.0
55.732334999999999	5150.0
55.749040000000001	5010.0
55.769239999999996	5120.0
55.785463999999997	4930.0
55.802472000000002	4800.0
55.819496000000001	5080.0
55.836503999999998	5260.0
55.853511999999995	5330.0
55.872908091908094	4990.0
55.890221221221225	5370.0
55.907274000000001	5590.0
55.927720000000001	5100.0
55.941338999999999	5670.0
55.961240000000004	4820.0
55.975687999999998	5610.0
55.995623999999999	5140.0
56.012836	5840.0
56.031490000000005	4780.0
56.047205999999996	5990.0
56.063256000000003	5160.0
56.082052000000004	5250.0
56.100123000000004	5330.0
56.117704295704293	5710.0
56.134728728728732	5470.0
56.152352999999998	4880.0
56.169741258741254	5270.0
56.188243243243242	5610.0
56.206583000000002	5550.0
56.222068	5760.0
56.238816	5330.0
56.256813000000001	5160.0
56.274936000000004	5750.0
56.29374	4970.0
56.309327000000003	4470.0
56.324840000000002	4970.0
56.344590000000004	4870.0
56.361272999999997	5600.0
56.379776	5130.0
56.396447999999999	5180.0
56.412503000000001	5030.0
56.431196	4950.0
56.449650349650348	5170.0
56.46772872872873	4840.0
56.485803999999995	5270.0
56.500388000000001	5280.0
56.518902000000004	5040.0
56.537031999999996	5210.0
56.554187999999996	5290.0
56.572806	5220.0
56.588839999999998	5860.0
56.609096000000001	4840.0
56.625466000000003	5380.0
56.641875999999996	5250.0
56.659244000000001	4960.0
56.675652999999997	4980.0
56.694296000000001	4940.0
56.712812	5330.0
56.729485000000004	4870.0
56.748463536463539	5110.0
56.764561561561564	4870.0
56.781224000000002	5400.0
56.800136000000002	5370.0
56.816256000000003	5600.0
56.833421999999999	4830.0
56.852271999999999	5390.0
56.869708000000003	4730.0
56.887765999999999	4760.0
56.904640000000001	5360.0
56.923940000000002	4600.0
56.939884999999997	5050.0
56.956873999999999	5690.0
56.974375999999999	4910.0
56.992682000000002	5190.0
57.010392000000003	5200.0
57.028954045954045	4860.0
57.045582582582583	5000.0
57.062432000000001	5400.0
57.079456	5400.0
57.097551000000003	5250.0
57.117379999999997	5290.0
57.133339999999997	5430.0
57.150379999999998	5410.0
57.169947999999998	5760.0
57.186228	5180.0
57.204135000000001	5660.0
57.221967999999997	5410.0
57.239504000000004	5650.0
57.256782000000001	4880.0
57.275253999999997	4880.0
57.291164000000002	4900.0
57.309201999999999	5700.0
57.327469530469529	5510.0
57.345570570570572	5360.0
57.362664000000002	5180.0
57.380672000000004	4710.0
57.397796610169493	4800.0
57.415497492477428	5160.0
57.432175999999998	5580.0
57.45044	5420.0
57.467461999999998	5160.0
57.485329999999998	4830.0
57.501776	5260.0
57.520431000000002	5840.0
57.538792000000001	5250.0
57.554463999999996	5620.0
57.572302000000001	5410.0
57.589832000000001	5610.0
57.608572427572426	4900.0
57.626791791791788	5190.0
57.642879999999998	5600.0
57.660839999999993	5620.0
57.677141999999996	5350.0
57.696093999999995	5110.0
57.713936000000004	4870.0
57.730944000000001	5090.0
57.748695999999995	5370.0
57.766976	4660.0
57.783984000000004	5250.0
57.800992000000001	4730.0
57.818642000000004	5150.0
57.836713000000003	5560.0
57.854771228771227	5210.0
57.871237237237239	4910.0
57.887185000000002	5070.0
57.906880119880121	5180.0
57.925101999999995	4910.0
57.943035000000002	5430.0
57.959111999999998	5210.0
57.976135999999997	5400.0
57.993144000000001	5680.0
58.011433566433567	5090.0
58.030780780780781	5430.0
58.047632999999998	5370.0
58.065703999999997	5070.0
58.082639999999998	4940.0
58.099183266932272	5320.0
58.115480480480478	4910.0
58.134540621865597	5390.0
58.152264000000002	5070.0
58.168379999999999	4670.0
58.1891008991009	5140.0
58.204342000000004	5120.0
58.223475999999998	5690.0
58.241897999999999	5170.0
58.256762000000002	4800.0
58.275624000000001	5100.0
58.293039999999998	5340.0
58.309384000000001	4940.0
58.327316000000003	5030.0
58.345942000000001	4940.0
58.362834999999997	5410.0
58.380084000000004	5290.0
58.397455999999998	5100.0
58.415242999999997	5210.0
58.433314000000003	4950.0
58.450496000000001	5530.0
58.467504000000005	5020.0
58.484496496496497	4860.0
58.501722831505482	5270.0
58.520190571715148	4810.0
58.535995999999997	5490.0
58.554575999999997	5470.0
58.572282000000001	5470.0
58.589356000000002	5220.0
58.605091999999999	5090.0
58.622084999999998	5610.0
58.638632000000001	5280.0
58.656322000000003	5320.0
58.674393000000002	5110.0
58.691672000000004	5500.0
58.708695999999996	5470.0
58.727542	5380.0
58.742747999999999	5270.0
58.759720720720722	5450.0
58.776961999999997	5010.0
58.795580000000001	5110.0
58.812012000000003	5030.0
58.829186	5640.0
58.845509490509492	5240.0
58.862955955955954	5270.0
58.879313000000003	5040.0
58.896832000000003	4780.0
58.913856000000003	5550.0
58.930185000000002	5640.0
58.948356000000004	5180.0
58.965896000000001	5490.0
58.984642000000001	5400.0
59.000048	5490.0
59.017932000000002	5050.0
59.033884115884121	5060.0
59.050180180180185	5310.0
59.068975999999999	5250.0
59.085984000000003	5250.0
59.102992	5050.0
59.119639999999997	5510.0
59.136462999999999	4750.0
59.155036000000003	4900.0
59.172490000000003	5100.0
59.189064000000002	5460.0
59.206071999999999	5060.0
59.224607999999996	5440.0
59.242103999999998	5360.0
59.258229999999998	4990.0
59.275136000000003	5320.0
59.291143999999996	5140.0
59.308294705294706	5070.0
59.327027027027029	5240.0
59.342984999999999	5410.0
59.359977999999998	5310.0
59.378238000000003	5140.0
59.394779999999997	4930.0
59.412875999999997	5140.0
59.428772000000002	4910.0
59.445684999999997	5410.0
59.463555999999997	5110.0
59.481296	5390.0
59.499073000000003	5060.0
59.516312000000006	5400.0
59.532440000000008	5430.0
59.549343999999998	5220.0
59.566396000000005	4570.0
59.585376000000004	4860.0
59.602232767232763	5360.0
59.618590590590586	5130.0
59.636687312687314	5130.0
59.654075075075077	5020.0
59.670833999999999	4980.0
59.688921999999998	4930.0
59.706463999999997	5050.0
59.724655999999996	5450.0
59.741183999999997	5340.0
59.756784999999994	5450.0
59.771948000000002	4710.0
59.791920000000005	5050.0
59.80954400000001	5170.0
59.828495999999994	5140.0
59.843612	4740.0
59.861385999999996	5490.0
59.876913086913085	5430.0
59.895828828828826	5320.0
59.913624000000006	4990.0
59.930983999999995	5680.0
59.947823999999997	5180.0
59.965100999999997	5250.0
59.982588	5070.0
59.997484	5300.0
60.014372999999999	4980.0
60.033907999999997	5400.0
60.052531999999999	5860.0
60.068884999999995	5610.0
60.083907999999994	5300.0
60.101762000000001	4760.0
60.120735000000003	5450.0
60.136904000000001	5380.0
60.154816000000004	4990.0
60.171820179820187	4810.0
60.189122122122122	5080.0
60.207221999999994	5370.0
60.223148000000002	5610.0
60.239840000000001	4860.0
60.257784000000001	5330.0
60.274523000000002	5670.0
60.293276000000006	5430.0
60.309444000000006	4810.0
60.326752999999997	4750.0
60.342963330029733	5380.0
60.36277295660949	5070.0
60.377986	5480.0
60.395054000000002	5820.0
60.413142000000001	5360.0
60.431213	5330.0
60.448776223776214	5030.0
60.465045045045038	5050.0
60.482821999999999	4950.0
60.500188000000001	5050.0
60.517614000000002	5080.0
60.534397000000006	5640.0
60.552008000000001	5450.0
60.56944	5610.0
60.586144000000004	4970.0
60.602330000000002	5510.0
60.620061999999997	5320.0
60.635285999999994	5370.0
60.653204000000002	4830.0
60.671216000000001	4810.0
60.68836300000001	5220.0
60.706434000000002	5110.0
60.723990000000001	5280.0
60.739930069930068	5010.0
60.757436436436436	5460.0
60.775840000000002	5210.0
60.792823000000006	4770.0
60.810311999999996	5450.0
60.827335999999995	5540.0
60.843634999999999	4690.0
60.861071713147403	5400.0
60.879827722772269	5140.0
60.897361054766733	5120.0
60.913429999999998	5520.0
60.927468000000005	5520.0
60.946423999999993	5420.0
60.963583999999997	4770.0
60.981455999999994	5360.0
60.998184999999999	5460.0
61.015833166833168	5510.0
61.034675675675679	5350.0
61.050504000000004	5130.0
61.068043999999993	4820.0
61.084344000000002	5140.0
61.101862000000004	5750.0
61.119551999999999	5540.0
61.135004000000002	5480.0
61.155829000000004	5330.0
61.170856000000001	5010.0
61.189567999999994	5020.0
61.207506999999993	5570.0
61.221835999999996	5040.0
61.240822000000001	5650.0
61.258663999999996	4820.0
61.276256000000004	5510.0
61.294696000000002	5530.0
61.310860139860146	5220.0
61.328148148148145	4980.0
61.346736	5170.0
61.363135	4680.0
61.381095999999999	5690.0
61.398776000000005	5350.0
61.418180999999997	4800.0
61.432344000000001	5240.0
61.450668	5040.0
61.466834999999996	5130.0
61.484779999999994	5400.0
61.50132	4890.0
61.521685000000005	5330.0
61.538356000000007	5190.0
61.55659	5720.0
61.573272999999993	5330.0
61.591768231768235	4990.0
61.609432432432435	5570.0
61.625943999999997	4700.0
61.643552894211581	5230.0
61.660280561122249	5310.0
61.679231000000001	5160.0
61.698616000000001	5610.0
61.713388000000002	5370.0
61.731902000000005	5600.0
61.750031999999997	5710.0
61.767122000000008	5270.0
61.785063999999998	5130.0
61.802445663010971	5570.0
61.820045135406211	5170.0
61.835379999999994	5410.0
61.853966	5120.0
61.870011976047898	5420.0
61.887620240480956	5420.0
61.905296	5420.0
61.923779661016951	5280.0
61.941169508525576	4890.0
61.958953999999991	5710.0
61.976216000000001	5420.0
61.995891000000007	4780.0
62.014184	5210.0
62.030272000000004	4970.0
62.048184999999997	5330.0
62.064413999999999	5730.0
62.082295999999992	5230.0
62.099304000000004	5070.0
62.116644000000001	5410.0
62.133940000000003	5700.0
62.150802999999996	5230.0
62.169386613386614	4880.0
62.187954954954947	5570.0
62.205383999999995	5130.0
62.223103999999992	6010.0
62.239639999999994	5020.0
62.258101999999994	4680.0
62.272725999999999	5490.0
62.293319999999994	5240.0
62.310406	5110.0
62.325747999999997	5510.0
62.344716000000005	5280.0
62.358598999999998	4760.0
62.37923	4800.0
62.396228000000001	5330.0
62.414952999999997	5020.0
62.431607999999997	5630.0
62.448638361638352	5210.0
62.465978978978974	5650.0
62.484577999999999	5000.0
62.503341999999996	5440.0
62.519046000000003	5590.0
62.536484000000002	5450.0
62.554572	5480.0
62.570684999999997	4730.0
62.591629999999995	5460.0
62.607801999999992	5370.0
62.625366000000007	5390.0
62.641176000000002	4740.0
62.660328	5410.0
62.678026000000003	5140.0
62.693329999999996	5100.0
62.710261999999993	5640.0
62.728332999999999	4680.0
62.748839160839168	5100.0
62.765108108108116	5270.0
62.782302000000008	5020.0
62.800634000000002	5020.0
62.817855999999992	5370.0
62.836721999999995	5320.0
62.851888000000002	5200.0
62.869754527162975	5400.0
62.886260999999998	5520.0
62.906458000000001	5400.0
62.925198000000002	5150.0
62.940252999999998	5370.0
62.957951999999999	5000.0
62.975848000000006	4770.0
62.993485000000007	5100.0
63.009430000000002	5830.0
63.02725674325675	5720.0
63.04433033033034	5170.0
63.061784000000003	4520.0
63.079029940119753	5040.0
63.095181362725448	5130.0
63.110188000000001	5940.0
63.124089999999995	5770.0
63.139896999999998	4890.0
63.153452000000001	5270.0
63.165351999999999	4950.0
63.178367000000001	5390.0
63.191541999999998	5140.0
63.202473999999995	5600.0
63.212040999999999	4970.0
63.221607999999996	5150.0
63.231760000000001	4880.0
63.239195000000002	5530.0
63.24731168831169	5220.0
63.253828828828823	5020.0
63.261632000000006	5440.0
63.26746	5210.0
63.273730269730272	5170.0
63.277152000000001	5540.0
63.285245999999994	4880.0
63.288291999999998	5370.0
63.290627000000008	5290.0
63.293816000000007	5540.0
63.298352000000001	5560.0
63.303798	5710.0
63.305924000000005	5340.0
63.308578000000004	5620.0
63.312355999999994	5180.0
63.312695999999995	4720.0
63.31486113886114	5890.0
63.316000000000003	4940.0
63.320209999999996	5510.0
63.321906000000006	5490.0
63.321030999999998	5400.0
63.321968000000005	4720.0
63.321287999999996	5370.0
63.324159000000002	5110.0
63.325000000000003	5380.0
63.324714	5450.0
63.323999999999998	5640.0
63.322776435045313	5210.0
63.323379999999993	5040.0
63.325999999999993	5080.0
63.324795999999999	5920.0
63.323999999999998	5630.0
63.324729000000005	4860.0
63.323417582417576	5260.0
63.323855855855854	5060.0
63.324919000000001	5490.0
63.323035999999995	4860.0
63.320045999999991	5640.0
63.320999999999998	5450.0
63.320827999999999	5350.0
63.319763999999992	5390.0
