11.116944	26420.0
11.02736	24800.0
11.048537	25470.0
11.075682	26620.0
11.055966	25750.0
11.112565868263474	26490.0
11.057861723446893	27800.0
11.099055999999999	26010.0
11.077785214785214	26690.0
11.131396396396395	25570.0
11.110987999999999	26060.0
11.091766	26270.0
11.152407999999999	25190.0
11.080755244755245	25870.0
11.215802802802802	25610.0
11.115315315315316	27190.0
11.136192000000001	27180.0
11.187099999999999	25750.0
11.135284	25670.0
11.22864	26540.0
11.154423999999999	25870.0
11.194748000000001	25320.0
11.190536	25410.0
11.223343	25570.0
11.233328	26460.0
11.197796203796203	26120.0
11.257185185185186	26120.0
11.191979999999999	26990.0
11.316896	25440.0
11.234011000000001	26360.0
11.24244	26720.0
11.316824	26650.0
11.223018	25460.0
11.366426000000001	26940.0
11.264972	26170.0
11.305120000000001	26820.0
11.319407999999999	26570.0
11.320039999999999	24660.0
11.367293	26190.0
11.31155	26020.0
11.372085999999999	25210.0
11.318453546453547	25700.0
11.42454154154154	26230.0
11.367560000000001	25920.0
11.360475000000001	25480.0
11.445054945054945	26430.0
11.315933933933934	26660.0
11.519748000000002	24300.0
11.382135999999999	26630.0
11.423368	26350.0
11.464627999999999	25920.0
11.419648	26350.0
11.518904000000001	26550.0
11.433299	26020.0
11.498232	27180.0
11.459708000000001	25720.0
11.536084000000001	26180.0
11.515516	25980.0
11.488593406593406	26020.0
11.577072072072072	26400.0
11.451248	26480.0
11.661192	25260.0
11.507170000000002	24870.0
11.547262	26520.0
11.620706	26800.0
11.520628	26480.0
11.681152000000001	26870.0
11.563324	26810.0
11.629415999999999	26670.0
11.614882	25870.0
11.647572	25750.0
11.675718	26410.0
11.623648000000001	26630.0
11.714560000000001	26810.0
11.604692307692309	25040.0
11.785001001001001	26590.0
11.670976	25200.0
11.689858000000001	26410.0
11.800636000000001	26370.0
11.627584000000002	26260.0
11.863173	25610.0
11.707503999999998	27300.0
11.777728	26860.0
11.790213	26490.0
11.770032	26290.0
11.855152	26310.0
11.775216	26820.0
11.865364000000001	26080.0
11.77234	27150.0
11.914954000000002	25930.0
11.842652000000001	26490.0
11.857637362637364	25500.0
11.955395395395396	26510.0
11.754321999999998	26700.0
12.055306	26490.0
11.849831999999999	26130.0
11.943527999999999	26590.0
11.971696	24910.0
11.889838000000001	25440.0
12.045733999999999	26710.0
11.937570000000001	27260.0
12.034803	26880.0
11.96396	26170.0
12.059467999999999	27210.0
12.041112	26220.0
12.034922	26350.0
12.131381999999999	24140.0
11.953228771228771	26460.0
12.228050050050049	26380.0
12.034496000000001	26520.0
12.137705	25710.0
12.208497999999999	26950.0
12.069001999999999	26910.0
12.259656999999999	26640.0
12.162155999999998	25890.0
12.156731999999998	26890.0
12.238221999999999	26690.0
12.206982	26810.0
12.302056	24890.0
12.174950999999998	25480.0
12.316288	24640.0
12.211392000000002	27370.0
12.347337999999999	26400.0
12.344831999999998	26560.0
12.180587412587412	26170.0
12.479531531531531	26620.0
12.207987999999999	26460.0
12.45546	26720.0
12.366674999999999	25920.0
12.300924	26340.0
12.454118000000001	26780.0
12.348737000000002	25440.0
12.490328	26100.0
12.364192000000001	27670.0
12.459792999999999	25980.0
12.41118	24890.0
12.490195999999999	25660.0
12.523824999999999	26760.0
12.364524000000001	26020.0
12.621956000000001	26160.0
12.366130822596631	25660.0
12.640835999999998	26080.0
12.547846000000002	26480.0
12.433086000000001	25810.0
12.660831999999999	27250.0
12.473336	25740.0
12.673885	26950.0
12.552588	26550.0
12.598963999999999	25950.0
12.612466999999999	26230.0
12.626607999999999	26720.0
12.704396000000001	27380.0
12.555966	26600.0
12.771938	27240.0
12.567552000000001	25870.0
12.796813999999999	25640.0
12.740748251748252	26850.0
12.57452	26030.0
12.885797000000002	28150.0
12.604427999999999	25670.0
12.870811999999999	26880.0
12.748077	25640.0
12.741536000000002	26320.0
12.829460000000001	26870.0
12.767355000000002	27790.0
12.899712000000001	26460.0
12.750966000000002	26710.0
12.907501000000002	27470.0
12.767272000000002	25470.0
12.933376000000001	28000.0
12.927261000000001	26450.0
12.759463999999999	28150.0
13.078832167832168	26590.0
12.728949949949952	27210.0
13.064248000000001	26640.0
12.94304	26860.0
12.883336	27910.0
13.046814000000001	27080.0
12.902521999999999	27850.0
13.093873	27110.0
12.956064000000001	26500.0
13.052240000000001	27100.0
12.985973999999999	28470.0
13.074981999999999	27620.0
13.120769999999998	27380.0
12.968916	27490.0
13.223976	26930.0
12.933248000000001	26730.0
13.255419000000002	27300.0
13.154269269269271	25410.0
13.033782	26690.0
13.281301000000001	27420.0
13.054895999999999	27410.0
13.300544	26660.0
13.175738999999998	27800.0
13.21081	27090.0
13.240553999999999	27500.0
13.243856000000001	27460.0
13.354324	28640.0
13.198912000000002	28170.0
13.401084000000001	26950.0
13.210092	27490.0
13.429244000000001	28550.0
13.421975999999999	27530.0
13.209679999999999	26550.0
13.552195804195803	27430.0
13.255915915915915	27270.0
13.530446000000001	27880.0
13.439602000000001	27300.0
13.391784999999999	27890.0
13.514915999999999	27490.0
13.431288	28250.0
13.587035999999999	27750.0
13.444236	27980.0
13.572986	27640.0
13.473051	26210.0
13.594856000000002	27130.0
13.642256	27660.0
13.443499000000001	28370.0
13.757061999999999	28430.0
13.433799999999998	27860.0
13.730276723276722	27640.0
13.676970970970972	28170.0
13.549736000000001	28620.0
13.756199000000001	28410.0
13.598058	27560.0
13.787438	28280.0
13.671036000000001	28690.0
13.730440000000002	27530.0
13.717464	28790.0
13.643372999999999	28120.0
13.846268	28050.0
13.667050000000001	28370.0
13.853793000000001	28610.0
13.825935999999999	27710.0
13.755772	28460.0
13.977844000000001	28380.0
13.685584	27040.0
13.958289710289712	27730.0
13.864882882882883	27760.0
13.877288000000002	28300.0
13.935808000000002	28530.0
13.845690000000001	28470.0
13.989034	29310.0
13.903231999999999	29570.0
14.006469999999998	28730.0
13.900836	30490.0
14.013812	28980.0
14.018426	27510.0
13.947006	29350.0
14.145474000000002	27270.0
13.853044000000001	28160.0
14.154608000000001	29400.0
14.046437562437562	29850.0
14.030656	29370.0
14.153439439439438	29390.0
13.988375999999999	30500.0
14.178401999999998	29120.0
14.086456	29360.0
14.156148	30030.0
14.105371	30590.0
14.144406	28900.0
14.198399999999999	30700.0
14.123447000000001	30540.0
14.280656	29950.0
14.064064	28570.0
14.294780999999999	29640.0
14.233566	29670.0
14.176028000000001	29890.0
14.350864	30080.0
14.130739999999999	28800.0
14.354016983016983	29270.0
14.266610610610611	28700.0
14.301002	28890.0
14.311643999999999	30780.0
14.280255	30750.0
14.386839999999999	28830.0
14.307879999999999	28600.0
14.426306	29350.0
14.273142000000002	30260.0
14.427322	29790.0
14.416956000000001	30140.0
14.343623999999998	29580.0
14.550151999999999	29220.0
14.265759000000001	28860.0
14.538508	30880.0
14.451282000000001	29030.0
14.452486513486512	28710.0
14.520097097097096	30150.0
14.427287999999999	28440.0
14.568807	30120.0
14.494398	28590.0
14.577672000000002	28710.0
14.481106	30460.0
14.577064000000002	30480.0
14.601227999999999	29310.0
14.535774	29480.0
14.702399999999999	29440.0
14.453551999999998	29750.0
14.727172827172829	31020.0
14.632446446446446	29060.0
14.613199999999999	29240.0
14.729086000000001	29340.0
14.576242000000001	30420.0
14.758432567432568	30330.0
14.675852852852852	30110.0
14.741044	29620.0
14.698843999999999	28360.0
14.729963	29730.0
14.790799999999999	30700.0
14.728171999999999	28690.0
14.865416999999999	29740.0
14.672879999999999	28250.0
14.888424000000001	29950.0
14.816387000000001	30460.0
14.786114	29830.0
14.945092000000001	29290.0
14.734359	28290.0
14.957832	29180.0
14.865791999999999	28410.0
14.91824975024975	28120.0
14.916797797797798	28300.0
14.888528000000001	27220.0
14.985288000000001	28220.0
14.922632	28730.0
15.034488000000001	28640.0
14.889085000000001	29640.0
15.049073999999999	28140.0
15.000097999999999	29460.0
14.982636000000001	29030.0
15.151155999999999	29390.0
14.888764	28120.0
15.162744	28740.0
15.03462	27670.0
15.082324	29810.0
15.136946999999999	29430.0
15.047008	29900.0
15.181246753246754	29280.0
15.103048048048048	28530.0
15.20072	31440.0
15.112198000000001	29200.0
15.20101	29850.0
15.192323999999999	29730.0
15.168328000000001	30130.0
15.308581	30240.0
15.082982000000001	29490.0
15.349912	30520.0
15.214979999999999	29690.0
15.251472000000001	30220.0
15.359024	30840.0
15.236943999999999	32630.0
15.333556	29600.0
15.318460000000002	30920.0
15.301714285714286	29460.0
15.355954954954955	30410.0
15.321819999999999	30340.0
15.41352	31480.0
15.317830000000001	30300.0
15.438039999999999	31300.0
15.363897	30910.0
15.418328000000001	31540.0
15.493712	30760.0
15.324174000000001	31330.0
15.544832	31380.0
15.403977999999999	31080.0
15.505718	31870.0
15.513412000000001	30400.0
15.459047999999999	31740.0
15.553980999999999	30870.0
15.496432	31780.0
15.582351648351649	32120.0
15.524734734734736	32550.0
15.595407999999999	32670.0
15.567423999999999	31080.0
15.591346	31590.0
15.660032000000001	30640.0
15.539757999999999	31150.0
15.718494	31760.0
15.58014	31460.0
15.677724	32620.0
15.704512999999999	31110.0
15.629592000000001	32870.0
15.746366000000002	31900.0
15.671215999999999	32430.0
15.755503999999998	32230.0
15.725103999999998	32380.0
15.755326673326673	33210.0
15.759415415415415	32400.0
15.766538000000001	33040.0
15.822851999999999	32060.0
15.750712	33780.0
15.869956	33730.0
15.773039000000001	32270.0
15.861934	33650.0
15.8834	33060.0
15.801130000000001	34340.0
15.933959999999999	32530.0
15.834975999999999	33140.0
15.929533000000001	33890.0
15.913774000000002	33550.0
15.916644	33610.0
15.952933	34490.0
15.938179999999999	33570.0
16.003312687312686	33330.0
15.947768768768768	33160.0
16.033408000000001	35480.0
15.968960000000001	32960.0
16.035786000000002	33640.0
16.067591999999998	35150.0
15.976280000000001	33740.0
16.131579000000002	34460.0
16.01024	33230.0
16.119327999999999	33200.0
16.106535000000001	34490.0
16.087720000000001	33480.0
16.153652000000001	34630.0
16.116604000000002	33890.0
16.186410000000002	34440.0
16.143682000000002	34860.0
16.198475524475526	34770.0
16.17001101101101	34720.0
16.212375999999999	36050.0
16.246995000000002	36330.0
16.182487999999999	34310.0
16.307196000000001	34780.0
16.193386	34040.0
16.303416000000002	34250.0
16.302531999999999	33920.0
16.263238999999999	34660.0
16.347056000000002	34760.0
16.286168	34560.0
16.369464999999998	34680.0
16.334512	35000.0
16.372423999999999	35350.0
16.371770999999999	34730.0
16.394859999999998	36600.0
16.430293706293707	36480.0
16.381321321321323	34990.0
16.483116000000003	35560.0
16.389112000000001	35090.0
16.507216	36040.0
16.487908000000001	34750.0
16.450579999999999	36910.0
16.553681999999998	35650.0
16.458991999999999	35650.0
16.570504	37960.0
16.530110999999998	35470.0
16.55866	36180.0
16.575222	36060.0
16.577949	34680.0
16.627255999999999	35310.0
16.589735999999998	35780.0
16.666891108891111	36110.0
16.586688688688689	37560.0
16.691246	36750.0
16.675661000000002	35330.0
16.650959999999998	38070.0
16.770616	37220.0
16.636876999999998	37260.0
16.778337999999998	37150.0
16.723116000000001	37170.0
16.743742000000001	36830.0
16.782523999999999	36840.0
16.750360000000001	36260.0
16.821296	37030.0
16.786823999999999	37680.0
16.843944	37170.0
16.796140000000001	36310.0
16.831015999999998	37520.0
16.895233766233765	37170.0
16.825149149149148	37080.0
16.917337999999997	36770.0
16.863312000000001	37450.0
16.912218000000003	36390.0
16.945456	37300.0
16.888939999999998	38150.0
16.971546	38180.0
16.934100000000001	37590.0
16.983840000000001	37330.0
16.981370000000002	36390.0
16.992391999999999	36850.0
17.013480000000001	37670.0
17.013945000000003	37440.0
17.059170000000002	36730.0
17.022358000000001	37710.0
17.093856143856144	38230.0
17.050703703703704	38080.0
17.093043999999999	38890.0
17.136181000000001	37720.0
17.069788000000003	38910.0
17.171049999999997	37860.0
17.116167999999998	37710.0
17.181103999999998	37810.0
17.176392	37580.0
17.169875000000001	38310.0
17.219193999999998	37530.0
17.212478000000001	37420.0
17.261528999999999	38190.0
17.229384	37210.0
17.280740000000002	37060.0
17.255185000000001	38480.0
17.298764000000002	37910.0
17.328842157842157	38190.0
17.272477477477477	38290.0
17.379103999999998	38450.0
17.303256000000001	37310.0
17.377141999999999	38010.0
17.381352	38310.0
17.357782	37960.0
17.420378621378621	37390.0
17.393081081081082	39400.0
17.449231999999999	37990.0
17.430551000000001	39060.0
17.465133999999999	38890.0
17.459416000000001	38330.0
17.487943000000001	38020.0
17.521015999999999	39020.0
17.479751999999998	38880.0
17.562202797202797	38740.0
17.499644644644647	36840.0
17.577024000000002	38320.0
17.578240000000001	38680.0
17.553936	39740.0
17.622927999999998	39110.0
17.580050999999997	38510.0
17.644068000000001	38570.0
17.624946000000001	37810.0
17.646349000000001	39850.0
17.657456	37740.0
17.669719999999998	38350.0
17.704898203592816	38500.0
17.67745090180361	37820.0
17.740536000000002	38230.0
17.697509	39400.0
17.761604000000002	38740.0
17.763359640359642	38290.0
17.727957	39470.0
17.82170929070929	38890.0
17.754224224224224	37890.0
17.836119	39420.0
17.820073359073358	38210.0
17.826431535269712	39640.0
17.860489000000001	39030.0
17.852276	37630.0
17.899214000000001	37500.0
17.871618000000002	37890.0
17.925112000000002	37650.0
17.896128000000001	39850.0
17.947121000000003	38380.0
17.96058	37360.0
17.928196	39830.0
18.023739260739262	38830.0
17.941295999999998	38500.0
18.039656000000001	37370.0
18.022071	37470.0
18.018865999999999	37990.0
18.072402	37950.0
18.041249000000001	37400.0
18.100819999999999	37130.0
18.081527999999999	38100.0
18.122282999999999	36230.0
18.110412	37060.0
18.141597999999998	37570.0
18.166522999999998	37930.0
18.142408	36650.0
18.219176000000001	37590.0
18.149370999999999	37950.0
18.247073999999998	37270.0
18.232783783783784	36700.0
18.217464	37070.0
18.287863999999999	36490.0
18.237891999999999	38320.0
18.308412000000001	37090.0
18.292760000000001	37900.0
18.32047	37900.0
18.329034	37040.0
18.340616000000001	38060.0
18.382840000000002	37910.0
18.357272000000002	37610.0
18.424168000000002	37540.0
18.376848000000003	35720.0
18.450244999999999	35860.0
18.455611999999999	35700.0
18.427112000000001	36820.0
18.518065065065066	36810.0
18.449833999999999	36790.0
18.53314	37970.0
18.516285	36010.0
18.516832000000001	38910.0
18.566976	36420.0
18.560780000000001	36800.0
18.595091999999998	35310.0
18.589133999999998	37290.0
18.617948999999999	36460.0
18.630700000000001	37650.0
18.635096000000001	36220.0
18.67909090909091	36050.0
18.642142142142141	37270.0
18.707895999999998	35470.0
18.689216000000002	36320.0
18.715589410589413	36050.0
18.743054054054053	36960.0
18.719327999999997	37350.0
18.770712	36090.0
18.762128000000001	37420.0
18.794225999999998	36260.0
18.796468000000001	37080.0
18.815796000000002	36720.0
18.835892999999999	35690.0
18.845112	36930.0
18.884828000000002	37310.0
18.856780999999998	37250.0
18.919879999999999	36150.0
18.906327999999998	35790.0
18.937524	36850.0
18.975009999999997	36380.0
18.938044955044955	36860.0
19.008407407407407	34550.0
18.98836	37410.0
19.022212	36510.0
19.035101000000001	35620.0
19.038954	36840.0
19.069621999999999	34800.0
19.069986	36970.0
19.103168	36180.0
19.091384000000001	34980.0
19.128610999999999	35860.0
19.127668	35750.0
19.151610000000002	35790.0
19.176997999999998	35380.0
19.144979999999997	36290.0
19.217776000000001	35450.0
19.18875824175824	36500.0
19.227995995995997	35680.0
19.245412000000002	35620.0
19.239315737051793	34960.0
19.285469879518072	34790.0
19.280224	36410.0
19.315453999999999	35420.0
19.308403999999999	35400.0
19.339479999999998	35660.0
19.348254000000001	35090.0
19.36994	35420.0
19.397920000000003	34660.0
19.373653000000001	35480.0
19.434462	34430.0
19.406475999999998	35850.0
19.448931000000002	34640.0
19.463975999999999	34560.0
19.451780219780222	35250.0
19.500329329329329	33400.0
19.491986000000001	36760.0
19.529319999999998	35030.0
19.528701000000002	36480.0
19.547899999999998	33990.0
19.564871999999998	34920.0
19.578330999999999	33690.0
19.611321999999998	34510.0
19.596366	33600.0
19.648866000000002	34630.0
19.629864000000001	33440.0
19.670863999999998	34300.0
19.691964035964038	33490.0
19.66534	33150.0
19.726464	32910.0
19.703307692307693	33890.0
19.743522522522522	33360.0
19.749416	33780.0
19.757256000000002	33170.0
19.781972	33470.0
19.787288	33170.0
19.821811	33520.0
19.807880000000001	33270.0
19.856248000000001	33480.0
19.848085999999999	32390.0
19.882210000000001	33300.0
19.907948000000001	32340.0
19.881529999999998	31650.0
19.957459999999998	32570.0
19.917028000000002	33250.0
19.968363	33230.0
19.978152000000001	32090.0
19.977335664335662	32910.0
20.014866866866864	31870.0
20.008384	31490.0
20.045928	31810.0
20.041581999999998	33280.0
20.070575999999999	32160.0
20.074452000000001	32110.0
20.095032	32100.0
20.12058	32030.0
20.105608	31980.0
20.157738000000002	32260.0
20.131291999999998	31190.0
20.173468	31580.0
20.189131	30690.0
20.180336	32160.0
20.228928	31770.0
20.21105094905095	31360.0
20.257509509509507	31120.0
20.261849999999999	31800.0
20.280265734265736	31690.0
20.299396396396396	31670.0
20.312799999999999	30990.0
20.344861999999999	29890.0
20.340169999999997	30660.0
20.380801999999999	32190.0
20.381962999999999	30930.0
20.400064	31170.0
20.431279999999997	31320.0
20.414988999999998	30670.0
20.463082	32350.0
20.458817999999997	31300.0
20.483954000000001	29980.0
20.49962	31920.0
20.50678221778222	31370.0
20.534815815815815	30740.0
20.540568	31240.0
20.565557999999999	31140.0
20.566255999999999	30980.0
20.594943999999998	30330.0
20.602432	29480.0
20.618974999999999	29660.0
20.643825999999997	30440.0
20.632183999999999	30260.0
20.681438999999997	31290.0
20.667300000000001	30850.0
20.694015999999998	31410.0
20.713777999999998	31690.0
20.712794000000002	30060.0
20.750798	30310.0
20.751533466533466	30430.0
20.785080080080078	30120.0
20.789591999999999	29230.0
20.810980999999998	30680.0
20.825182000000002	29430.0
20.839266000000002	30840.0
20.868473999999999	30460.0
20.860384	30270.0
20.906932000000001	30310.0
20.897098	30180.0
20.928048	31090.0
20.950680000000002	30880.0
20.939223999999999	29700.0
20.984544	29990.0
20.978448	30220.0
21.011293999999999	30320.0
21.021360000000001	29950.0
21.032614385614387	29650.0
21.052846846846847	29680.0
21.063448000000001	29860.0
21.091992000000001	31360.0
21.087418	30390.0
21.121624000000001	29980.0
21.120784	30560.0
21.145559000000002	29480.0
21.172799999999999	29900.0
21.159746772591856	28590.0
21.20498489425982	29050.0
21.195976000000002	30140.0
21.224944000000001	28550.0
21.240772	29910.0
21.2486	29120.0
21.275268000000001	28270.0
21.279214785214783	29530.0
21.307994994994996	30210.0
21.311382000000002	29440.0
21.341045999999999	30290.0
21.347895999999999	30180.0
21.370159999999998	29900.0
21.399813999999999	29030.0
21.386862000000001	29580.0
21.440062000000001	28600.0
21.428899000000001	29200.0
21.461116000000001	29710.0
21.479972	28750.0
21.480388000000001	28740.0
21.517616	28860.0
21.519034000000001	30200.0
21.549043000000001	28830.0
21.559336000000002	29580.0
21.577095904095906	30460.0
21.592014014014016	29750.0
21.607859999999999	29290.0
21.634697999999997	30270.0
21.636265999999999	30760.0
21.671635999999999	29250.0
21.668839999999999	28990.0
21.694433	28750.0
21.719873999999997	30430.0
21.721133999999999	30650.0
21.754479	30480.0
21.752800000000001	29580.0
21.779104	29750.0
21.793486999999999	29810.0
21.805880000000002	30780.0
21.825597999999999	30220.0
21.838453546453547	29290.0
21.862397397397398	28830.0
21.869	30490.0
21.895604000000002	30150.0
21.90099	30250.0
21.923382	29760.0
21.943722000000001	28920.0
21.948968000000001	29650.0
21.979664	29680.0
21.977094000000001	31060.0
22.004186000000001	29940.0
22.022507999999998	29260.0
22.033360000000002	31330.0
22.058768000000001	30940.0
22.066336	29930.0
22.092976	30630.0
22.103876	28930.0
22.12738961038961	30200.0
22.139935999999999	31560.0
22.159297297297297	30950.0
22.183136000000001	30650.0
22.184363000000001	29970.0
22.219796000000002	30480.0
22.217185999999998	31260.0
22.249309690309691	31250.0
22.26726226226226	29990.0
22.275468	30170.0
22.301223	30570.0
22.305118	30390.0
22.329194000000001	30500.0
22.343857	32560.0
22.360992	29460.0
22.380423999999998	31310.0
22.392128871128872	31480.0
22.41934934934935	30940.0
22.421872	31470.0
22.450673000000002	31230.0
22.457891999999998	31250.0
22.475207999999999	31480.0
22.502848	33080.0
22.497952000000002	31990.0
22.531292000000001	31650.0
22.536344	32390.0
22.556343999999999	31880.0
22.573312000000001	32530.0
22.582364000000002	32510.0
22.604461999999998	31550.0
22.61552	32970.0
22.639136000000001	32410.0
22.644435999999999	32510.0
22.668465534465533	31940.0
22.681336336336337	32300.0
22.693788000000001	33900.0
22.720461999999998	33520.0
22.718154999999999	33060.0
22.752191999999997	33080.0
22.759536000000001	33830.0
22.777657000000001	34250.0
22.796334000000002	34470.0
22.804296000000001	32680.0
22.832093999999998	33580.0
22.843415999999998	35160.0
22.867804	35570.0
22.880844	35120.0
22.900070000000003	35540.0
22.915331999999999	34740.0
22.929108891108893	36280.0
22.953794794794796	35950.0
22.961568	35950.0
22.992327	35100.0
22.997946000000002	37700.0
23.020104	35910.0
23.042891000000001	37500.0
23.047676000000003	36790.0
23.075472000000001	36600.0
23.082980000000003	36400.0
23.104602	38490.0
23.119277999999998	37820.0
23.136647999999997	37700.0
23.154655999999999	39030.0
23.168935999999999	38450.0
23.191258999999999	38910.0
23.201709999999999	40300.0
23.225522954091819	38260.0
23.236212424849697	41130.0
23.257504000000001	41510.0
23.27394	40890.0
23.283711	42010.0
23.311	42080.0
23.315836000000001	41820.0
23.340734999999999	42410.0
23.353248000000001	43950.0
23.368032000000003	42090.0
23.388000000000002	43960.0
23.401000000000003	43170.0
23.422983016983018	44570.0
23.434389949748745	43490.0
23.454992000000001	45860.0
23.465268000000002	43730.0
23.485636363636363	45210.0
23.503228228228227	47870.0
23.515405999999999	47210.0
23.539027000000001	48200.0
23.543944	46520.0
23.570495999999999	48700.0
23.582587	50310.0
23.599550000000001	48480.0
23.618326	50440.0
23.629114000000001	52080.0
23.649519999999999	51850.0
23.661708000000001	53610.0
23.681317	53260.0
23.693567999999999	54410.0
23.711238000000002	54290.0
23.727997000000002	55730.0
23.738488	55630.0
23.76595804195804	55490.0
23.768041041041041	56560.0
23.794308000000001	58190.0
23.808688	58250.0
23.819873999999999	60030.0
23.842848	60410.0
23.853452000000001	60540.0
23.877746000000002	62530.0
23.889814000000001	61810.0
23.907048	64180.0
23.923058000000001	62780.0
23.941168000000001	65070.0
23.960871999999998	65670.0
23.972190000000001	67760.0
23.996113999999999	68410.0
24.001154	67290.0
24.028242757242758	69180.0
24.040719719719721	73070.0
24.053007999999998	72860.0
24.080494999999999	73110.0
24.08905	73300.0
24.113163999999998	77070.0
24.126600999999997	77120.0
24.143207999999998	76280.0
24.162416	80610.0
24.175933000000001	79160.0
24.197046	82610.0
24.208454	81870.0
24.228724999999997	85400.0
24.240660000000002	85680.0
24.261900000000001	87680.0
24.277308000000001	87160.0
24.287298	90230.0
24.311640359640361	90540.0
24.322686000000001	92320.0
24.338576	93710.0
24.359704000000001	94360.0
24.368496999999998	96050.0
24.389925999999999	98380.0
24.403758	99000.0
24.421866999999999	102020.0
24.437460000000002	106330.0
24.451675999999999	104520.0
24.470285000000001	106570.0
24.485547999999998	111810.0
24.505665999999998	111100.0
24.515854000000001	112510.0
24.536184000000002	113490.0
24.551168000000001	117880.0
24.565972027972027	118340.0
24.58962	119150.0
24.601141999999999	123990.0
24.618456999999999	123700.0
24.633788000000003	128000.0
24.653372000000001	128950.0
24.668410999999999	131630.0
24.683724000000002	136140.0
24.701060000000002	137560.0
24.713965999999999	139680.0
24.733903999999999	140060.0
24.746176000000002	144540.0
24.765457000000001	149790.0
24.777576	151860.0
24.792290000000001	152740.0
24.812030999999998	157720.0
24.821251748251751	158120.0
24.842975975975975	162580.0
24.856946000000001	165220.0
24.872433999999998	165670.0
24.888389221556885	170570.0
24.901553106212425	173670.0
24.918527999999998	175530.0
24.932207999999999	179110.0
24.950823	183250.0
24.964237999999998	186890.0
24.98415	190610.0
24.997962999999999	192440.0
25.013124000000001	197540.0
25.031212	200140.0
25.042090999999999	206640.0
25.064164000000002	212590.0
25.075441558441558	212130.0
25.09384984984985	219740.0
25.114367999999999	224460.0
25.127616	225270.0
25.149953	233670.0
25.161840000000002	238740.0
25.182308000000003	242300.0
25.198627999999999	247580.0
25.217236	251570.0
25.23396	258760.0
25.249862	261900.0
25.268273999999998	269750.0
25.282432	273630.0
25.303677999999998	281610.0
25.312472	283870.0
25.336424000000001	286090.0
25.351389999999999	296390.0
25.36324175824176	301430.0
25.383990990990991	302410.0
25.394037999999998	311670.0
25.415672000000001	316160.0
25.430204	321960.0
25.445637000000001	331790.0
25.462855999999999	333660.0
25.478466000000001	345230.0
25.497744000000001	355450.0
25.510719999999999	353840.0
25.530192	361040.0
25.543990000000001	364820.0
25.561516000000001	379450.0
25.578816	381040.0
25.590879000000001	379950.0
25.616416000000001	396040.0
25.626665334665333	403610.0
25.650029029029028	408340.0
25.665936000000002	417960.0
25.679649999999999	424080.0
25.699952	428400.0
25.714935999999998	442980.0
25.734944000000002	449940.0
25.747031	455720.0
25.767172000000002	467710.0
25.781801999999999	472380.0
25.799728999999999	475180.0
25.819616	487800.0
25.832636000000001	489140.0
25.855596999999999	502790.0
25.866042	507220.0
25.887990000000002	518640.0
25.903419	525600.0
25.917603396603397	535650.0
25.939042042042043	542520.0
25.951060999999999	552910.0
25.970493999999999	556070.0
25.985014	566790.0
26.00018	566160.0
26.015148	580270.0
26.031084	586120.0
26.049883000000001	593980.0
26.063382000000001	606940.0
26.084172000000002	604280.0
26.092445000000001	611910.0
26.112020979020979	613430.0
26.128223999999999	625960.0
26.143422000000001	631940.0
26.161135999999999	630060.0
26.171704295704295	643190.0
26.190828828828828	646000.0
26.206655999999999	647290.0
26.219524	652570.0
26.237884999999999	660050.0
26.254874000000001	665590.0
26.271789999999999	664080.0
26.285139000000001	665890.0
26.303240000000002	673130.0
26.316759999999999	674060.0
26.33578	674310.0
26.352529999999998	674380.0
26.366558000000001	674710.0
26.388319000000003	677310.0
26.400656000000001	681800.0
26.419652000000003	670650.0
26.436847	668320.0
26.452070929070928	671000.0
26.469834834834835	667040.0
26.486362	656160.0
26.504552	659050.0
26.519968000000002	649280.0
26.537980000000001	652390.0
26.55593	641380.0
26.57189	635850.0
26.590990999999999	627900.0
26.604372000000001	618990.0
26.624320000000001	618670.0
26.638726999999999	611950.0
26.656545999999999	602540.0
26.670272000000001	595080.0
26.684211000000001	589990.0
26.703479999999999	585960.0
26.719435564435564	586630.0
26.737167167167168	581490.0
26.754642	582650.0
26.771205999999999	587940.0
26.787490000000002	587750.0
26.802404000000003	586650.0
26.822520000000001	587020.0
26.835651000000002	591350.0
26.854040000000001	586320.0
26.867526000000002	589310.0
26.883864000000003	585290.0
26.901864	589690.0
26.916063999999999	581220.0
26.936023000000002	576450.0
26.953911999999999	569920.0
26.970689999999998	575860.0
26.985707999999999	576680.0
27.001804195804194	572060.0
27.01978978978979	563410.0
27.034981999999999	557940.0
27.054116	554440.0
27.069512000000003	548940.0
27.087780000000002	540250.0
27.102271999999999	531980.0
27.120504	516650.0
27.140701	504290.0
27.151478000000001	493000.0
27.176077999999997	477560.0
27.190242000000001	451850.0
27.209112000000001	435740.0
27.225351999999997	413130.0
27.241216000000001	386120.0
27.262219999999999	356490.0
27.275941058941058	338760.0
27.295968968968968	317880.0
27.313655999999998	300880.0
27.331520000000001	292820.0
27.349585000000001	278270.0
27.366232	277080.0
27.386319999999998	268010.0
27.400948	262950.0
27.420839999999998	255690.0
27.436384	252660.0
27.452323000000003	246460.0
27.470230000000001	242600.0
27.486920000000001	237440.0
27.506498007968126	236810.0
27.521381526104417	234310.0
27.541376	228430.0
27.557580419580422	225650.0
27.57522922922923	225330.0
27.592837999999997	223760.0
27.608423999999999	219910.0
27.625432	215040.0
27.641740000000002	215630.0
27.662359000000002	209520.0
27.677104000000003	208610.0
27.694401999999997	207480.0
27.709566000000002	206430.0
27.725576	203740.0
27.744152000000003	205070.0
27.757385000000003	200820.0
27.773996	200360.0
27.792003999999999	194880.0
27.808630999999998	196540.0
27.825944	194910.0
27.84155944055944	189360.0
27.858001001001	189850.0
27.875437999999999	191980.0
27.892990000000005	192480.0
27.908206	189810.0
27.927047999999999	188550.0
27.942983999999999	185040.0
27.958785000000002	185190.0
27.975711999999998	186770.0
27.988827999999998	182640.0
28.007853000000001	185500.0
28.025064	182260.0
28.039011999999996	182530.0
28.056784	179800.0
28.074154	177280.0
28.090964	179100.0
28.107304695304695	179120.0
28.123721721721722	178980.0
28.140471999999999	176290.0
28.156506	178020.0
28.173613999999997	178380.0
28.190089999999998	177270.0
28.207773	176060.0
28.223047999999999	173650.0
28.239936000000004	174430.0
28.258708000000002	173660.0
28.272318000000002	173240.0
28.291604	175410.0
28.306486	174890.0
28.321991999999998	176120.0
28.338639999999998	176090.0
28.355902	172290.0
28.373028000000001	172160.0
28.389612387612388	176980.0
28.408315315315313	176550.0
28.425380000000001	172480.0
28.442095999999999	175050.0
28.455009	171360.0
28.470230000000001	172300.0
28.490919999999999	171160.0
28.506188999999999	174440.0
28.528008	172610.0
28.542767999999999	176000.0
28.557383000000002	172710.0
28.574929999999998	175640.0
28.591867999999998	175110.0
28.609057	170720.0
28.624683999999998	176140.0
28.641224000000001	175000.0
28.657254745254747	173520.0
28.67619119119119	173860.0
28.692177999999998	171050.0
28.707535	175810.0
28.726807999999998	172440.0
28.740751999999997	173320.0
28.758303000000002	177740.0
28.775351999999998	175410.0
28.792289999999998	174210.0
28.808532999999997	174190.0
28.826180000000001	173150.0
28.841864000000001	176790.0
28.857762999999998	175710.0
28.875834000000001	173300.0
28.893922	174820.0
28.912521999999999	174580.0
28.927512	174710.0
28.943140859140858	175880.0
28.959062062062063	174670.0
28.976293999999999	174910.0
28.994381999999998	176380.0
29.008816999999997	177530.0
29.025552000000005	176100.0
29.041611999999997	177120.0
29.059781999999998	175980.0
29.077944000000002	177220.0
29.091616000000002	177370.0
29.108335	179780.0
29.124631999999998	176970.0
29.141656000000001	176060.0
29.157227000000002	182210.0
29.173756000000001	177070.0
29.191696	179290.0
29.20668831168831	179280.0
29.224171171171172	177340.0
29.241736	181700.0
29.258744000000004	175770.0
29.273907999999999	178850.0
29.291762000000002	182070.0
29.308588	177080.0
29.322016000000001	180210.0
29.340992	179020.0
29.358584999999998	179670.0
29.375435999999997	181580.0
29.39349	184060.0
29.409006000000002	181970.0
29.425363999999998	180650.0
29.442339999999998	181320.0
29.458904	183460.0
29.47523	183870.0
29.492669330669329	182200.0
29.508323323323324	180220.0
29.527568000000002	185130.0
29.543103999999996	183830.0
29.557986	183810.0
29.577929999999999	185040.0
29.594016	190340.0
29.611401999999998	186910.0
29.629275999999997	186190.0
29.644688000000002	186660.0
29.662305999999997	186750.0
29.678514	187660.0
29.696601999999999	186670.0
29.712966000000002	190030.0
29.729112000000001	188850.0
29.746832000000001	188790.0
29.761857142857142	192040.0
29.779792792792794	189430.0
29.795403999999998	193470.0
29.815031000000001	190340.0
29.832156000000001	190500.0
29.846443999999998	192720.0
29.866223999999999	194870.0
29.882828	192160.0
29.899054	195260.0
29.917934999999996	194530.0
29.934272	198590.0
29.950384	196600.0
29.966823000000002	200770.0
29.984894000000001	195600.0
29.999751999999997	197320.0
30.017471	197400.0
30.033808000000001	200280.0
30.052032967032968	197590.0
30.069382382382379	197990.0
30.086392000000004	199210.0
30.104416000000001	200290.0
30.121512999999997	199440.0
30.139127999999999	205110.0
30.154672000000001	203000.0
30.171626999999997	204620.0
30.186471999999998	202040.0
30.204308000000005	204270.0
30.221566000000003	205640.0
30.236979999999999	204600.0
30.255323999999998	204420.0
30.272884999999999	205580.0
30.288830000000001	206550.0
30.307933999999999	206290.0
30.323874125874127	208380.0
30.34059059059059	211100.0
30.355664000000001	210890.0
30.371663000000002	210090.0
30.389631999999999	209930.0
30.406822000000002	213140.0
30.424206000000002	209460.0
30.439088000000002	212690.0
30.455051999999998	211760.0
30.472285000000003	213720.0
30.488712	212530.0
30.504097999999999	211390.0
30.519134999999999	212960.0
30.536424	216470.0
30.552303999999999	213600.0
30.566387000000002	214580.0
30.581930000000003	217770.0
30.599726273726272	214830.0
30.616823823823822	214210.0
30.630936000000002	214870.0
30.649624000000003	212500.0
30.664684999999999	218660.0
30.680630000000001	216830.0
30.696284000000002	218940.0
30.711535000000001	217180.0
30.727479999999996	220190.0
30.743936000000001	218360.0
30.760944000000002	219430.0
30.775463999999999	219650.0
30.793033999999999	222380.0
30.808736999999997	223090.0
30.825804000000002	220970.0
30.843891999999997	223990.0
30.860070929070925	225820.0
30.878025999999998	227520.0
30.892121999999997	224040.0
30.909677000000002	229150.0
30.924071999999999	226730.0
30.940839999999998	229190.0
30.956465999999999	224760.0
30.972494000000001	231430.0
30.989243999999999	226730.0
31.004635	227010.0
31.021152000000001	229160.0
31.036904	232200.0
31.055979999999998	230480.0
31.071143999999997	226710.0
31.085564000000002	233030.0
31.100445999999998	232310.0
31.116279999999996	232300.0
31.133255255255257	234250.0
31.151105999999999	233840.0
31.166414	234820.0
31.184089999999998	235010.0
31.200841999999998	236120.0
31.219311999999999	235110.0
31.235543999999997	237010.0
31.252262000000002	235190.0
31.269308000000002	238160.0
31.285962000000001	238520.0
31.304033	236130.0
31.319967999999999	241790.0
31.337968	241050.0
31.354585	238150.0
31.369628000000002	240340.0
31.389354000000001	238030.0
31.40544844844845	240000.0
31.422656	240850.0
31.441808000000002	243890.0
31.459844155844156	244350.0
31.474781781781783	248350.0
31.492882000000002	243010.0
31.510134999999998	244640.0
31.527024000000001	247770.0
31.544040000000003	248740.0
31.560584000000002	249420.0
31.578254000000001	248390.0
31.596342	251810.0
31.614413000000003	247450.0
31.629076000000001	248250.0
31.646572000000003	252250.0
31.664642999999998	252030.0
31.682629370629371	251600.0
31.698576576576578	248850.0
31.714704000000005	252230.0
31.731944000000002	251710.0
31.749435564435561	252160.0
31.766808808808808	250450.0
31.785330000000002	257910.0
31.801289999999998	257610.0
31.818332999999999	256110.0
31.835791999999998	256710.0
31.854843999999996	257170.0
31.871345999999999	253380.0
31.888634000000003	254120.0
31.905856	256920.0
31.924722000000003	261090.0
31.940880000000003	256900.0
31.95706293706294	259740.0
31.976771771771773	262100.0
31.992730000000002	260240.0
32.008936000000006	261700.0
32.026561999999998	262810.0
32.046067999999998	262210.0
32.062795999999999	263320.0
32.077483000000001	266430.0
32.096116000000002	264800.0
32.114015999999999	267660.0
32.130334999999995	267460.0
32.148536	268790.0
32.165239999999997	269390.0
32.186458999999999	270390.0
32.202188	268880.0
32.219090000000001	269840.0
32.235173000000003	271630.0
32.25310989010989	273410.0
32.270123123123128	272740.0
32.287402999999998	268410.0
32.305152	271930.0
32.321404000000001	268750.0
32.337184000000001	272490.0
32.354703999999998	274670.0
32.373367999999999	275470.0
32.390585000000002	275650.0
32.406530000000004	278000.0
32.421723999999998	275910.0
32.439921999999996	277790.0
32.455488000000003	278080.0
32.474208000000004	273970.0
32.490304000000002	278080.0
32.50723	278530.0
32.52333366633367	277510.0
32.539914914914917	278040.0
32.555351999999999	279550.0
32.571704000000004	275620.0
32.587783000000002	277950.0
32.605854000000001	277480.0
32.622363999999997	282160.0
32.637834999999995	277740.0
32.653128000000002	281870.0
32.670888000000005	281270.0
32.687685000000002	279290.0
32.704472000000003	278540.0
32.718778	281180.0
32.736473000000004	279480.0
32.751415999999999	280820.0
32.765728000000003	281330.0
32.784543999999997	284800.0
32.801326673326678	277500.0
32.816993993993997	283550.0
32.833281999999997	281030.0
32.851179999999999	280630.0
32.867615999999998	283410.0
32.883006999999999	286880.0
32.901040000000002	283620.0
32.920321999999999	282680.0
32.936935000000005	285560.0
32.953672000000005	290830.0
32.968983999999999	287050.0
32.986623000000002	287460.0
33.00273	289960.0
33.019597999999995	289580.0
33.034179999999999	286190.0
33.054408000000002	289200.0
33.069772227772226	289150.0
33.086772772772775	289060.0
33.102705999999998	286430.0
33.117815999999998	284990.0
33.135313000000004	287380.0
33.152279999999998	291300.0
33.167624000000004	290820.0
33.183185000000002	291450.0
33.199871999999999	293420.0
33.215284000000004	289880.0
33.231904	286730.0
33.247980000000005	287530.0
33.264935999999999	285600.0
33.284002999999998	288870.0
33.301586	286280.0
33.31579	287680.0
33.331984000000006	289600.0
33.3492987012987	283570.0
33.366994005994002	291060.0
33.382233532934137	294190.0
33.399000000000001	291490.0
33.414659999999998	294540.0
33.432209	292550.0
33.448304	288430.0
33.466363999999999	290400.0
33.480827999999995	291750.0
33.500639999999997	293630.0
33.516244	293190.0
33.533162000000004	293500.0
33.552008000000001	293790.0
33.567175999999996	289500.0
33.583587000000001	291970.0
33.598453999999997	290310.0
33.61621078921079	291540.0
33.633214214214213	295780.0
33.64978	298170.0
33.667804000000004	290390.0
33.685106000000005	292200.0
33.700630000000004	293200.0
33.716589999999997	292420.0
33.734842	296190.0
33.751283464566924	293750.0
33.767414634146341	294300.0
33.785302999999999	299940.0
33.799396000000002	298020.0
33.818548	291590.0
33.836936999999999	295760.0
33.851391999999997	293330.0
33.868415999999996	295580.0
33.885763000000004	295110.0
33.903827172827171	293620.0
33.921912912912916	292000.0
33.93629	292750.0
33.952840000000002	293340.0
33.970184000000003	290960.0
33.987942000000004	295410.0
34.006293999999997	292450.0
34.022689999999997	297960.0
34.039543999999999	296270.0
34.054608000000002	295620.0
34.075540000000004	294690.0
34.091485000000006	294940.0
34.107267999999998	298060.0
34.123294000000001	294300.0
34.142913	295880.0
34.16028	299260.0
34.176649350649349	295810.0
34.193655655655654	292770.0
34.210129999999999	294580.0
34.226695999999997	290220.0
34.243034999999999	293860.0
34.259712	292560.0
34.277532000000001	294440.0
34.297320999999997	290860.0
34.315674000000001	295240.0
34.328831999999998	297860.0
34.348881999999996	290220.0
34.36768	293120.0
34.383464000000004	296390.0
34.399540999999999	295200.0
34.418832000000002	291370.0
34.435856000000001	295190.0
34.452435000000001	289740.0
34.470338661338658	292300.0
34.487777777777779	290220.0
34.505141999999999	291400.0
34.524276	292110.0
34.542681999999999	294160.0
34.559944000000002	292980.0
34.577824	293490.0
34.59404	293770.0
34.611983000000002	289700.0
34.627991999999999	289030.0
34.645394000000003	287630.0
34.664834999999997	292540.0
34.680779999999999	289800.0
34.696739999999998	290240.0
34.713822	288740.0
34.730746000000003	289420.0
34.747098901098902	288060.0
34.765665665665665	288440.0
34.781848000000004	288660.0
34.798832000000004	287580.0
34.816902999999996	281880.0
34.833329999999997	286240.0
34.851061999999999	283880.0
34.865336999999997	285780.0
34.884180000000001	283080.0
34.90014	282910.0
34.916363000000004	284040.0
34.933625999999997	283300.0
34.948788	281500.0
34.967593000000001	277030.0
34.984487999999999	279960.0
34.999839999999999	283060.0
35.015785000000001	280000.0
35.033465534465535	282070.0
35.05003	281720.0
35.067756756756758	282510.0
35.084580000000003	279710.0
35.099703999999996	277080.0
35.119081000000001	279080.0
35.132544000000003	275040.0
35.153416	277130.0
35.170245999999999	276170.0
35.185583999999999	277220.0
35.203456000000003	279610.0
35.220742999999999	274280.0
35.237787999999995	272690.0
35.253495999999998	274220.0
35.270972999999998	273660.0
35.287447999999998	272890.0
35.304121878121876	277820.0
35.320879879879882	268830.0
35.339717999999998	274180.0
35.356003999999999	275070.0
35.370037000000004	271920.0
35.389327999999999	270360.0
35.408567999999995	270710.0
35.424663000000002	272090.0
35.442632000000003	269620.0
35.459490000000002	271410.0
35.475435000000004	266810.0
35.491672000000001	271150.0
35.509052000000004	269450.0
35.527542000000004	269090.0
35.544266	266370.0
35.559736000000001	270050.0
35.576135000000001	265560.0
35.592741258741256	264290.0
35.6083003003003	265910.0
35.624783999999998	265370.0
35.64431274900398	262080.0
35.660885542168671	259460.0
35.677823999999994	263030.0
35.692936000000003	264430.0
35.711855999999997	264300.0
35.729579999999999	261290.0
35.749630000000003	264800.0
35.764977999999999	262490.0
35.780273000000001	262080.0
35.798344	259090.0
35.815936000000001	261040.0
35.831826	259240.0
35.848573999999999	259560.0
35.865279720279716	259100.0
35.884226226226225	256360.0
35.901180000000004	259190.0
35.919767999999998	255880.0
35.936084999999999	256730.0
35.952025999999996	255450.0
35.966254000000006	256250.0
35.985548000000001	254420.0
35.999072000000005	251530.0
36.016607999999998	249170.0
36.034784999999999	256510.0
36.050730000000001	250210.0
36.068028000000005	253410.0
36.085635000000003	249150.0
36.103296	252070.0
36.121175999999998	250370.0
36.138172827172831	252160.0
36.15366466466466	251770.0
36.172694	248430.0
36.190224000000001	248890.0
36.20628	253010.0
36.225208000000002	246730.0
36.239183816183818	248160.0
36.255540540540544	250310.0
36.274501999999998	242930.0
36.291765999999996	242700.0
36.307644000000003	244430.0
36.325336	243190.0
36.341884999999998	243530.0
36.358874	243840.0
36.374617999999998	243990.0
36.391682000000003	243860.0
36.409392000000004	241720.0
36.426403596403595	241080.0
36.443421421421419	240070.0
36.458627999999997	240510.0
36.477388000000005	239030.0
36.496348000000005	243110.0
36.509656	237360.0
36.528321428571431	236000.0
36.54461592741935	232910.0
36.562511999999998	238220.0
36.578843999999997	236630.0
36.595362000000002	234500.0
36.614496000000003	236150.0
36.630968000000003	233400.0
36.646583999999997	235750.0
36.664254	232560.0
36.681615999999998	232040.0
36.697034965034966	231680.0
36.715333333333334	231420.0
36.733572000000002	230550.0
36.748706000000006	228500.0
36.769461999999997	231180.0
36.781908000000001	227740.0
36.800873000000003	227840.0
36.819175999999999	227070.0
36.837440000000001	226390.0
36.854461999999998	230900.0
36.872329999999998	224250.0
36.888289999999998	227680.0
36.905332999999999	226120.0
36.924015999999995	230140.0
36.940463999999999	223390.0
36.957563	223360.0
36.975633999999999	222410.0
36.990246753246751	223650.0
37.005933933933932	223740.0
37.024856	220480.0
37.041895999999994	218620.0
37.059023000000003	218780.0
37.077093999999995	219440.0
37.093705999999997	217640.0
37.108798	215780.0
37.129580000000004	219660.0
37.145540000000004	217070.0
37.162982	217760.0
37.179305999999997	215510.0
37.198146000000001	213250.0
37.215646	212660.0
37.233536000000001	216930.0
37.250239999999998	213490.0
37.265293706293711	211880.0
37.28395495495495	210870.0
37.298114000000005	210360.0
37.318173000000002	209240.0
37.335848000000006	209170.0
37.351331999999999	209990.0
37.369143999999999	209520.0
37.386152000000003	207940.0
37.403948	208880.0
37.420836999999999	208460.0
37.43824	203170.0
37.455488000000003	206050.0
37.471862999999999	208080.0
37.489232000000001	207060.0
37.504724000000003	203950.0
37.522922000000001	206250.0
37.539379999999994	203820.0
37.554370629370631	203410.0
37.572380000000003	200450.0
37.593066	198820.0
37.607481999999997	201730.0
37.624716999999997	199430.0
37.639623999999998	202800.0
37.658048000000001	198710.0
37.676783	200800.0
37.693929999999995	197380.0
37.710416000000002	194380.0
37.725657000000005	195610.0
37.740780000000001	195840.0
37.758888000000006	198300.0
37.775685000000003	196640.0
37.791629999999998	199340.0
37.809401999999999	190190.0
37.826488511488513	192020.0
37.842543999999997	192330.0
37.860437125748504	190930.0
37.876359719438881	191530.0
37.893218000000005	188740.0
37.912004000000003	191940.0
37.926536999999996	190660.0
37.941592	189780.0
37.960043999999996	186470.0
37.977007	188470.0
37.993835999999995	185920.0
38.011656000000002	185320.0
38.027206	180400.0
38.044463999999998	185430.0
38.060839999999999	182220.0
38.080461	181120.0
38.095747999999993	184210.0
38.110810810810811	179570.0
38.129525999999998	181550.0
38.144924000000003	178600.0
38.162768463073853	177710.0
38.179463927855707	178880.0
38.195791999999997	180050.0
38.212816000000004	177320.0
38.231290999999999	177360.0
38.248176000000001	178400.0
38.264471999999998	177270.0
38.282542999999997	175420.0
38.299872000000001	177170.0
38.315283999999998	173180.0
38.330165999999998	172280.0
38.350639999999999	170990.0
38.364948000000005	172570.0
38.383754754754754	173310.0
38.398074000000001	171410.0
38.415603999999995	169290.0
38.431482000000003	169010.0
38.449368	166900.0
38.465768000000004	169220.0
38.483584999999998	168970.0
38.49953	166530.0
38.516621999999998	166060.0
38.534064000000001	168330.0
38.551763999999999	164460.0
38.567583999999997	162000.0
38.584104000000004	163880.0
38.601112000000001	164890.0
38.617190000000001	165160.0
38.635143999999997	165330.0
38.652222777222782	163660.0
38.669621621621623	159310.0
38.683979999999998	158010.0
38.703406000000001	161760.0
38.718541999999999	158680.0
38.735445999999996	159170.0
38.752136	162730.0
38.769739999999999	156930.0
38.786842999999998	155530.0
38.801703999999994	157350.0
38.818708000000001	158860.0
38.834766000000002	154460.0
38.853808000000001	158570.0
38.869544000000005	157120.0
38.888262000000005	153810.0
38.905307999999998	151500.0
38.92037462537462	154300.0
38.937222222222225	152550.0
38.953392000000001	155120.0
38.970692	150530.0
38.988424000000002	150530.0
39.006236000000001	151590.0
39.024456000000001	151190.0
39.040405999999997	151310.0
39.054103999999995	148670.0
39.073432000000004	150310.0
39.089628000000005	149490.0
39.105512000000004	148090.0
39.122536000000004	148090.0
39.137726000000001	144420.0
39.158439999999999	142750.0
39.173576000000004	147550.0
39.190584000000001	144540.0
39.207589410589406	143830.0
39.224603603603605	143370.0
39.241624000000002	145970.0
39.258983999999998	144230.0
39.275408000000006	142340.0
39.290664	142040.0
39.308214	141720.0
39.325696000000001	141210.0
39.343373	140530.0
39.358516000000002	138640.0
39.377124000000002	136700.0
39.393026000000006	138360.0
39.411595999999996	138600.0
39.427789999999995	139940.0
39.445784000000003	138070.0
39.462904000000002	137090.0
39.48046153846154	137060.0
39.496050050050052	135400.0
39.513832000000001	136970.0
39.531222	133410.0
39.548006000000001	133270.0
39.564363999999998	133250.0
39.581896	135060.0
39.597666000000004	133230.0
39.615957999999999	130580.0
39.630206000000001	131580.0
39.649180000000001	131970.0
39.665208	133220.0
39.680104	131480.0
39.701979000000001	128850.0
39.717116000000004	128450.0
39.735764000000003	129740.0
39.751024000000001	129110.0
39.767776223776224	126510.0
39.784990990990991	128170.0
39.803305999999999	127590.0
39.820397999999997	125300.0
39.838084000000002	125940.0
39.853535000000001	124760.0
39.870111999999999	126970.0
39.88644	121900.0
39.903143999999998	126310.0
39.921781218781213	123500.0
39.937402402402405	125600.0
39.953234999999999	124160.0
39.970216000000001	124530.0
39.989215999999999	121890.0
40.006223999999996	121780.0
40.023232	122390.0
40.039454545454547	119490.0
40.055566566566569	118610.0
40.07488	120310.0
40.091752	119500.0
40.109822999999999	118220.0
40.126148000000001	119150.0
40.142336	117970.0
40.160052999999998	118180.0
40.175808000000004	116960.0
40.193211999999995	118940.0
40.210384000000005	115350.0
40.228353999999996	116520.0
40.24539	115450.0
40.261513000000001	113370.0
40.279266401590455	114320.0
40.296221105527636	113490.0
40.315617617617619	112970.0
40.32978321678322	113160.0
40.344675675675674	111560.0
40.361910999999999	113790.0
40.379448000000004	112950.0
40.396121878121882	110390.0
40.414197197197197	112660.0
40.430107999999997	111410.0
40.447361999999998	110440.0
40.464584000000002	109490.0
40.483415999999998	108430.0
40.498664000000005	109230.0
40.514741000000001	106510.0
40.534326	108810.0
40.548988000000001	107960.0
40.567664000000001	107220.0
40.583503999999998	107760.0
40.599112887112888	106670.0
40.618694694694696	105900.0
40.635711999999998	104260.0
40.652189999999997	106330.0
40.669353000000001	105330.0
40.684736000000001	102890.0
40.702247999999997	102520.0
40.720582999999998	104980.0
40.736929999999994	106050.0
40.754742	101490.0
40.770834999999998	102750.0
40.788831999999999	103370.0
40.805972000000004	104480.0
40.823684999999998	102920.0
40.839872	101730.0
40.856895999999999	103450.0
40.874204747774485	101500.0
40.89180404040404	99310.0
40.909423423423426	99440.0
40.92525974025974	99790.0
40.942155688622755	97990.0
40.959275827482443	99270.0
40.974485999999999	98500.0
40.992616000000005	95810.0
41.008263999999997	98220.0
41.027841000000002	97540.0
41.045017000000001	97080.0
41.063041041041039	94440.0
41.079548000000003	94260.0
41.093648000000002	96940.0
41.112839999999998	93430.0
41.129104000000005	95840.0
41.14573	94060.0
41.162574425574427	93190.0
41.181134865134865	90560.0
41.198567134268536	93390.0
41.21454	93030.0
41.233280999999998	90690.0
41.249657342657343	90500.0
41.266213213213213	92450.0
41.283223999999997	91060.0
41.297376	87410.0
41.319195195195199	90150.0
41.333421999999999	87500.0
41.352414000000003	89240.0
41.369678	90640.0
41.384304	89980.0
41.401643999999997	89180.0
41.420127999999998	88190.0
41.437878121878121	87640.0
41.454335999999998	88770.0
41.471360000000004	87160.0
41.487071999999998	87480.0
41.505509000000004	85980.0
41.525725000000001	87090.0
41.543407999999999	86150.0
41.556812000000001	82460.0
41.574388611388613	84530.0
41.590476476476482	84730.0
41.608469061876249	84830.0
41.625158158158158	84820.0
41.640927927927926	84280.0
41.659511999999999	84540.0
41.677227999999999	83240.0
41.695128871128873	82610.0
41.711072072072071	83900.0
41.728102897102893	82020.0
41.744969999999995	81160.0
41.761575999999998	80600.0
41.779325	80230.0
41.796607999999999	80770.0
41.812764999999999	80480.0
41.830539460539462	82730.0
41.846669669669673	79440.0
41.863697000000002	79250.0
41.881575000000005	78630.0
41.898023999999999	80550.0
41.917157999999993	78990.0
41.935130000000001	78130.0
41.950364635364636	79260.0
41.966306306306308	79740.0
41.984699999999997	77200.0
42.002671999999997	77410.0
42.018766233766236	75510.0
42.036458000000003	76900.0
42.051590590590592	76850.0
42.070219000000002	76740.0
42.088675648702598	76130.0
42.10398997995992	75540.0
42.120856000000003	75080.0
42.13798901098901	74490.0
42.156873873873877	73350.0
42.173715000000001	73680.0
42.189920000000001	73510.0
42.206923076923076	71960.0
42.223550000000003	74980.0
42.240811999999998	72870.0
42.258454999999998	72700.0
42.27438323353293	74400.0
42.290951999999997	72090.0
42.310001998002001	73340.0
42.327952000000003	71240.0
42.343376753507009	71300.0
42.359153153153152	72180.0
42.377919999999996	71530.0
42.393076000000001	71520.0
42.413072	70600.0
42.430079999999997	70130.0
42.447298000000004	67890.0
42.465107892107888	69960.0
42.482747747747744	69450.0
42.500375999999996	70200.0
42.516151999999998	67610.0
42.534179999999999	68260.0
42.551609999999997	70020.0
42.568191999999996	67900.0
42.585188811188814	68020.0
42.602195804195809	66800.0
42.618387387387386	65040.0
42.636128128128128	66240.0
42.65231	68120.0
42.671240240240238	67690.0
42.687600000000003	65910.0
42.708157842157846	65210.0
42.72367532467532	64660.0
42.738565130260518	66220.0
42.756343999999999	64750.0
42.773749000000002	64150.0
42.792271728271729	64080.0
42.810899899899901	66440.0
42.826630999999999	62860.0
42.844349999999999	65850.0
42.863113772455094	63170.0
42.880412412412412	62280.0
42.896585000000002	63850.0
42.910739	62800.0
42.928422000000005	62070.0
42.945521999999997	63080.0
42.964395000000003	62890.0
42.980337662337661	62280.0
42.996709709709712	60670.0
43.015093999999998	61230.0
43.033535999999998	59620.0
43.050134999999997	61070.0
43.065621999999998	61230.0
43.08372	61530.0
43.099589000000002	61340.0
43.115922077922079	60460.0
43.134337337337342	58570.0
43.152399600399598	58870.0
43.169632	58830.0
43.187555000000003	59160.0
43.203670000000002	56900.0
43.219816999999999	59260.0
43.239588411588414	58360.0
43.255522522522526	57240.0
43.271728000000003	58740.0
43.289031999999999	58620.0
43.306026000000003	59280.0
43.322614000000002	57410.0
43.340289999999996	57690.0
43.358430999999996	58160.0
43.37618581418581	56260.0
43.393486486486488	56350.0
43.413041	56040.0
43.428428571428569	55510.0
43.443974999999995	56160.0
43.461776	55170.0
43.478872000000003	54940.0
43.496769230769232	55760.0
43.512108108108109	55500.0
43.530547999999996	54400.0
43.546405594405599	54560.0
43.564916916916921	54280.0
43.581952000000001	53360.0
43.598959999999998	54100.0
43.616963999999996	53780.0
43.634421578421573	52830.0
43.65161861861862	51920.0
43.667631999999998	54360.0
43.685535999999999	53250.0
43.702224999999999	52300.0
43.71991108891109	51120.0
43.737071071071071	53460.0
43.756064000000002	51420.0
43.773006006006007	52530.0
43.789243999999997	53180.0
43.807120000000005	50810.0
43.823612000000004	52050.0
43.840118000000004	51640.0
43.858775000000001	49870.0
43.875616000000001	51680.0
43.892672327672329	51010.0
43.908618618618618	51180.0
43.926484000000002	50120.0
43.944934000000003	51410.0
43.961475	50550.0
43.976591999999997	50060.0
43.996822177822182	50520.0
44.015217999999997	48290.0
44.031208208208206	48120.0
44.045538999999998	50740.0
44.065016	48990.0
44.081139999999998	47530.0
44.100252000000005	48560.0
44.115346000000002	46660.0
44.133558000000001	48230.0
44.150750249750253	48540.0
44.169376376376377	47480.0
44.186391999999998	47650.0
44.202114000000002	47460.0
44.219138000000001	46510.0
44.236432000000001	49240.0
44.255994994994992	46180.0
44.271657342657349	46040.0
44.289389830508476	47840.0
44.30742	48330.0
44.322672327672329	46800.0
44.341477522477518	46170.0
44.358055055055054	45430.0
44.373789210789212	46120.0
44.391865596790375	47310.0
44.409158841158842	48020.0
44.426995995995995	44430.0
44.443444	45320.0
44.459817999999999	45550.0
44.476950049950048	44610.0
44.493627627627625	44520.0
44.510656000000004	44940.0
44.530225999999999	44890.0
44.543993006993006	45600.0
44.56362	44740.0
44.579687999999997	44390.0
44.596696000000001	45120.0
44.613720000000001	44830.0
44.630495000000003	43710.0
44.647328000000002	44330.0
44.665754245754243	44860.0
44.681491491491492	44090.0
44.697747999999997	42620.0
44.715800000000002	43140.0
44.731582000000003	42600.0
44.749856856856859	42560.0
44.767115000000004	42610.0
44.783059999999999	42630.0
44.800724275724271	43170.0
44.81603303303303	41650.0
44.83288811188811	42020.0
44.850006993006993	40740.0
44.868905905905905	43060.0
44.885745	42030.0
44.901936000000006	41640.0
44.919884115884116	41620.0
44.937840840840842	41360.0
44.953848000000001	41980.0
44.971000000000004	41820.0
44.987008000000003	41370.0
45.004642000000004	39320.0
45.020659999999999	41370.0
45.037801000000002	40310.0
45.055858141858138	40690.0
45.073078078078083	38990.0
45.087259000000003	39840.0
45.106089910089914	39090.0
45.122104	40270.0
45.138980000000004	39170.0
45.155315000000002	39760.0
45.173398601398603	40400.0
45.191783783783784	39820.0
45.209389999999999	38870.0
45.225640640640641	39030.0
45.244224775224772	39070.0
45.261058058058062	39650.0
45.276600000000002	38390.0
45.293951	37830.0
45.310478521478522	37930.0
45.324787787787784	38860.0
45.343966999999999	38230.0
45.361296000000003	37890.0
45.379303999999998	38940.0
45.396148000000004	37690.0
45.411319999999996	37300.0
45.428131868131864	37160.0
45.444340340340339	36760.0
45.461694999999999	37700.0
45.479383999999996	38090.0
45.496853999999999	37640.0
45.512824999999999	38450.0
45.529012999999999	36990.0
45.545780000000001	37050.0
45.562428571428569	36640.0
45.580239239239241	36920.0
45.597472000000003	36360.0
45.613575000000004	37420.0
45.63438	36390.0
45.649512000000001	36170.0
45.666398429833166	36830.0
45.682278738555439	37180.0
45.699747494989978	37230.0
45.716701298701302	36620.0
45.732618618618616	35650.0
45.750762237762238	35520.0
45.768015015015017	36740.0
45.785007	34920.0
45.801234000000001	35420.0
45.818629370629367	35190.0
45.835659659659662	36040.0
45.854255999999999	35740.0
45.869970000000002	37270.0
45.885771228771226	35110.0
45.90172972972973	34640.0
45.920630000000003	34580.0
45.935740518962071	35020.0
45.952892892892898	35250.0
45.970743999999996	35170.0
45.988065999999996	33970.0
46.005414999999999	34210.0
46.022632000000002	35910.0
46.040807999999998	34320.0
46.058367000000004	34320.0
46.074578842315368	34190.0
46.091515030060123	35260.0
46.108856000000003	34910.0
46.125059999999998	34630.0
46.142756000000006	32750.0
46.158964999999995	32480.0
46.174909999999997	34210.0
46.192042957042958	33790.0
46.21080360721443	34190.0
46.22658483033932	33740.0
46.241955955955952	32760.0
46.259592407592407	33660.0
46.278340999999998	34660.0
46.295561561561563	33710.0
46.312007992007992	33580.0
46.328990019960081	33100.0
46.346020040080155	32930.0
46.362339660339657	32440.0
46.379032000000002	33730.0
46.395227772227777	33770.0
46.415559999999999	33560.0
46.430269809428282	33320.0
46.446127872127867	31040.0
46.462980980980987	32630.0
46.478411999999999	32800.0
46.497164835164831	32260.0
46.514679999999998	33080.0
46.533167999999996	31500.0
46.549417999999996	33300.0
46.565199999999997	32060.0
46.582199800199803	31100.0
46.598072072072071	32080.0
46.616799999999998	31280.0
46.633842000000001	32020.0
46.651806000000001	30630.0
46.667619999999999	32690.0
46.684288000000002	31230.0
46.700355000000002	32840.0
46.71828528528529	31720.0
46.734410999999994	32130.0
46.752205000000004	30620.0
46.768360000000001	30920.0
46.784821999999998	32090.0
46.800781029263369	31710.0
46.818544000000003	31220.0
46.835080000000005	29970.0
46.853184000000006	32050.0
46.869787000000002	31240.0
46.886915999999999	29790.0
46.906067999999998	30650.0
46.922045999999995	31380.0
46.936928000000002	32040.0
46.951824000000002	31100.0
46.971601	30140.0
46.987714000000004	30630.0
47.005696	30720.0
47.022704000000004	31100.0
47.039480000000005	31080.0
47.056914085914087	30210.0
47.075658658658661	29800.0
47.090330000000002	29760.0
47.107747999999994	29150.0
47.126333000000002	31390.0
47.142568000000004	30170.0
47.159492	31470.0
47.176085	30370.0
47.194436000000003	29500.0
47.210124	29650.0
47.228721999999998	30120.0
47.245872000000006	31200.0
47.262784000000003	29910.0
47.278142000000003	29820.0
47.296729999999997	30250.0
47.312936000000001	29740.0
47.329944000000005	30480.0
47.34731768231768	30310.0
47.364531531531526	30250.0
47.382979999999996	29710.0
47.399182000000003	29790.0
47.414642000000001	30440.0
47.431334999999997	28810.0
47.448031999999998	29460.0
47.468949554896142	30720.0
47.482654196157739	29140.0
47.500014	29900.0
47.519101999999997	30080.0
47.537103999999999	28350.0
47.553980000000003	29950.0
47.570528000000003	29350.0
47.588884999999998	30750.0
47.60483	28550.0
47.621169830169833	29000.0
47.639072072072075	29070.0
47.657192000000002	28510.0
47.674216000000001	30610.0
47.691223999999998	29120.0
47.709636000000003	28970.0
47.725724	30160.0
47.743093000000002	27910.0
47.758488	27620.0
47.778164000000004	28790.0
47.793303999999999	29220.0
47.810393999999995	29790.0
47.828336	28780.0
47.845762000000001	28870.0
47.864080000000001	27810.0
47.880375999999998	29290.0
47.897782999999997	28500.0
47.916307692307697	28730.0
47.933882882882884	29490.0
47.950423999999998	28730.0
47.968736	29330.0
47.98574	29480.0
48.004021999999999	29910.0
48.021472000000003	29470.0
48.036683999999994	28900.0
48.054473000000002	28120.0
48.073512000000001	28590.0
48.090536	28210.0
48.107859140859141	28290.0
48.126097097097094	29100.0
48.141576000000001	29220.0
48.159281999999997	29730.0
48.176768000000003	28130.0
48.19355944055944	28340.0
48.212155155155159	28660.0
48.229030000000002	28870.0
48.245655999999997	28660.0
48.261935000000001	27760.0
48.280256000000001	28040.0
48.296839999999996	28760.0
48.315542000000001	27130.0
48.330748	29020.0
48.347782000000002	28580.0
48.365743999999999	28980.0
48.383268000000001	28920.0
48.402540000000002	27860.0
48.418485000000004	28200.0
48.434792000000002	26510.0
48.453520000000005	28950.0
48.472335000000001	28760.0
48.486617382617382	29560.0
48.501849849849847	28670.0
48.520901000000002	28550.0
48.536645999999998	27880.0
48.554507999999998	28790.0
48.570166	28590.0
48.588776000000003	29290.0
48.607927999999994	28500.0
48.623826000000001	29410.0
48.639318000000003	28910.0
48.658603999999997	28420.0
48.674979999999998	26890.0
48.694367999999997	28170.0
48.710768000000002	29040.0
48.728585000000002	28090.0
48.744530000000005	27770.0
48.761046953046957	27280.0
48.779315315315316	27220.0
48.796379999999999	27790.0
48.813851999999997	28810.0
48.831104000000003	28050.0
48.848993999999998	28620.0
48.867082000000003	29010.0
48.884143999999999	28700.0
48.901296000000002	27770.0
48.920175999999998	27500.0
48.936785999999998	26010.0
48.952716000000002	28390.0
48.970890000000004	27720.0
48.988391	28000.0
49.007232000000002	27690.0
49.023739999999997	27500.0
49.040264000000001	28090.0
49.056620379620377	27460.0
49.075408408408407	28140.0
49.092534999999998	27070.0
49.110143999999998	28590.0
49.126440000000002	28080.0
49.147180000000006	28260.0
49.162396000000001	28150.0
49.181204000000001	27670.0
49.196384000000002	27280.0
49.214239999999997	28400.0
49.233863999999997	28050.0
49.249074850299401	27400.0
49.266214428857715	27330.0
49.283524	26720.0
49.300521999999994	28290.0
49.320247999999999	26730.0
49.338485514485519	27950.0
49.356218218218217	28040.0
49.370383999999994	29130.0
49.389920000000004	27920.0
49.403908000000001	27780.0
49.426383999999999	27800.0
49.441576000000005	27360.0
49.458781999999999	28190.0
49.477268000000002	27780.0
49.493745999999994	27720.0
49.513756999999998	29120.0
49.528632000000002	26850.0
49.544408000000004	26540.0
49.561579999999999	28510.0
49.580672	28070.0
49.597090000000001	27110.0
49.613703999999998	27710.0
49.633625374625375	28460.0
49.651732732732732	27840.0
49.667884999999998	27790.0
49.68383	27010.0
49.703733999999997	28080.0
49.717832999999999	26110.0
49.735680000000002	27800.0
49.751992000000001	28100.0
49.770063	26130.0
49.787530000000004	26960.0
49.804222000000003	27290.0
49.821863999999998	26450.0
49.839364000000003	27310.0
49.856339999999996	27750.0
49.874760999999999	28200.0
49.892229999999998	28120.0
49.910216535433072	27810.0
49.927088414634149	27490.0
49.943080000000002	28450.0
49.961848000000003	26590.0
49.978983999999997	26770.0
49.996929999999999	27930.0
50.013268000000004	26370.0
50.032024	26690.0
50.048780000000001	26920.0
50.065688000000002	27190.0
50.084822000000003	26840.0
50.101745999999999	28300.0
50.117601999999998	28110.0
50.134526473526471	26340.0
50.152369369369367	26940.0
50.170135999999999	26520.0
50.187144000000004	27760.0
50.203317682317689	27560.0
50.22194594594594	27640.0
50.240116883116883	28370.0
50.256216000000002	27310.0
50.27514	26750.0
50.291502000000001	26860.0
50.310231999999999	28230.0
50.326723999999999	27260.0
50.343580000000003	26950.0
50.361703999999996	27100.0
50.378120000000003	27800.0
50.398342	27980.0
50.413983999999999	27410.0
50.430627999999999	27960.0
50.449762	27410.0
50.46658	27990.0
50.482527472527472	27350.0
50.500281281281282	27590.0
50.521239999999999	28090.0
50.535441999999996	27410.0
50.553424	26900.0
50.570431999999997	27760.0
50.587888	27320.0
50.606463999999995	28160.0
50.623130000000003	28470.0
50.639901999999999	27320.0
50.657035	25900.0
50.674576000000002	27510.0
50.691940000000002	27230.0
50.710521	27010.0
50.727797607178466	26540.0
50.744565697091275	27730.0
50.760734999999997	27820.0
50.778488511488511	27070.0
50.796591591591586	26060.0
50.814585000000001	28900.0
50.830835999999998	28400.0
50.849158000000003	26490.0
50.864580000000004	27170.0
50.884672000000002	27570.0
50.900627999999998	28180.0
50.916542	27090.0
50.934711999999998	27330.0
50.950643999999997	27470.0
50.968570999999997	27510.0
50.986751999999996	26900.0
51.005247999999995	27310.0
51.020386999999999	26360.0
51.037653999999996	27950.0
51.054786427145707	26090.0
51.070834669338673	27330.0
51.090780000000002	25930.0
51.107087999999997	28030.0
51.125506000000001	26530.0
51.140872000000002	28260.0
51.157896000000001	26860.0
51.176010999999995	27700.0
51.195776000000002	26810.0
51.212448000000002	26660.0
51.227944000000001	27380.0
51.246195999999998	28050.0
51.263289999999998	27940.0
51.281482000000004	26000.0
51.297367999999999	27630.0
51.316644000000004	27210.0
51.332146000000002	27220.0
51.350018018018019	26520.0
51.368990000000004	26070.0
51.385064	27710.0
51.402264000000002	27890.0
51.420096000000001	26590.0
51.437423000000003	27430.0
51.455494000000002	27620.0
51.473136000000004	27250.0
51.490144000000001	25890.0
51.507151999999998	27180.0
51.524176000000004	26700.0
51.541882999999999	26620.0
51.560715999999999	27180.0
51.578216000000005	26590.0
51.595224000000002	27220.0
51.614136000000002	27170.0
51.631210210210213	28320.0
51.646422000000001	26110.0
51.665129999999998	27210.0
51.682119999999998	26720.0
51.701497000000003	26920.0
51.716644000000002	27230.0
51.734335999999999	27810.0
51.750884999999997	26770.0
51.768396000000003	28000.0
51.786961999999995	26910.0
51.803734999999996	26670.0
51.821815999999998	26990.0
51.840967999999997	27550.0
51.855906999999995	26390.0
51.875138	27480.0
51.889558000000001	26630.0
51.907434565434563	26830.0
51.923639639639639	28090.0
51.942495999999998	27430.0
51.959723000000004	27530.0
51.977511999999997	28450.0
51.993843999999996	26810.0
52.009953000000003	27680.0
52.028024000000002	26840.0
52.046112000000001	27510.0
52.063583999999999	26880.0
52.079929999999997	26760.0
52.095890000000004	27630.0
52.113413000000001	27780.0
52.132335999999995	27430.0
52.148739999999997	26920.0
52.163706000000005	27720.0
52.182671328671333	26510.0
52.199681681681682	28450.0
52.216704	27090.0
52.233711999999997	27670.0
52.250736000000003	26630.0
52.268436254980081	27180.0
52.287113113113115	28090.0
52.304743486973948	26820.0
52.319582582582584	27770.0
52.335403999999997	26450.0
52.354168000000001	26370.0
52.370346000000005	26070.0
52.388436000000006	27360.0
52.405856	27720.0
52.421935000000005	27800.0
52.440856000000004	27300.0
52.456007999999997	27620.0
52.474664335664336	28160.0
52.4898988988989	27300.0
52.506689999999999	27680.0
52.523252999999997	27120.0
52.541695999999995	26960.0
52.559103999999998	26890.0
52.574485000000003	27310.0
52.592116000000004	26750.0
52.609390000000005	27430.0
52.628779999999999	27100.0
52.645527999999999	27740.0
52.662056	28030.0
52.675547999999999	27100.0
52.693014000000005	27230.0
52.713090000000001	26690.0
52.729241999999999	27110.0
52.747978021978021	28720.0
52.763927927927931	28000.0
52.780662	28170.0
52.798186000000001	25990.0
52.813561999999997	26400.0
52.831625374625375	25590.0
52.849184184184182	27140.0
52.867367999999999	26830.0
52.883307000000002	26970.0
52.899232000000005	25850.0
52.916256000000004	26890.0
52.933264000000001	26380.0
52.950271999999998	27330.0
52.968252	26970.0
52.984323000000003	26730.0
53.002229999999997	27310.0
53.018333666333668	27320.0
53.034914914914914	27200.0
53.051167999999997	26600.0
53.071384000000002	28660.0
53.088788000000001	27200.0
53.104777999999996	26900.0
53.121838000000004	27590.0
53.138601999999999	26460.0
53.156432000000002	26530.0
53.172024	27330.0
53.190021999999999	26980.0
53.204946	27250.0
53.221496000000002	26270.0
53.240442000000002	26840.0
53.259416000000002	26210.0
53.273727999999998	28370.0
53.292225999999999	25360.0
53.307992007992013	27750.0
53.326279279279284	27570.0
53.343631000000002	28040.0
53.361356000000001	27000.0
53.377092000000005	27600.0
53.395702	26620.0
53.415438000000002	26900.0
53.432324000000001	26870.0
53.447935000000001	26190.0
53.467047999999998	26900.0
53.482128000000003	27730.0
53.495947000000001	26600.0
53.514676000000001	25950.0
53.532781999999997	26650.0
53.550635	27500.0
53.566752000000001	27110.0
53.58400799200799	27180.0
53.601176176176175	27420.0
53.61824	27040.0
53.636526946107786	26650.0
53.652783567134264	26930.0
53.671384000000003	26690.0
53.687624	26840.0
53.703864000000003	26930.0
53.721614000000002	26520.0
53.738895999999997	27970.0
53.756773000000003	27060.0
53.774844000000002	27770.0
53.791936	26400.0
53.807767000000005	26880.0
53.822318000000003	27300.0
53.841975999999995	26920.0
53.858485999999999	27070.0
53.873675324675325	26730.0
53.891132132132135	26250.0
53.910024	27610.0
53.92653	25800.0
53.943055999999999	25840.0
53.960064000000003	27350.0
53.978456000000001	27340.0
53.996096000000001	26940.0
54.011466000000006	28220.0
54.028112	26820.0
54.047973999999996	25580.0
54.063152694610778	26630.0
54.081192384769537	27360.0
54.098903999999997	27490.0
54.114581999999999	27940.0
54.133454	27130.0
54.151862137862139	26400.0
54.169825825825825	27880.0
54.185327999999998	28070.0
54.202287999999996	26840.0
54.218526999999995	25670.0
54.234913999999996	27640.0
54.254413999999997	26050.0
54.272304000000005	27410.0
54.286816000000002	27530.0
54.305128000000003	27120.0
54.324262000000004	27210.0
54.338374000000002	27430.0
54.356547999999997	26490.0
54.374784431137719	26720.0
54.389208416833668	27480.0
54.408588000000002	27250.0
54.425119000000002	27310.0
54.444200000000002	25980.0
54.460339698492461	27070.0
54.478993000000003	26520.0
54.49588	27740.0
54.511839999999999	27550.0
54.529223000000002	25480.0
54.545729999999999	27070.0
54.564228	28210.0
54.582453000000001	27160.0
54.597608000000001	28050.0
54.615476953907816	26900.0
54.630781999999996	27200.0
54.649591999999998	27900.0
54.667067999999993	26140.0
54.685046	26030.0
54.699224000000001	27100.0
54.716558441558441	26430.0
54.735741741741741	26580.0
54.750129999999999	26710.0
54.768491017964074	26990.0
54.78669338677355	27080.0
54.802980000000005	27600.0
54.821328000000001	27090.0
54.838743999999998	27630.0
54.853907999999997	28080.0
54.872747999999994	27020.0
54.891686	26810.0
54.907015999999999	26230.0
54.925463999999998	26260.0
54.941541000000001	28520.0
54.961435999999999	28120.0
54.979123999999999	27190.0
54.995722000000001	27570.0
55.013372627372625	25940.0
55.029888888888891	27490.0
55.047522999999998	26960.0
55.064912	28120.0
55.081189999999999	27710.0
55.101179999999999	26350.0
55.118079999999999	26980.0
55.136848000000001	26560.0
55.151986000000001	26380.0
55.170054	26230.0
55.188141999999999	27420.0
55.205835	26920.0
55.222032000000006	26700.0
55.239372000000003	26840.0
55.257821999999997	26840.0
55.275188	26770.0
55.291593406593407	27920.0
55.31023423423423	27320.0
55.327480000000001	27230.0
55.346223999999999	26540.0
55.362625999999999	26620.0
55.383262000000002	27090.0
55.39762137862138	27350.0
55.416081081081082	26180.0
55.435167832167835	27960.0
55.450201201201203	25780.0
55.467224000000002	27660.0
55.484636000000002	27070.0
55.503522000000004	25970.0
55.520935000000001	27890.0
55.538055999999997	26980.0
55.557208000000003	26850.0
55.574784999999999	26390.0
55.591884115884113	26080.0
55.607393393393394	26000.0
55.627597999999999	26850.0
55.645580000000002	27080.0
55.664048000000001	27260.0
55.680485000000004	27630.0
55.698353999999995	26530.0
55.717363999999996	27210.0
55.732334999999999	26600.0
55.749040000000001	27060.0
55.769239999999996	26690.0
55.785463999999997	27250.0
55.802472000000002	26400.0
55.819496000000001	27160.0
55.836503999999998	27120.0
55.853511999999995	27040.0
55.872908091908094	27950.0
55.890221221221225	26260.0
55.907274000000001	27230.0
55.927720000000001	26430.0
55.941338999999999	26830.0
55.961240000000004	26960.0
55.975687999999998	27820.0
55.995623999999999	27900.0
56.012836	27870.0
56.031490000000005	27180.0
56.047205999999996	25210.0
56.063256000000003	25620.0
56.082052000000004	27380.0
56.100123000000004	26740.0
56.117704295704293	26710.0
56.134728728728732	27390.0
56.152352999999998	26890.0
56.169741258741254	27110.0
56.188243243243242	27360.0
56.206583000000002	25920.0
56.222068	26060.0
56.238816	27690.0
56.256813000000001	27230.0
56.274936000000004	27040.0
56.29374	26720.0
56.309327000000003	27970.0
56.324840000000002	27860.0
56.344590000000004	27810.0
56.361272999999997	26200.0
56.379776	26970.0
56.396447999999999	27160.0
56.412503000000001	27820.0
56.431196	27010.0
56.449650349650348	27670.0
56.46772872872873	26820.0
56.485803999999995	27260.0
56.500388000000001	27630.0
56.518902000000004	28080.0
56.537031999999996	26430.0
56.554187999999996	26290.0
56.572806	26730.0
56.588839999999998	26980.0
56.609096000000001	25370.0
56.625466000000003	27030.0
56.641875999999996	26330.0
56.659244000000001	26750.0
56.675652999999997	26150.0
56.694296000000001	26710.0
56.712812	26710.0
56.729485000000004	27630.0
56.748463536463539	25980.0
56.764561561561564	27520.0
56.781224000000002	27570.0
56.800136000000002	26650.0
56.816256000000003	27410.0
56.833421999999999	26490.0
56.852271999999999	25480.0
56.869708000000003	26270.0
56.887765999999999	27050.0
56.904640000000001	26040.0
56.923940000000002	26640.0
56.939884999999997	27300.0
56.956873999999999	27440.0
56.974375999999999	26920.0
56.992682000000002	27130.0
57.010392000000003	27200.0
57.028954045954045	27710.0
57.045582582582583	27090.0
57.062432000000001	26800.0
57.079456	27760.0
57.097551000000003	26260.0
57.117379999999997	27380.0
57.133339999999997	25550.0
57.150379999999998	26370.0
57.169947999999998	27450.0
57.186228	26110.0
57.204135000000001	27070.0
57.221967999999997	26230.0
57.239504000000004	26850.0
57.256782000000001	27720.0
57.275253999999997	28280.0
57.291164000000002	27530.0
57.309201999999999	26830.0
57.327469530469529	27300.0
57.345570570570572	27360.0
57.362664000000002	27290.0
57.380672000000004	27550.0
57.397796610169493	25960.0
57.415497492477428	26840.0
57.432175999999998	27440.0
57.45044	27960.0
57.467461999999998	27160.0
57.485329999999998	26490.0
57.501776	26940.0
57.520431000000002	27620.0
57.538792000000001	26630.0
57.554463999999996	26790.0
57.572302000000001	26500.0
57.589832000000001	27400.0
57.608572427572426	26230.0
57.626791791791788	27140.0
57.642879999999998	27170.0
57.660839999999993	27550.0
57.677141999999996	26410.0
57.696093999999995	27040.0
57.713936000000004	27050.0
57.730944000000001	27210.0
57.748695999999995	26540.0
57.766976	26840.0
57.783984000000004	28050.0
57.800992000000001	28110.0
57.818642000000004	26540.0
57.836713000000003	27170.0
57.854771228771227	27460.0
57.871237237237239	26300.0
57.887185000000002	26750.0
57.906880119880121	27150.0
57.925101999999995	27020.0
57.943035000000002	28900.0
57.959111999999998	26040.0
57.976135999999997	26930.0
57.993144000000001	27330.0
58.011433566433567	26260.0
58.030780780780781	25280.0
58.047632999999998	27250.0
58.065703999999997	26910.0
58.082639999999998	26680.0
58.099183266932272	25700.0
58.115480480480478	26960.0
58.134540621865597	27840.0
58.152264000000002	26860.0
58.168379999999999	28160.0
58.1891008991009	27590.0
58.204342000000004	26220.0
58.223475999999998	26980.0
58.241897999999999	27070.0
58.256762000000002	27050.0
58.275624000000001	27150.0
58.293039999999998	26920.0
58.309384000000001	26510.0
58.327316000000003	27600.0
58.345942000000001	27850.0
58.362834999999997	26590.0
58.380084000000004	27380.0
58.397455999999998	26670.0
58.415242999999997	26660.0
58.433314000000003	27600.0
58.450496000000001	27700.0
58.467504000000005	26860.0
58.484496496496497	27350.0
58.501722831505482	25660.0
58.520190571715148	26550.0
58.535995999999997	27270.0
58.554575999999997	25990.0
58.572282000000001	25970.0
58.589356000000002	26480.0
58.605091999999999	26920.0
58.622084999999998	26430.0
58.638632000000001	26700.0
58.656322000000003	25850.0
58.674393000000002	25720.0
58.691672000000004	27280.0
58.708695999999996	26260.0
58.727542	26730.0
58.742747999999999	26980.0
58.759720720720722	27760.0
58.776961999999997	27090.0
58.795580000000001	26240.0
58.812012000000003	26780.0
58.829186	26660.0
58.845509490509492	27080.0
58.862955955955954	26790.0
58.879313000000003	26200.0
58.896832000000003	26820.0
58.913856000000003	27780.0
58.930185000000002	27020.0
58.948356000000004	27540.0
58.965896000000001	28470.0
58.984642000000001	26960.0
59.000048	27150.0
59.017932000000002	27380.0
59.033884115884121	27480.0
59.050180180180185	27950.0
59.068975999999999	26840.0
59.085984000000003	26730.0
59.102992	26790.0
59.119639999999997	27300.0
59.136462999999999	27740.0
59.155036000000003	25220.0
59.172490000000003	26850.0
59.189064000000002	26550.0
59.206071999999999	27180.0
59.224607999999996	26570.0
59.242103999999998	27350.0
59.258229999999998	26500.0
59.275136000000003	26420.0
59.291143999999996	26600.0
59.308294705294706	26940.0
59.327027027027029	26090.0
59.342984999999999	27790.0
59.359977999999998	25820.0
59.378238000000003	26730.0
59.394779999999997	27370.0
59.412875999999997	27470.0
59.428772000000002	27540.0
59.445684999999997	26930.0
59.463555999999997	27730.0
59.481296	26690.0
59.499073000000003	27360.0
59.516312000000006	27070.0
59.532440000000008	28170.0
59.549343999999998	26770.0
59.566396000000005	26880.0
59.585376000000004	27610.0
59.602232767232763	26970.0
59.618590590590586	25520.0
59.636687312687314	26560.0
59.654075075075077	26610.0
59.670833999999999	26540.0
59.688921999999998	26830.0
59.706463999999997	26900.0
59.724655999999996	26490.0
59.741183999999997	26100.0
59.756784999999994	26190.0
59.771948000000002	26710.0
59.791920000000005	26410.0
59.80954400000001	27620.0
59.828495999999994	26910.0
59.843612	27110.0
59.861385999999996	26690.0
59.876913086913085	26450.0
59.895828828828826	25560.0
59.913624000000006	27390.0
59.930983999999995	26570.0
59.947823999999997	26230.0
59.965100999999997	27540.0
59.982588	26970.0
59.997484	26350.0
60.014372999999999	26310.0
60.033907999999997	27750.0
60.052531999999999	26550.0
60.068884999999995	27170.0
60.083907999999994	26640.0
60.101762000000001	27450.0
60.120735000000003	26620.0
60.136904000000001	27060.0
60.154816000000004	27840.0
60.171820179820187	27110.0
60.189122122122122	26240.0
60.207221999999994	26530.0
60.223148000000002	27310.0
60.239840000000001	28000.0
60.257784000000001	27850.0
60.274523000000002	27320.0
60.293276000000006	27370.0
60.309444000000006	27220.0
60.326752999999997	25390.0
60.342963330029733	27270.0
60.36277295660949	26480.0
60.377986	26220.0
60.395054000000002	27560.0
60.413142000000001	26690.0
60.431213	25050.0
60.448776223776214	26830.0
60.465045045045038	26440.0
60.482821999999999	25940.0
60.500188000000001	26330.0
60.517614000000002	27260.0
60.534397000000006	26340.0
60.552008000000001	28070.0
60.56944	26120.0
60.586144000000004	27070.0
60.602330000000002	28000.0
60.620061999999997	27250.0
60.635285999999994	26680.0
60.653204000000002	27250.0
60.671216000000001	26750.0
60.68836300000001	27260.0
60.706434000000002	26580.0
60.723990000000001	27950.0
60.739930069930068	26120.0
60.757436436436436	26400.0
60.775840000000002	27270.0
60.792823000000006	27010.0
60.810311999999996	27400.0
60.827335999999995	26440.0
60.843634999999999	27280.0
60.861071713147403	27590.0
60.879827722772269	26470.0
60.897361054766733	26880.0
60.913429999999998	27280.0
60.927468000000005	27670.0
60.946423999999993	27260.0
60.963583999999997	26360.0
60.981455999999994	26320.0
60.998184999999999	27040.0
61.015833166833168	26860.0
61.034675675675679	25750.0
61.050504000000004	28110.0
61.068043999999993	25700.0
61.084344000000002	26870.0
61.101862000000004	26710.0
61.119551999999999	26720.0
61.135004000000002	26640.0
61.155829000000004	26400.0
61.170856000000001	27420.0
61.189567999999994	27930.0
61.207506999999993	27470.0
61.221835999999996	26350.0
61.240822000000001	26070.0
61.258663999999996	26790.0
61.276256000000004	26260.0
61.294696000000002	27580.0
61.310860139860146	27150.0
61.328148148148145	28030.0
61.346736	26540.0
61.363135	27430.0
61.381095999999999	26670.0
61.398776000000005	28590.0
61.418180999999997	25750.0
61.432344000000001	27090.0
61.450668	26630.0
61.466834999999996	27510.0
61.484779999999994	26870.0
61.50132	27010.0
61.521685000000005	27470.0
61.538356000000007	28270.0
61.55659	27050.0
61.573272999999993	26360.0
61.591768231768235	26660.0
61.609432432432435	27310.0
61.625943999999997	28470.0
61.643552894211581	27340.0
61.660280561122249	26980.0
61.679231000000001	26970.0
61.698616000000001	26750.0
61.713388000000002	25540.0
61.731902000000005	26540.0
61.750031999999997	26950.0
61.767122000000008	27240.0
61.785063999999998	26840.0
61.802445663010971	27330.0
61.820045135406211	27410.0
61.835379999999994	26630.0
61.853966	27040.0
61.870011976047898	26580.0
61.887620240480956	26290.0
61.905296	26790.0
61.923779661016951	26430.0
61.941169508525576	26710.0
61.958953999999991	26820.0
61.976216000000001	26350.0
61.995891000000007	26960.0
62.014184	27050.0
62.030272000000004	27340.0
62.048184999999997	26960.0
62.064413999999999	26990.0
62.082295999999992	27770.0
62.099304000000004	26950.0
62.116644000000001	27530.0
62.133940000000003	27620.0
62.150802999999996	26940.0
62.169386613386614	27430.0
62.187954954954947	27260.0
62.205383999999995	26980.0
62.223103999999992	27100.0
62.239639999999994	25700.0
62.258101999999994	27470.0
62.272725999999999	26370.0
62.293319999999994	28240.0
62.310406	26360.0
62.325747999999997	26800.0
62.344716000000005	26630.0
62.358598999999998	26970.0
62.37923	26260.0
62.396228000000001	28080.0
62.414952999999997	27750.0
62.431607999999997	26800.0
62.448638361638352	27270.0
62.465978978978974	27730.0
62.484577999999999	27090.0
62.503341999999996	28020.0
62.519046000000003	28260.0
62.536484000000002	26380.0
62.554572	28500.0
62.570684999999997	27230.0
62.591629999999995	26630.0
62.607801999999992	27970.0
62.625366000000007	27630.0
62.641176000000002	26750.0
62.660328	27010.0
62.678026000000003	27040.0
62.693329999999996	26720.0
62.710261999999993	27310.0
62.728332999999999	26970.0
62.748839160839168	27510.0
62.765108108108116	26220.0
62.782302000000008	27200.0
62.800634000000002	26600.0
62.817855999999992	26170.0
62.836721999999995	27020.0
62.851888000000002	26720.0
62.869754527162975	27470.0
62.886260999999998	27690.0
62.906458000000001	26750.0
62.925198000000002	26320.0
62.940252999999998	26760.0
62.957951999999999	26850.0
62.975848000000006	26430.0
62.993485000000007	26150.0
63.009430000000002	26800.0
63.02725674325675	27750.0
63.04433033033034	26830.0
63.061784000000003	26980.0
63.079029940119753	26880.0
63.095181362725448	26890.0
63.110188000000001	25140.0
63.124089999999995	26080.0
63.139896999999998	27580.0
63.153452000000001	27910.0
63.165351999999999	26260.0
63.178367000000001	28240.0
63.191541999999998	25850.0
63.202473999999995	26740.0
63.212040999999999	27090.0
63.221607999999996	27510.0
63.231760000000001	26430.0
63.239195000000002	28040.0
63.24731168831169	27010.0
63.253828828828823	27120.0
63.261632000000006	27320.0
63.26746	28780.0
63.273730269730272	27060.0
63.277152000000001	27060.0
63.285245999999994	26560.0
63.288291999999998	26900.0
63.290627000000008	26820.0
63.293816000000007	26300.0
63.298352000000001	27510.0
63.303798	28430.0
63.305924000000005	28200.0
63.308578000000004	26740.0
63.312355999999994	26990.0
63.312695999999995	27790.0
63.31486113886114	27150.0
63.316000000000003	26010.0
63.320209999999996	26210.0
63.321906000000006	25760.0
63.321030999999998	26740.0
63.321968000000005	26550.0
63.321287999999996	27340.0
63.324159000000002	26350.0
63.325000000000003	27070.0
63.324714	26690.0
63.323999999999998	26630.0
63.322776435045313	27460.0
63.323379999999993	27410.0
63.325999999999993	26830.0
63.324795999999999	26560.0
63.323999999999998	26760.0
63.324729000000005	28070.0
63.323417582417576	27270.0
63.323855855855854	26640.0
63.324919000000001	27200.0
63.323035999999995	26890.0
63.320045999999991	27530.0
63.320999999999998	27820.0
63.320827999999999	27030.0
63.319763999999992	26750.0
