10.991152000000001	170.0
10.902376	180.0
10.974432999999999	180.0
10.932804000000001	120.0
10.929732267732268	150.0
10.9685005005005	350.0
10.946104	290.0
10.980844000000001	330.0
10.927997	270.0
10.983608	200.0
10.948221999999999	110.0
10.99959	210.0
10.9834	160.0
10.926615999999999	200.0
11.043752	280.0
10.933705999999999	370.0
11.048668000000001	220.0
10.984699000000001	210.0
10.970984	310.0
11.040775999999999	220.0
10.995703296703297	280.0
11.055704704704706	210.0
10.992165999999999	270.0
11.037944	170.0
11.023856	160.0
11.06512	300.0
11.05748	80.0
11.001374	250.0
11.106210000000001	180.0
11.007012	230.0
11.141772000000001	190.0
11.058488000000001	210.0
11.031761000000001	120.0
11.134482	290.0
11.055742	240.0
11.157256	250.0
11.074568000000001	270.0
11.10825974025974	220.0
11.123142142142143	180.0
11.142934	210.0
11.16103896103896	160.0
11.091915915915916	250.0
11.187799999999999	150.0
11.105416	110.0
11.237209999999999	270.0
11.161658000000001	260.0
11.110602	210.0
11.292454000000001	230.0
11.149136	220.0
11.190895999999999	140.0
11.232476999999999	200.0
11.182157999999999	340.0
11.283806	180.0
11.195	280.0
11.261132132132133	200.0
11.219592	140.0
11.292941000000001	130.0
11.271469999999999	200.0
11.239141999999999	160.0
11.334181000000001	230.0
11.198912	190.0
11.404384	160.0
11.243177000000001	260.0
11.27413	220.0
11.358815999999999	220.0
11.246951000000001	210.0
11.41164	90.0
11.285216	190.0
11.34848	100.0
11.33681	110.0
11.365494505494505	160.0
11.395951951951952	160.0
11.333432	190.0
11.433480000000001	240.0
11.314368999999999	140.0
11.49827	140.0
11.379774000000001	200.0
11.381724999999999	180.0
11.516371999999999	160.0
11.322724000000001	200.0
11.570921999999999	240.0
11.402858	180.0
11.464038	160.0
11.493988	90.0
11.462128	110.0
11.555152	180.0
11.458591408591408	140.0
11.561237237237236	120.0
11.467022	140.0
11.612134000000001	110.0
11.543336	80.0
11.523424	170.0
11.672840000000001	80.0
11.438880000000001	200.0
11.76141	60.0
11.555114999999999	200.0
11.612688	200.0
11.69768	120.0
11.58365	230.0
11.761518481518481	240.0
11.630972972972971	160.0
11.732543999999999	120.0
11.673848	270.0
11.754941058941059	210.0
11.754119119119119	140.0
11.705436000000001	200.0
11.857480000000001	220.0
11.642997999999999	150.0
11.937263999999999	130.0
11.744544000000001	160.0
11.781566000000002	260.0
11.93689	130.0
11.724752000000001	200.0
11.981185	150.0
11.810220000000001	250.0
11.903708	340.0
11.897271999999999	210.0
11.89916	260.0
11.967143999999999	130.0
11.877034965034966	130.0
12.021662662662663	280.0
11.847799999999999	310.0
12.079203	250.0
11.956429999999999	140.0
11.945297999999999	60.0
12.157657	190.0
11.836851999999999	160.0
12.189739999999999	200.0
11.985222	120.0
12.052756	160.0
12.112736	240.0
12.022707	240.0
12.174616	130.0
12.045952	170.0
12.176656999999999	230.0
12.057921999999998	120.0
12.203552447552447	220.0
12.154295295295295	310.0
12.099060000000001	370.0
12.309363999999999	290.0
11.997204000000002	180.0
12.388529999999999	170.0
12.153076	190.0
12.172637	170.0
12.321576	110.0
12.12852	200.0
12.367629999999998	90.0
12.204505999999999	180.0
12.310405999999999	200.0
12.263106999999998	250.0
12.317667999999999	130.0
12.355172000000001	110.0
12.255145854145855	130.0
12.447903999999999	140.0
12.198012012012013	180.0
12.507157999999999	200.0
12.341704	150.0
12.307256000000001	130.0
12.538822	300.0
12.247634000000001	120.0
12.568474	150.0
12.384930000000001	140.0
12.453968	250.0
12.481372	180.0
12.442288	110.0
12.562203999999998	60.0
12.370099999999999	150.0
12.561759	270.0
12.502488	170.0
12.54315984015984	140.0
12.654334334334335	250.0
12.383351648351649	300.0
12.745148148148148	180.0
12.486495	270.0
12.645096000000001	80.0
12.675392	140.0
12.498542	130.0
12.744911999999999	210.0
12.597052	130.0
12.738992	120.0
12.638071999999999	100.0
12.688367999999999	170.0
12.705690999999998	190.0
12.704188	290.0
12.823258000000001	180.0
12.592984015984015	160.0
12.887037037037036	200.0
12.669703999999998	140.0
12.820220000000001	120.0
12.891686000000002	320.0
12.634004000000001	210.0
12.972144999999999	230.0
12.767559440559442	140.0
12.924147147147147	140.0
12.861402	120.0
12.837304000000001	270.0
12.937312	190.0
12.881114	210.0
13.015795999999998	130.0
12.828975999999999	290.0
13.052116	190.0
12.924192	100.0
13.022319680319681	170.0
13.125030030030031	60.0
12.819512	230.0
13.233976000000002	140.0
12.968776999999999	80.0
13.146015999999999	80.0
13.138541999999999	180.0
13.028487999999999	170.0
13.215772000000001	120.0
13.103864	220.0
13.24487112887113	150.0
13.105492492492493	170.0
13.238439999999999	220.0
13.188720999999999	220.0
13.228864	120.0
13.345807999999998	240.0
13.072219780219781	260.0
13.452106106106108	240.0
13.166079999999999	130.0
13.351278999999998	130.0
13.393364	140.0
13.197672000000001	200.0
13.462379	210.0
13.286536	200.0
13.447196000000002	120.0
13.352278999999999	140.0
13.395256	180.0
13.430440000000001	140.0
13.414019999999999	100.0
13.542179999999998	230.0
13.316985999999998	90.0
13.603102	110.0
13.389884	220.0
13.538368631368632	120.0
13.626767999999998	180.0
13.340178	120.0
13.687426000000002	130.0
13.455546	200.0
13.631576000000001	160.0
13.584816	170.0
13.544171	240.0
13.65185	90.0
13.579044	120.0
13.718120000000001	240.0
13.54236	180.0
13.741743999999999	290.0
13.611825	140.0
13.698979020979021	230.0
13.811437437437437	220.0
13.498613386613386	270.0
13.914760000000001	250.0
13.623048000000001	240.0
13.806355999999999	260.0
13.80707	210.0
13.682978	220.0
13.875065000000001	150.0
13.745732267732269	340.0
13.892513513513512	200.0
13.766292999999999	290.0
13.876044	190.0
13.834209999999999	270.0
13.864593999999999	220.0
13.979151999999999	210.0
13.730639999999999	270.0
14.070141999999999	170.0
13.791724000000002	260.0
13.97891891891892	260.0
14.027665000000001	140.0
13.817692000000001	290.0
14.083660000000002	340.0
13.899511	190.0
14.06277	410.0
13.984514000000001	360.0
14.007957000000001	320.0
14.052848000000001	160.0
14.023952	290.0
14.153147000000001	290.0
13.948528000000001	390.0
14.198265999999998	300.0
14.020776	390.0
14.135779999999999	280.0
14.238632000000001	370.0
13.946965965965967	390.0
14.206854	350.0
14.182310000000001	310.0
14.120956999999999	360.0
14.244592000000001	310.0
14.124495999999999	360.0
14.277561	350.0
14.196178	320.0
14.27731	340.0
14.216073999999999	500.0
14.268928000000001	360.0
14.334196	380.0
14.208331000000001	400.0
14.428842	500.0
14.186714	320.0
14.402901098901097	370.0
14.381126126126127	280.0
14.276906093906094	470.0
14.460126126126127	420.0
14.288618	430.0
14.460762000000001	370.0
14.395206000000002	360.0
14.428492000000002	400.0
14.430456000000001	410.0
14.427906999999999	440.0
14.517654	420.0
14.409924000000002	500.0
14.575399000000001	420.0
14.402544000000001	660.0
14.563768000000001	630.0
14.570738	480.0
14.436786000000001	550.0
14.669772227772226	470.0
14.446814814814815	600.0
14.643184	430.0
14.592016000000001	610.0
14.582462000000001	480.0
14.642852	420.0
14.584781999999999	560.0
14.693316683316683	660.0
14.605684684684684	580.0
14.716180819180819	690.0
14.612258258258258	320.0
14.710822	580.0
14.742925999999999	550.0
14.628193000000001	560.0
14.853195999999999	660.0
14.602136000000002	580.0
14.818615384615384	750.0
14.784887887887889	740.0
14.730144000000001	810.0
14.845016000000001	580.0
14.739736000000001	520.0
14.872680000000001	630.0
14.802083	710.0
14.868080000000001	810.0
14.825894000000002	580.0
14.865483000000001	770.0
14.924484	570.0
14.823888	690.0
15.001723999999999	710.0
14.811876	860.0
14.997102	700.0
14.980071000000001	620.0
14.890535999999999	710.0
15.050802197802199	710.0
14.90183883883884	630.0
15.053772	650.0
14.998250000000001	670.0
15.019814999999999	770.0
15.036412	940.0
15.028980000000001	510.0
15.110715000000001	780.0
15.024524	730.0
15.155596000000001	890.0
15.021267	880.0
15.152144	1040.0
15.166768000000001	960.0
15.049116999999999	770.0
15.260801999999998	810.0
15.069939999999999	750.0
15.233923076923078	700.0
15.195603603603605	690.0
15.177836000000001	1080.0
15.245620000000001	820.0
15.190770000000001	880.0
15.290457999999999	810.0
15.218151000000001	970.0
15.306304000000001	790.0
15.242535999999999	1270.0
15.315620000000001	1100.0
15.348314	720.0
15.253856000000001	750.0
15.440341	980.0
15.246148	960.0
15.421935999999999	890.0
15.394544	1010.0
15.347175824175824	900.0
15.458349999999999	1030.0
15.366710710710709	900.0
15.484416000000001	780.0
15.426504	1230.0
15.477167	870.0
15.454764000000001	980.0
15.490218	700.0
15.533021	750.0
15.463012000000001	940.0
15.602167999999999	1000.0
15.453199999999999	780.0
15.613855999999998	560.0
15.585127999999999	1070.0
15.531109000000001	810.0
15.666056000000001	990.0
15.539175999999999	940.0
15.675523476523475	890.0
15.626764764764763	1070.0
15.650644	850.0
15.666297	700.0
15.662227999999999	600.0
15.760899999999999	790.0
15.646449	830.0
15.743728000000001	790.0
15.727399999999999	870.0
15.717885999999998	1160.0
15.830352000000001	780.0
15.656536000000001	900.0
15.856451	830.0
15.770427999999999	1010.0
15.802256000000002	780.0
15.856177000000001	860.0
15.773612	800.0
15.889569430569429	830.0
15.833184184184184	920.0
15.896357999999999	760.0
15.85699	800.0
15.900281	900.0
15.917487999999999	810.0
15.894095999999999	980.0
15.99288	710.0
15.863563999999998	860.0
16.029756000000003	700.0
15.951044999999999	690.0
15.96998	780.0
16.058700000000002	930.0
15.939978999999999	810.0
16.082494000000001	840.0
16.016590000000001	880.0
16.067918081918084	830.0
16.060773773773775	880.0
16.061176	870.0
16.115248999999999	880.0
16.08407792207792	860.0
16.166482482482483	750.0
16.069427000000001	670.0
16.189024	1060.0
16.149036000000002	910.0
16.147390000000001	1020.0
16.263648	910.0
16.100936000000001	960.0
16.273422	720.0
16.204112000000002	820.0
16.241416000000001	1000.0
16.270408	960.0
16.230108000000001	830.0
16.313018981018981	680.0
16.271576576576575	1090.0
16.340064000000002	950.0
16.282424000000002	870.0
16.354810000000001	1000.0
16.350277999999999	1000.0
16.337607999999999	960.0
16.440345999999998	1000.0
16.291160000000001	1060.0
16.471767999999997	870.0
16.397106000000001	800.0
16.425052000000001	1120.0
16.481597999999998	1200.0
16.401724000000002	1020.0
16.516780000000001	1050.0
16.464752000000001	1010.0
16.520146853146855	1140.0
16.493035035035035	1080.0
16.526167999999998	1020.0
16.552728999999999	1000.0
16.532831999999999	960.0
16.620584000000001	980.0
16.512438	1160.0
16.652967999999998	1070.0
16.591787999999998	990.0
16.606957999999999	1080.0
16.692581418581419	950.0
16.587307307307306	1110.0
16.718042000000001	1130.0
16.659358000000001	1250.0
16.707946	1050.0
16.715513000000001	1000.0
16.712655999999999	1010.0
16.760627372627372	1130.0
16.737964964964966	1030.0
16.804932000000001	1460.0
16.733812	1130.0
16.829340999999999	1180.0
16.799396000000002	1320.0
16.813648000000001	1180.0
16.887467000000001	1050.0
16.780132000000002	1160.0
16.912050000000001	1300.0
16.850407999999998	1220.0
16.892543999999997	1210.0
16.912624000000001	1250.0
16.888927072927075	1390.0
16.947550550550549	1150.0
16.924869999999999	1020.0
16.979810189810191	1710.0
16.949120120120121	1230.0
17.000879999999999	1180.0
16.984618999999999	1600.0
17.005703999999998	1280.0
17.061897999999999	1190.0
16.984461000000003	1520.0
17.108944000000001	1290.0
17.033024000000001	1040.0
17.089473999999999	1240.0
17.114894	1420.0
17.077995999999999	1330.0
17.147662	1160.0
17.114436000000001	1310.0
17.168388	1210.0
17.149076000000001	1140.0
17.183498	1180.0
17.188093906093904	1340.0
17.19901001001001	1200.0
17.245072	1100.0
17.193615999999999	1350.0
17.290754	1200.0
17.221220000000002	1240.0
17.295120000000001	1170.0
17.310446000000002	1250.0
17.261803999999998	1490.0
17.343844000000001	1160.0
17.326453000000001	1760.0
17.339995999999999	1260.0
17.370592000000002	1220.0
17.353064	1340.0
17.416736	1490.0
17.393903999999999	1600.0
17.451389610389612	1410.0
17.40269069069069	1390.0
17.468644000000001	1260.0
17.47513	1190.0
17.451268000000002	1240.0
17.545556000000001	1270.0
17.437412999999999	1470.0
17.559457999999999	1420.0
17.528372000000001	1360.0
17.532437000000002	1610.0
17.579344000000003	1440.0
17.545296	1570.0
17.609024999999999	1160.0
17.587994000000002	1200.0
17.630444000000001	1300.0
17.616689000000001	1370.0
17.650980000000001	1480.0
17.672402597402595	1220.0
17.655654654654654	1240.0
17.727938000000002	1240.0
17.656835999999998	1120.0
17.75459	1220.0
17.726744	1240.0
17.727736	1310.0
17.795054	1450.0
17.739088000000002	1250.0
17.811992	1170.0
17.792000000000002	1220.0
17.827020000000001	1130.0
17.830351999999998	1110.0
17.839907	1100.0
17.870929999999998	1140.0
17.856999999999999	1210.0
17.918174825174823	1120.0
17.872114114114112	1230.0
17.94388	1540.0
17.926835000000001	1490.0
17.927928000000001	1520.0
17.999136	1190.0
17.930880999999999	1200.0
18.021635999999997	1190.0
17.993832000000001	1070.0
18.024229000000002	1380.0
18.044678000000001	1180.0
18.036451999999997	1500.0
18.079840999999998	1580.0
18.068415999999999	1130.0
18.115120000000001	1420.0
18.089717	1260.0
18.137716000000001	1540.0
18.138844155844154	1720.0
18.139082082082084	1330.0
18.201512000000001	1030.0
18.130303999999999	1200.0
18.224643	1290.0
18.204951999999999	1240.0
18.229416000000001	1050.0
18.256823000000001	1270.0
18.23344910179641	1500.0
18.290633266533067	1350.0
18.273951	1240.0
18.314139999999998	1250.0
18.307682	1360.0
18.336383999999999	1470.0
18.352624000000002	1400.0
18.356096000000001	1340.0
18.410727272727271	1440.0
18.355858858858859	1190.0
18.442546	1290.0
18.418161999999999	1200.0
18.440104000000002	1620.0
18.484295999999997	1200.0
18.447108999999998	1030.0
18.511877999999999	1140.0
18.495194000000001	1450.0
18.529394999999997	1370.0
18.534976	1020.0
18.544816183816184	1260.0
18.572692692692691	1150.0
18.573271999999999	1270.0
18.615006000000001	1210.0
18.587705	1410.0
18.643987012987015	1380.0
18.632045000000002	1200.0
18.65585085085085	1440.0
18.69979	1060.0
18.653138000000002	1280.0
18.725275	1140.0
18.707180000000001	1230.0
18.730316000000002	1280.0
18.744745000000002	1070.0
18.744748000000001	1140.0
18.777350000000002	1170.0
18.777753999999998	1200.0
18.814864	960.0
18.797888	1260.0
18.846147999999999	1190.0
18.842283999999999	1190.0
18.857688	1120.0
18.905588411588411	1090.0
18.863345345345344	1120.0
18.946812000000001	1120.0
18.918564	1090.0
18.957318000000001	1110.0
18.979378000000001	1150.0
18.96612	1000.0
19.010680000000001	960.0
19.004639999999998	940.0
19.043807000000001	1140.0
19.03932	1140.0
19.067056000000001	1210.0
19.075592	1140.0
19.066464	1180.0
19.131475999999999	1060.0
19.09646	1290.0
19.148852000000002	1040.0
19.164835164835164	1320.0
19.145576999999999	930.0
19.209288000000001	1080.0
19.175968000000001	800.0
19.235585	1400.0
19.235825999999999	1180.0
19.246234000000001	1060.0
19.278541000000001	1020.0
19.275354645354646	990.0
19.320666666666668	1260.0
19.301859	1120.0
19.351108	1350.0
19.336986	1050.0
19.369731000000002	1250.0
19.396696000000002	1240.0
19.369983999999999	1060.0
19.446842157842156	1400.0
19.395720000000001	990.0
19.454268000000003	1120.0
19.463384999999999	1120.0
19.455159999999999	880.0
19.498884	950.0
19.485603000000001	1140.0
19.528072000000002	910.0
19.520807999999999	1100.0
19.555641000000001	1100.0
19.559240000000003	1240.0
19.580760000000001	1110.0
19.613420999999999	970.0
19.590873999999999	700.0
19.656766000000001	1110.0
19.612856000000001	950.0
19.673227772227772	950.0
19.689822822822823	880.0
19.672869000000002	890.0
19.725112000000003	910.0
19.702501999999999	1230.0
19.745553999999998	990.0
19.751240000000003	1100.0
19.767199999999999	1000.0
19.783087999999999	1070.0
19.789681999999999	1140.0
19.825212000000001	980.0
19.809602999999999	1000.0
19.863304000000003	810.0
19.841871999999999	1120.0
19.881647000000001	880.0
19.918746000000002	1090.0
19.884207792207793	970.0
19.96277177177177	960.0
19.926144000000001	910.0
19.971616000000001	900.0
19.986420000000003	1010.0
19.995598000000001	840.0
20.023136000000001	1000.0
20.020918999999999	920.0
20.059172	980.0
20.049332	1210.0
20.083448000000001	1020.0
20.084174000000001	960.0
20.109583999999998	1210.0
20.137677999999998	1250.0
20.119112000000001	1100.0
20.177512	860.0
20.144521000000001	780.0
20.185056943056942	920.0
20.207540540540538	1140.0
20.200113999999999	860.0
20.243116000000001	940.0
20.237172000000001	1020.0
20.273989	960.0
20.278504000000002	1080.0
20.307680000000001	990.0
20.320858000000001	1020.0
20.33688111888112	930.0
20.366714714714714	860.0
20.351226	990.0
20.407202000000002	860.0
20.391072000000001	990.0
20.426582	870.0
20.449856	1000.0
20.43583716283716	1060.0
20.483367367367368	1290.0
20.471437999999999	960.0
20.507732000000001	700.0
20.516726999999999	1040.0
20.52976	970.0
20.547608	1230.0
20.553564999999999	910.0
20.582684	1110.0
20.58071	850.0
20.619441999999999	1080.0
20.614512000000001	880.0
20.633652000000001	1100.0
20.65576123876124	1310.0
20.650085999999998	830.0
20.691746000000002	1070.0
20.678773	1030.0
20.714644355644353	1050.0
20.728978978978979	890.0
20.742906999999999	940.0
20.768685999999999	900.0
20.768502000000002	760.0
20.800198000000002	940.0
20.808712	970.0
20.838163999999999	990.0
20.837826	1010.0
20.860479999999999	950.0
20.884042000000001	890.0
20.883444000000001	950.0
20.934408000000001	970.0
20.915592	1140.0
20.952948000000003	890.0
20.96470929070929	880.0
20.976380000000002	1100.0
21.000975975975976	1070.0
20.999295999999998	1060.0
21.029879999999999	810.0
21.039738	1040.0
21.059232000000002	1240.0
21.078382000000001	1130.0
21.091820999999999	860.0
21.123360000000002	1290.0
21.115704000000001	1100.0
21.154627999999999	1010.0
21.151273999999997	810.0
21.172217999999997	830.0
21.199535999999998	900.0
21.188784000000002	970.0
21.233972000000001	1000.0
21.228250749250748	970.0
21.254587000000001	900.0
21.267783783783784	1040.0
21.274404999999998	1000.0
21.295807999999997	930.0
21.302864	920.0
21.336162999999999	1010.0
21.336435999999999	1040.0
21.368929999999999	930.0
21.374531999999999	890.0
21.390743999999998	830.0
21.429724	690.0
21.416357000000001	760.0
21.477790000000002	900.0
21.475543999999999	920.0
21.502238999999999	710.0
21.524519999999999	940.0
21.527193806193807	700.0
21.556699699699699	970.0
21.559539460539462	730.0
21.590991991991995	1010.0
21.597471000000002	950.0
21.621048000000002	940.0
21.63862	1030.0
21.651040999999999	820.0
21.684069999999998	680.0
21.675411999999998	840.0
21.720379000000001	850.0
21.718048	860.0
21.736736000000001	850.0
21.764333999999998	1120.0
21.761099999999999	950.0
21.80077	970.0
21.803173826173825	930.0
21.828512512512511	1100.0
21.843204	1130.0
21.858456999999998	1080.0
21.877189999999999	1010.0
21.888145999999999	870.0
21.913914000000002	690.0
21.915984000000002	1060.0
21.944192000000001	1000.0
21.950120999999999	820.0
21.966013999999998	940.0
21.995951999999999	880.0
21.99117082917083	780.0
22.033344344344343	900.0
22.032920000000001	1060.0
22.057029	690.0
22.076135999999998	780.0
22.08728071928072	880.0
22.117103103103101	860.0
22.126752	750.0
22.151399999999999	890.0
22.154971	960.0
22.179079999999999	960.0
22.190234	1040.0
22.212382999999999	870.0
22.233948000000002	830.0
22.230264000000002	920.0
22.269980999999998	850.0
22.270803999999998	820.0
22.294650000000001	780.0
22.314328	730.0
22.318335999999999	630.0
22.346671999999998	720.0
22.355174825174824	890.0
22.377536536536535	680.0
22.390474000000001	830.0
22.410025999999998	870.0
22.425303999999997	890.0
22.44032	900.0
22.463917000000002	860.0
22.469000000000001	980.0
22.499804000000001	850.0
22.504937999999999	700.0
22.528703999999998	870.0
22.549904000000002	850.0
22.554565	720.0
22.584443999999998	770.0
22.592292	680.0
22.615677999999999	840.0
22.629999999999999	910.0
22.643790209790208	730.0
22.661154154154154	690.0
22.676244000000001	740.0
22.697654	800.0
22.705458	840.0
22.729759999999999	910.0
22.736000000000001	1010.0
22.758056	810.0
22.780621999999997	850.0
22.78133266733267	970.0
22.809432432432434	850.0
22.817471999999999	800.0
22.844192	870.0
22.861298999999999	690.0
22.873583999999997	800.0
22.893999999999998	850.0
22.9067012987013	840.0
22.931582582582582	840.0
22.942847999999998	760.0
22.964369999999999	980.0
22.976968000000003	860.0
22.992508000000001	910.0
23.022069999999999	1210.0
23.023204	790.0
23.055868	770.0
23.064530999999999	1080.0
23.077636000000002	880.0
23.109325999999999	850.0
23.110963999999999	800.0
23.141120000000001	890.0
23.152507492507493	1130.0
23.174906906906905	1040.0
23.190987999999997	920.0
23.208355644355645	1040.0
23.226514514514516	770.0
23.236304000000001	860.0
23.264191999999998	1020.0
23.264628999999999	1010.0
23.295634	1110.0
23.307568	980.0
23.317305999999999	890.0
23.350711999999998	950.0
23.351352000000002	840.0
23.381189000000003	1100.0
23.391572	1100.0
23.407084000000001	1070.0
23.428055000000001	1250.0
23.438559999999999	1010.0
23.461191999999997	1210.0
23.471627372627374	1190.0
23.493607607607608	1090.0
23.503294	1140.0
23.526838999999999	1200.0
23.543983999999998	1240.0
23.553167999999999	1260.0
23.58277	1210.0
23.581637999999998	1320.0
23.610945999999998	1420.0
23.622042999999998	1260.0
23.634784	1440.0
23.658895999999999	1420.0
23.665830999999997	1070.0
23.689019999999999	1210.0
23.698727999999999	1400.0
23.719398999999999	1130.0
23.732224000000002	1420.0
23.74934965034965	1310.0
23.767624624624624	1340.0
23.775691999999999	1410.0
23.802379999999999	1530.0
23.801545999999998	1750.0
23.829187999999998	1550.0
23.846468000000002	1620.0
23.861871000000001	1520.0
23.887838000000002	1650.0
23.893554000000002	1670.0
23.918890000000001	1730.0
23.929167999999997	1530.0
23.947896	1660.0
23.965520999999999	1600.0
23.981259999999999	1880.0
24.001666	1790.0
24.015356643356643	1920.0
24.036098098098098	1940.0
24.039612000000002	1910.0
24.066488000000003	1890.0
24.086674000000002	2160.0
24.095887999999999	2150.0
24.118950999999999	1870.0
24.121023999999998	2180.0
24.147288	2210.0
24.160151000000003	2040.0
24.175758000000002	2240.0
24.197464	2120.0
24.212012000000001	2460.0
24.233903999999999	2230.0
24.245559999999998	2060.0
24.264856000000002	2110.0
24.274000000000001	2380.0
24.294121878121878	2880.0
24.311514514514514	2550.0
24.328824000000001	3020.0
24.356272000000001	3010.0
24.359998000000001	2740.0
24.382806000000002	2790.0
24.396134	3080.0
24.409103000000002	3250.0
24.432259999999999	3180.0
24.444216000000001	2940.0
24.466548	3460.0
24.480187999999998	3280.0
24.498615384615384	3520.0
24.511842842842842	3380.0
24.528535999999999	3540.0
24.543959999999998	3800.0
24.556098901098903	3330.0
24.579545545545546	3560.0
24.587544000000001	4040.0
24.610775999999998	3720.0
24.61917982017982	3630.0
24.635576576576575	4270.0
24.656251000000001	4400.0
24.667838	3930.0
24.686191999999998	4460.0
24.699605999999999	4280.0
24.715664	4420.0
24.731016	4710.0
24.74738	5020.0
24.761656000000002	5150.0
24.777273999999998	5390.0
24.793925999999999	5300.0
24.807264	4910.0
24.826703296703297	4880.0
24.840786786786786	5280.0
24.858354000000002	5850.0
24.876208000000002	6020.0
24.886225	5580.0
24.910215999999998	5720.0
24.921104	5910.0
24.941022	6530.0
24.957077999999999	5970.0
24.973962	6220.0
24.996096999999999	6530.0
25.00672027972028	5970.0
25.025485485485486	6650.0
25.039294999999999	6490.0
25.055440000000001	7040.0
25.070432	6980.0
25.082329670329671	7390.0
25.1067977977978	8060.0
25.114856	7040.0
25.137663	7760.0
25.155121999999999	8180.0
25.169149999999998	8280.0
25.191145000000002	8610.0
25.200839999999999	8880.0
25.220690309690312	9090.0
25.235184184184185	9100.0
25.251121999999999	8900.0
25.266914	8880.0
25.283180000000002	9610.0
25.302423999999998	9870.0
25.316832000000002	9490.0
25.336779	9760.0
25.348758	9550.0
25.368501498501498	9570.0
25.382856856856854	10470.0
25.399092	11660.0
25.420159999999999	10540.0
25.432758999999997	12120.0
25.45363	11410.0
25.470202	12130.0
25.489749	11060.0
25.506888	12450.0
25.522911999999998	12310.0
25.540707999999999	12740.0
25.554086000000002	12590.0
25.574092	12820.0
25.589238999999999	14050.0
25.607427999999999	13340.0
25.624140000000001	14470.0
25.642885114885114	14130.0
25.662019999999998	15360.0
25.673386000000001	13930.0
25.695064000000002	15250.0
25.711687999999999	15410.0
25.728120000000001	15660.0
25.744913999999998	15800.0
25.756639999999997	16230.0
25.776582000000001	16960.0
25.793126000000001	16590.0
25.809152000000001	15140.0
25.824904	17600.0
25.843281000000001	16720.0
25.857382000000001	18380.0
25.875693999999999	17410.0
25.895001999999998	17840.0
25.905567999999999	17480.0
25.927105105105106	17880.0
25.935501000000002	17670.0
25.955697999999998	18320.0
25.973648000000001	19300.0
25.985649000000002	18080.0
26.005648000000001	19400.0
26.02094	19670.0
26.038262	19370.0
26.052175999999999	20180.0
26.070063999999999	20110.0
26.087788	19690.0
26.103391999999999	20510.0
26.122744000000001	20910.0
26.132873	20290.0
26.156549999999999	20150.0
26.167685314685315	19750.0
26.187392392392393	19400.0
26.202196000000001	19760.0
26.217587999999999	20810.0
26.238533	19970.0
26.250204	19640.0
26.270844	19290.0
26.284499	20020.0
26.302327999999999	18940.0
26.321968000000002	18830.0
26.336385999999997	20410.0
26.354578	18800.0
26.368986	18760.0
26.388569	18780.0
26.403224000000002	17500.0
26.422404	17660.0
26.442601	18310.0
26.456839160839159	17490.0
26.477156156156155	17300.0
26.489535	18630.0
26.506176	17880.0
26.522960000000001	18020.0
26.537898000000002	17790.0
26.554953999999999	18770.0
26.568720000000003	17930.0
26.586686	17910.0
26.599731999999999	18250.0
26.618872	18430.0
26.631912	18030.0
26.645227999999999	17840.0
26.664454000000003	17370.0
26.675360999999999	18260.0
26.697824000000001	18820.0
26.706839160839159	18020.0
26.723362362362362	18650.0
26.743548000000001	18440.0
26.759181999999999	18650.0
26.775707999999998	18750.0
26.790323999999998	18020.0
26.809719999999999	18320.0
26.825990000000001	17620.0
26.843926	17210.0
26.860885999999997	17370.0
26.87738961038961	17280.0
26.89577977977978	16060.0
26.908975999999999	15560.0
26.929458999999998	16220.0
26.948014000000001	16270.0
26.961126	16150.0
26.983104000000001	15130.0
26.999846153846153	15840.0
27.015513513513515	14640.0
27.033367000000002	15120.0
27.048473999999999	14920.0
27.066562000000001	14920.0
27.084633	14730.0
27.102191999999999	14820.0
27.118047904191616	13670.0
27.136765531062125	13370.0
27.151721999999999	12300.0
27.168787999999999	12170.0
27.188751	11210.0
27.203595999999997	9970.0
27.224120000000003	8920.0
27.242266000000001	8010.0
27.257311999999999	7130.0
27.274625374625373	6590.0
27.293955955955955	6550.0
27.311448000000002	6450.0
27.324720000000003	5640.0
27.343985	5880.0
27.359929999999999	6430.0
27.377994000000001	5630.0
27.394656999999999	5820.0
27.410432	5660.0
27.427455999999999	5790.0
27.446801000000001	5550.0
27.463630000000002	5370.0
27.477778000000001	4620.0
27.496441999999998	5310.0
27.512544000000002	4510.0
27.530824000000003	4640.0
27.549431000000002	5450.0
27.561657342657345	4690.0
27.582279279279284	5190.0
27.597537000000003	4560.0
27.613416000000001	4680.0
27.629235999999999	3390.0
27.645779999999998	4540.0
27.662224000000002	4700.0
27.678321999999998	4140.0
27.696393	4100.0
27.708919999999999	4010.0
27.728120000000001	3970.0
27.742947000000001	4150.0
27.760694000000004	4450.0
27.780506000000003	3780.0
27.793179999999996	3880.0
27.813236	3990.0
27.827297405189618	3670.0
27.843356713426854	3960.0
27.861430000000002	4200.0
27.877390000000002	3910.0
27.893824000000002	4150.0
27.910831999999999	3680.0
27.928472000000003	3810.0
27.942468999999999	3630.0
27.962324000000002	3750.0
27.980089999999997	3830.0
27.994297000000003	4270.0
28.012776000000002	3870.0
28.024956	3970.0
28.043944	3630.0
28.061073999999998	3690.0
28.079533999999999	3690.0
28.098236999999997	4050.0
28.113298701298699	4070.0
28.13063063063063	3670.0
28.146585000000002	3950.0
28.163533999999999	4020.0
28.179358000000001	3970.0
28.196951000000002	4000.0
28.212304	3500.0
28.230364000000002	3690.0
28.249742000000001	3930.0
28.26623	3890.0
28.285974	3800.0
28.301144000000001	3540.0
28.318152000000001	3840.0
28.334903999999998	3750.0
28.350582000000003	4010.0
28.369716000000004	3720.0
28.388210789210792	3790.0
28.405602602602603	3970.0
28.421875999999997	3910.0
28.436740000000004	4050.0
28.452685000000002	3690.0
28.469272000000004	4200.0
28.486295999999999	4150.0
28.502535000000002	3900.0
28.521808	4030.0
28.538439999999998	3960.0
28.554385	4000.0
28.572352000000002	4370.0
28.589376000000001	4270.0
28.606383999999998	4010.0
28.623391999999999	3740.0
28.640692000000001	3970.0
28.657067999999999	4240.0
28.673031968031967	3590.0
28.691516516516518	3870.0
28.707464000000002	4390.0
28.724472000000002	3860.0
28.740183999999999	4760.0
28.755784999999999	4200.0
28.772512000000003	3950.0
28.788689999999999	4010.0
28.803726000000001	3910.0
28.818608000000001	3900.0
28.839468	4120.0
28.853484999999996	3870.0
28.869753999999997	4150.0
28.886938000000001	3850.0
28.901623999999998	3650.0
28.918631999999999	4190.0
28.936064935064934	4130.0
28.95461261261261	3750.0
28.971588000000001	3990.0
28.988301999999997	3910.0
29.005704000000001	4000.0
29.019784000000001	4300.0
29.038124000000003	4070.0
29.057462000000001	4270.0
29.071064000000003	4090.0
29.090734000000001	4230.0
29.105930999999998	4470.0
29.125680000000003	4050.0
29.141112000000003	4390.0
29.155775224775226	4350.0
29.17521821821822	4250.0
29.191588000000003	4520.0
29.209435000000003	3930.0
29.226355644355646	4160.0
29.245000000000001	4500.0
29.261666000000002	4130.0
29.278594000000002	4390.0
29.295189999999998	4310.0
29.311943999999997	4520.0
29.330696	4460.0
29.344231999999998	4540.0
29.366977999999996	4520.0
29.381868000000001	4650.0
29.397268000000004	4620.0
29.415645999999999	4090.0
29.431536000000001	4860.0
29.449740000000002	4260.0
29.466063999999999	4830.0
29.483514	4860.0
29.499065934065936	4570.0
29.516939939939942	4310.0
29.534216000000001	4710.0
29.550136000000002	4490.0
29.566385	4760.0
29.582330000000002	4610.0
29.601834	4930.0
29.621082000000001	4320.0
29.636204000000003	4270.0
29.654215999999998	5220.0
29.670945999999997	4580.0
29.686029999999999	4830.0
29.701990000000002	5230.0
29.717935000000001	4640.0
29.735048951048952	4640.0
29.753287287287289	4690.0
29.769785000000002	5440.0
29.783977022977023	4410.0
29.803849849849851	4760.0
29.821217000000001	4610.0
29.841211999999999	4550.0
29.855195999999999	5170.0
29.869586000000002	4650.0
29.888316000000003	5000.0
29.904390000000003	4820.0
29.920601999999995	4970.0
29.939735999999996	4850.0
29.958455999999998	4430.0
29.975742999999998	4900.0
29.993472000000001	5040.0
30.010496	5190.0
30.028442000000002	5030.0
30.044916000000001	5170.0
30.061717282717286	5390.0
30.07822122122122	4950.0
30.095274	4940.0
30.113361999999999	5490.0
30.132281999999996	5460.0
30.150504000000002	5160.0
30.167615999999999	5420.0
30.182741000000004	5190.0
30.202529999999999	5560.0
30.218323999999999	5640.0
30.234579999999998	5260.0
30.253504	6180.0
30.267340000000001	5660.0
30.283285000000003	5040.0
30.298748	5670.0
30.315827999999996	5030.0
30.331300699300698	5830.0
30.345403403403402	5170.0
30.361040000000003	5000.0
30.378582999999999	5610.0
30.395792000000004	5820.0
30.411876123876119	5160.0
30.427834834834833	5690.0
30.444780000000002	5570.0
30.460508000000004	6050.0
30.474506000000002	5410.0
30.489387999999998	5700.0
30.506426000000001	4900.0
30.525797000000001	5210.0
30.540479999999999	5800.0
30.555944	5740.0
30.571385000000003	6010.0
30.588574000000001	6210.0
30.604594405594405	5740.0
30.621728728728726	5540.0
30.637367999999999	5810.0
30.654015999999999	5780.0
30.671963000000002	5730.0
30.688032000000003	6090.0
30.704990000000002	5950.0
30.720677000000002	6000.0
30.735071999999999	6540.0
30.752095999999998	5850.0
30.768785000000005	5640.0
30.784348000000001	5490.0
30.800135999999998	6120.0
30.816634999999998	5370.0
30.833152000000002	5890.0
30.850812000000001	5750.0
30.866776223776224	5690.0
30.881664664664665	6490.0
30.899042000000001	5490.0
30.914445999999998	6010.0
30.930279999999996	5780.0
30.950192000000001	6200.0
30.963264000000002	6230.0
30.980130000000003	6330.0
30.996296000000001	5650.0
31.013035000000002	5470.0
31.028980000000001	5820.0
31.04494	5670.0
31.061803000000001	6100.0
31.078308	6220.0
31.096133999999999	6460.0
31.112436999999996	6180.0
31.129103999999998	6350.0
31.144077922077923	5940.0
31.16126026026026	5870.0
31.176627999999997	6460.0
31.193456000000001	6630.0
31.211434999999998	6320.0
31.227747999999998	5720.0
31.247807999999999	6200.0
31.266065999999999	5820.0
31.281230000000001	6370.0
31.297536000000001	6670.0
31.315770999999998	6830.0
31.33408	6480.0
31.350575999999997	6050.0
31.368781999999996	6550.0
31.385929999999998	6500.0
31.403342000000002	6140.0
31.420611388611388	6600.0
31.440185185185182	6930.0
31.455824	6400.0
31.474586826347306	6030.0
31.490672000000004	6660.0
31.507695999999999	7040.0
31.524535	6130.0
31.540944	7140.0
31.559032000000002	6950.0
31.576744000000001	7360.0
31.593330000000002	6650.0
31.610747999999997	7390.0
31.629872127872126	6570.0
31.647174174174172	6310.0
31.664491999999999	6920.0
31.681823999999999	6350.0
31.699620379620381	6610.0
31.715975000000004	6500.0
31.732862862862866	6940.0
31.753839999999997	6660.0
31.768008000000002	6900.0
31.786427999999997	6980.0
31.800639999999998	6650.0
31.820444000000002	6950.0
31.836871000000002	7080.0
31.855952000000002	7100.0
31.872540000000001	7250.0
31.889483000000002	7040.0
31.907554000000001	7730.0
31.924389999999999	6960.0
31.941713	6540.0
31.956776000000001	6810.0
31.976319999999998	6970.0
31.994049950049952	7150.0
32.011071071071072	6590.0
32.030084000000002	7870.0
32.045103999999995	7220.0
32.062244	7550.0
32.080135999999996	7110.0
32.098438999999999	6680.0
32.117863999999997	7450.0
32.133719999999997	7310.0
32.152735	7780.0
32.170216000000003	7540.0
32.187063999999999	7290.0
32.202584999999999	7410.0
32.219231999999998	7070.0
32.236255999999997	7150.0
32.253264000000001	6990.0
32.270271999999999	7920.0
32.285370629370632	7080.0
32.302360999999998	7410.0
32.322147999999999	7070.0
32.337336000000001	7640.0
32.353926000000001	7570.0
32.369896000000004	7180.0
32.387368000000002	7330.0
32.403979999999997	7480.0
32.423853999999999	8190.0
32.440364000000002	8090.0
32.455835	7400.0
32.473084	7720.0
32.490455999999995	7560.0
32.505906000000003	7730.0
32.521630000000002	7200.0
32.536683999999994	7400.0
32.557360639360638	7710.0
32.570543999999998	7300.0
32.588536000000005	7820.0
32.605544000000002	7490.0
32.622774	7620.0
32.640004000000005	6680.0
32.655583999999998	7290.0
32.673003999999999	7080.0
32.688712000000002	7730.0
32.704163000000001	7080.0
32.719826000000005	7430.0
32.738320000000002	8330.0
32.755935000000001	7020.0
32.772672	6880.0
32.78884	7680.0
32.807541999999998	7620.0
32.822747999999997	7490.0
32.83981081081081	7430.0
32.858525999999998	7750.0
32.874096000000002	7780.0
32.892304000000003	7410.0
32.908381999999996	7100.0
32.925705999999998	7300.0
32.940815999999998	8150.0
32.959291	7750.0
32.977831999999999	7690.0
32.993007999999996	7700.0
33.010901000000004	7300.0
33.028129999999997	8120.0
33.044896000000001	8390.0
33.062773	7850.0
33.079912	8160.0
33.097932	8030.0
33.116870870870869	8130.0
33.133195999999998	7900.0
33.151232	8010.0
33.165482000000004	7760.0
33.183992000000003	7760.0
33.199888000000001	7140.0
33.216341	7830.0
33.234027999999995	7890.0
33.250056000000001	7760.0
33.266435000000001	8050.0
33.282379999999996	8080.0
33.299095999999999	7910.0
33.316923000000003	7130.0
33.335875999999999	7650.0
33.350298000000002	7550.0
33.363171000000001	8460.0
33.383078921078919	7590.0
33.399972972972968	7080.0
33.421188999999998	7690.0
33.433405999999998	8020.0
33.448216000000002	7800.0
33.46678	8310.0
33.484876	7950.0
33.501287999999995	7130.0
33.518106000000003	8150.0
33.534272000000001	7430.0
33.550579420579417	7730.0
33.568069069069068	7970.0
33.583647999999997	7720.0
33.600335999999999	7570.0
33.618302999999997	7680.0
33.634374000000001	7810.0
33.652546453546456	7540.0
33.670777777777772	7770.0
33.685027999999996	7510.0
33.704140000000002	7680.0
33.720085000000005	7660.0
33.736833999999995	7860.0
33.753523999999999	7580.0
33.770522	7380.0
33.787288000000004	7400.0
33.804808000000001	7350.0
33.821784999999998	7480.0
33.839294000000002	7920.0
33.857382000000001	7880.0
33.872726	7460.0
33.889552000000002	7130.0
33.907575999999999	7640.0
33.924385999999998	8290.0
33.93975124875125	7560.0
33.95737837837838	7670.0
33.974201999999998	7940.0
33.991928000000001	7710.0
34.008488	7940.0
34.025706	7770.0
34.042756000000004	7390.0
34.060696	7980.0
34.078372999999999	7800.0
34.095711999999999	7620.0
34.111940000000004	7810.0
34.128743999999998	7600.0
34.144829999999999	6860.0
34.160789999999999	7930.0
34.177833	7220.0
34.196128000000002	7580.0
34.215285714285713	7300.0
34.229811811811814	7200.0
34.247436	7770.0
34.266953999999998	8000.0
34.285435	7620.0
34.301872000000003	7910.0
34.320008000000001	7570.0
34.339761000000003	7170.0
34.356547999999997	7540.0
34.375174000000001	7540.0
34.390517000000003	7980.0
34.408695999999999	7150.0
34.426911999999994	7460.0
34.444983000000001	7330.0
34.462868	7720.0
34.478015999999997	7200.0
34.494645999999996	7550.0
34.510023952095807	7230.0
34.527663326653304	6730.0
34.545306000000004	7540.0
34.561956000000002	7170.0
34.579590000000003	7470.0
34.594965999999999	7260.0
34.611111999999999	7280.0
34.626744000000002	7110.0
34.644662000000004	7820.0
34.662973999999998	6410.0
34.679289999999995	7350.0
34.696184000000002	7260.0
34.716144	6720.0
34.729216000000001	6690.0
34.746223999999998	7410.0
34.763433999999997	7500.0
34.781517482517479	7550.0
34.798924924924926	7350.0
34.815272	7390.0
34.833208000000006	7650.0
34.851823000000003	7110.0
34.868729999999999	6980.0
34.884044000000003	7190.0
34.899635000000004	6580.0
34.917895999999999	6630.0
34.936211999999998	7010.0
34.952485000000003	6830.0
34.968429999999998	7640.0
34.985363999999997	7060.0
35.000335	6760.0
35.016432000000002	6300.0
35.034536000000003	7110.0
35.055185000000002	7730.0
35.07112487512488	7310.0
35.088297297297295	6840.0
35.106034999999999	6970.0
35.121980000000001	7360.0
35.139131999999996	6720.0
35.156543999999997	6440.0
35.173552000000001	6870.0
35.190576	6750.0
35.206735000000002	7260.0
35.223592000000004	7370.0
35.239640000000001	7220.0
35.256701999999997	6450.0
35.275326	6840.0
35.289822000000001	6360.0
35.307893	6520.0
35.325671999999997	6120.0
35.342334665334668	6930.0
35.35953153153153	6940.0
35.377712000000002	6510.0
35.394190000000002	6490.0
35.411352999999998	6360.0
35.427408	6440.0
35.444511999999996	6270.0
35.460985000000001	6550.0
35.478639360639363	6710.0
35.496740740740741	6530.0
35.512834999999995	6480.0
35.530728000000003	6460.0
35.545971999999999	6320.0
35.563685	6940.0
35.579872000000002	6640.0
35.597202000000003	6220.0
35.615642000000001	5990.0
35.63347352647353	6460.0
35.649432432432434	6340.0
35.667061999999994	6280.0
35.684952000000003	6440.0
35.699232000000002	6040.0
35.716481999999999	6190.0
35.736428000000004	6430.0
35.753140000000002	6460.0
35.768146000000002	6370.0
35.785035999999998	6000.0
35.804055999999996	5260.0
35.820935000000006	5950.0
35.837456000000003	6380.0
35.856351999999994	6230.0
35.873784999999998	6370.0
35.88973	6510.0
35.906128871128871	5850.0
35.923644644644646	5900.0
35.942296000000006	5910.0
35.958903999999997	6460.0
35.974485000000001	5700.0
35.991954	5980.0
36.010041999999999	6230.0
36.025446000000002	5860.0
36.043183999999997	6230.0
36.061191999999998	6160.0
36.074421999999998	6150.0
36.093130000000002	5890.0
36.109501999999999	5830.0
36.127572999999998	6360.0
36.144980000000004	5100.0
36.161732000000001	6530.0
36.178426000000002	5440.0
36.195386613386617	5700.0
36.213369369369367	5500.0
36.229086000000002	5910.0
36.245392000000002	6040.0
36.263967999999998	5730.0
36.279745999999996	5940.0
36.296432000000003	5810.0
36.312490000000004	5700.0
36.332492999999999	5650.0
36.350195999999997	5920.0
36.365276000000001	5420.0
36.385190000000001	5350.0
36.398076000000003	5660.0
36.416536000000001	5590.0
36.433946053946052	5890.0
36.452486486486492	5490.0
36.468425574425574	5000.0
36.483577577577577	4940.0
36.500591999999997	5690.0
36.518342000000004	5160.0
36.536413000000003	5530.0
36.554484000000002	5570.0
36.569823999999997	5510.0
36.587626373626378	5150.0
36.603714000000004	5720.0
36.621696	5570.0
36.639042000000003	5220.0
36.657016000000006	5180.0
36.671736000000003	5410.0
36.689103000000003	5140.0
36.707596000000002	5440.0
36.725776000000003	5070.0
36.741686000000001	5340.0
36.757782217782221	4940.0
36.775486486486486	4740.0
36.791346000000004	5280.0
36.807030000000005	4670.0
36.82732	4960.0
36.843006000000003	5450.0
36.860863999999999	5320.0
36.879007999999999	4850.0
36.897784999999999	4970.0
36.914093999999999	5400.0
36.931936	4480.0
36.948944000000004	4860.0
36.966695999999999	5710.0
36.984540000000003	5060.0
37.000485000000005	4950.0
37.018116000000006	4700.0
37.035380619380618	4840.0
37.05133033033033	5200.0
37.068784000000001	4420.0
37.085239999999999	4820.0
37.102063999999999	5020.0
37.119071999999996	4460.0
37.136108	4640.0
37.155173000000005	4970.0
37.173507999999998	5010.0
37.192352	5330.0
37.207180000000001	5230.0
37.225864000000001	4540.0
37.241720000000001	4570.0
37.261632999999996	4880.0
37.280216000000003	4490.0
37.296488000000004	4670.0
37.310946000000001	4340.0
37.326519480519487	4710.0
37.343252252252256	4380.0
37.361922	4290.0
37.37838	4420.0
37.395296000000002	4040.0
37.410322999999998	4690.0
37.428148	4430.0
37.443336000000002	4830.0
37.460762000000003	4530.0
37.479351999999999	4180.0
37.496375999999998	3990.0
37.512186999999997	4360.0
37.527853999999998	4760.0
37.546467999999997	4530.0
37.563245999999999	4420.0
37.580083999999999	3880.0
37.597444555444554	3940.0
37.613681681681676	4550.0
37.631314000000003	4330.0
37.648496000000002	4100.0
37.665503999999999	4170.0
37.681480000000001	4540.0
37.697535999999999	4250.0
37.714067	3910.0
37.729218000000003	4040.0
37.748289999999997	3960.0
37.765281999999999	4020.0
37.782356	4370.0
37.798567999999996	3860.0
37.817701999999997	3390.0
37.835030000000003	3570.0
37.850990000000003	3740.0
37.869122000000004	4280.0
37.883494505494511	3850.0
37.902261261261266	4230.0
37.918785	4030.0
37.934730000000002	4300.0
37.949736000000001	4320.0
37.966744000000006	3450.0
37.983408000000004	3630.0
37.999012	4050.0
38.015886999999999	3540.0
38.031154000000001	3720.0
38.049668000000004	3890.0
38.066357000000004	3710.0
38.082384000000005	3690.0
38.099856000000003	3570.0
38.116864	4080.0
38.134613999999999	4310.0
38.151077922077924	3600.0
38.167033033033029	3960.0
38.182980000000001	3430.0
38.199936000000001	3830.0
38.215826	3330.0
38.231684000000001	3330.0
38.253603999999996	3690.0
38.268735	4060.0
38.285616000000005	3830.0
38.303263999999999	3920.0
38.319462999999999	3780.0
38.336530000000003	3730.0
38.353612387612387	3710.0
38.370429429429429	3880.0
38.387072000000003	3760.0
38.40334	3700.0
38.420090909090909	3300.0
38.438873873873874	3720.0
38.457082	3380.0
38.473162000000002	3350.0
38.492080000000001	3470.0
38.507904000000003	3340.0
38.523383000000003	3610.0
38.540929999999996	3310.0
38.557541999999998	3530.0
38.574835	3270.0
38.591684000000001	3420.0
38.608739999999997	3270.0
38.624106000000005	3180.0
38.641556000000001	3310.0
38.656472000000001	2940.0
38.675379999999997	3120.0
38.694975999999997	3350.0
38.709636363636363	3470.0
38.72922022022022	3320.0
38.746264000000004	2990.0
38.759548000000002	2940.0
38.778086000000002	3480.0
38.794027999999997	2910.0
38.812587999999998	3400.0
38.826746	3560.0
38.843637999999999	2900.0
38.861523999999996	3840.0
38.877463999999996	3360.0
38.894472	3130.0
38.910184000000001	2870.0
38.925784999999998	2730.0
38.943294000000002	2980.0
38.961382	3280.0
38.978529470529466	3050.0
38.996523523523521	2750.0
39.013611999999995	3240.0
39.031089000000001	3200.0
39.043915999999996	2930.0
39.062163999999996	2830.0
39.077913000000002	2890.0
39.095280000000002	3100.0
39.112904	2790.0
39.130706000000004	2540.0
39.14884	3070.0
39.165877999999999	2700.0
39.181703999999996	3050.0
39.197248000000002	2850.0
39.216124000000001	2840.0
39.231166999999999	2960.0
39.250518	2830.0
39.264805194805199	2900.0
39.282783999999999	3030.0
39.299680000000002	2860.0
39.315992000000001	2550.0
39.333584999999999	2760.0
39.350436000000002	2600.0
39.368850149850147	2810.0
39.384997997997999	2890.0
39.404316000000001	3120.0
39.421559999999999	3030.0
39.438380000000002	2750.0
39.455548	2840.0
39.472681999999999	2610.0
39.490752999999998	2460.0
39.508824000000004	3030.0
39.524104000000001	2860.0
39.542964035964033	2690.0
39.559240000000003	2490.0
39.579386	2420.0
39.592213000000001	2610.0
39.610032000000004	2740.0
39.627045908183632	2700.0
39.643666332665326	2180.0
39.659188	2330.0
39.675601999999998	2400.0
39.693103999999998	2260.0
39.710112000000002	2870.0
39.729224000000002	2380.0
39.747143999999999	2630.0
39.763329999999996	2260.0
39.781061999999999	2250.0
39.800082000000003	2680.0
39.819179820179819	2570.0
39.835126126126127	2400.0
39.851360639360635	2140.0
39.869219219219218	2380.0
39.886787999999996	2310.0
39.904935000000002	2620.0
39.921259481037922	2700.0
39.937368737474948	2060.0
39.954342000000004	2360.0
39.972893999999997	2320.0
39.988398000000004	2010.0
40.005762000000004	2650.0
40.022580000000005	2130.0
40.041047999999996	2440.0
40.058384000000004	1990.0
40.073467999999998	2050.0
40.091363636363639	2620.0
40.106585585585584	2100.0
40.125583999999996	2120.0
40.143239999999999	2130.0
40.158906000000002	2260.0
40.175155999999994	1930.0
40.194307999999999	2110.0
40.212035	2380.0
40.227980000000002	2150.0
40.244535999999997	2250.0
40.260226000000003	2080.0
40.277983016983015	2150.0
40.295572572572574	1920.0
40.310037000000001	2040.0
40.328415999999997	2310.0
40.346592000000001	1760.0
40.361584999999998	1940.0
40.377630369630367	2030.0
40.39447747747748	2020.0
40.410892999999994	1840.0
40.428671999999999	2150.0
40.445695999999998	1680.0
40.462285000000001	1840.0
40.478712000000002	1860.0
40.494098000000001	1780.0
40.510961999999999	1770.0
40.530096	1710.0
40.546303999999999	1940.0
40.563583000000001	2120.0
40.578206000000002	1810.0
40.596668000000001	2050.0
40.615802000000002	1930.0
40.628936000000003	2020.0
40.647506493506491	1990.0
40.662029029029028	1970.0
40.679872000000003	1690.0
40.696283999999999	2320.0
40.712273000000003	1820.0
40.730344000000002	1650.0
40.748432000000001	1720.0
40.763708000000001	1910.0
40.779574000000004	1610.0
40.797661999999995	1980.0
40.814984000000003	1680.0
40.831180000000003	1490.0
40.847139999999996	1730.0
40.865901999999998	1690.0
40.881034	1770.0
40.899056000000002	1700.0
40.916322000000001	1710.0
40.934109890109895	1630.0
40.948360360360361	1650.0
40.968784999999997	1540.0
40.984729999999999	1600.0
41.001581999999999	1590.0
41.019144000000004	1750.0
41.035580000000003	1330.0
41.052176000000003	1190.0
41.068485000000003	1460.0
41.088240000000006	1770.0
41.102911999999996	1600.0
41.119224000000003	1450.0
41.140039999999999	1370.0
41.155272000000004	1730.0
41.173105999999997	1590.0
41.188130000000001	1610.0
41.204704295704296	1310.0
41.223292292292292	1590.0
41.240975999999996	1580.0
41.258544000000001	1320.0
41.273885	1240.0
41.291918000000003	1400.0
41.310375999999998	1570.0
41.327384000000002	1350.0
41.344391999999999	1390.0
41.359864000000002	1440.0
41.375585000000001	1560.0
41.396040000000006	1260.0
41.411524	1480.0
41.427521999999996	1440.0
41.446564000000002	1430.0
41.464028000000006	1500.0
41.478723000000002	1400.0
41.49650749250749	1390.0
41.513870870870875	1460.0
41.530316999999997	1170.0
41.546495999999998	1470.0
41.564039999999999	1430.0
41.580584000000002	1160.0
41.598915999999996	1340.0
41.61589	1490.0
41.633412999999997	1180.0
41.652335999999998	1550.0
41.667823999999996	1440.0
41.681727000000002	1470.0
41.70075524475525	1340.0
41.719576576576578	1270.0
41.735703999999998	1100.0
41.752248000000002	1230.0
41.768618381618381	1250.0
41.787017017017014	1240.0
41.803595999999999	1380.0
41.819831999999998	1240.0
41.834235	1210.0
41.852015999999999	1110.0
41.869816	1150.0
41.889040999999999	990.0
41.903624000000001	1250.0
41.922453999999995	1150.0
41.938935000000001	1120.0
41.955872000000006	1090.0
41.971951999999995	1120.0
41.989784999999998	1200.0
42.005912000000002	1080.0
42.022932067932068	1170.0
42.040857857857858	1090.0
42.058831168831169	1190.0
42.07483783783784	1170.0
42.091985999999999	1230.0
42.108553999999998	860.0
42.127268000000001	1020.0
42.145023999999999	1020.0
42.161279999999998	1230.0
42.178871999999998	1070.0
42.19517182817183	820.0
42.210187187187188	840.0
42.230083999999998	1170.0
42.244965999999998	910.0
42.260376000000001	770.0
42.279724000000002	1070.0
42.298884999999999	1040.0
42.314185999999999	1030.0
42.32994105894106	850.0
42.347726726726727	1110.0
42.365728000000004	1100.0
42.383064000000005	970.0
42.399224000000004	960.0
42.416933999999998	820.0
42.435787999999995	1110.0
42.451605999999998	980.0
42.467379999999999	860.0
42.483339999999998	920.0
42.503304	910.0
42.520311999999997	850.0
42.536752	920.0
42.550761999999999	1040.0
42.56908	920.0
42.586047999999998	860.0
42.605581000000001	790.0
42.622999999999998	640.0
42.638933933933934	840.0
42.655834999999996	900.0
42.673735999999998	840.0
42.690739999999998	820.0
42.707464000000002	820.0
42.724471999999999	840.0
42.740589999999997	710.0
42.757504000000004	950.0
42.776416000000005	940.0
42.790632000000002	900.0
42.808384999999994	720.0
42.824995999999999	900.0
42.843289999999996	800.0
42.860281999999998	810.0
42.877768000000003	730.0
42.893608391608396	770.0
42.911155155155157	940.0
42.929234000000001	670.0
42.946655999999997	810.0
42.964393000000001	700.0
42.981672000000003	970.0
42.998682317682317	660.0
43.016621621621624	850.0
43.034693999999995	760.0
43.048828	710.0
43.067962000000001	760.0
43.086752000000004	630.0
43.104011999999997	730.0
43.121186000000002	620.0
43.137154000000002	770.0
43.154809190809196	670.0
43.172304304304305	560.0
43.189271728271727	600.0
43.205234234234233	600.0
43.221863999999997	620.0
43.239613999999996	650.0
43.260120000000001	780.0
43.275297000000002	700.0
43.291911999999996	1020.0
43.308935999999996	730.0
43.326062	620.0
43.344952000000006	680.0
43.362161999999998	620.0
43.379734999999997	760.0
43.396304000000001	520.0
43.413640000000001	710.0
43.430463000000003	550.0
43.447027999999996	740.0
43.464743256743255	850.0
43.483058058058056	470.0
43.500763999999997	620.0
43.518096	550.0
43.535923000000004	790.0
43.554876	480.0
43.570243999999995	790.0
43.589126	860.0
43.604151999999999	580.0
43.621173826173823	550.0
43.638567567567563	650.0
43.657716000000001	550.0
43.675564000000001	600.0
43.691613000000004	510.0
43.708779999999997	600.0
43.725255999999995	650.0
43.742843000000001	420.0
43.758337662337659	610.0
43.776408408408408	500.0
43.795842	590.0
43.812480000000001	510.0
43.829336000000005	460.0
43.844425999999999	460.0
43.863374	530.0
43.881376000000003	610.0
43.898235	550.0
43.913967999999997	430.0
43.929139999999997	590.0
43.946101999999996	520.0
43.965235999999997	410.0
43.982523999999998	510.0
43.998463999999998	490.0
44.016655999999998	550.0
44.032519480519483	510.0
44.050655655655653	470.0
44.067729999999997	550.0
44.084536	340.0
44.103361999999997	660.0
44.119579999999999	530.0
44.137576000000003	440.0
44.154584	540.0
44.171591999999997	370.0
44.188842000000001	420.0
44.205756999999998	600.0
44.221336000000001	300.0
44.239655999999997	360.0
44.256664000000001	500.0
44.272587999999999	450.0
44.288696000000002	510.0
44.307042000000003	450.0
44.323969030969032	520.0
44.342324324324323	440.0
44.358884999999994	440.0
44.373908	440.0
44.392747999999997	300.0
44.410734999999995	410.0
44.426904	310.0
44.444816000000003	400.0
44.462297702297704	610.0
44.480519519519518	360.0
44.497222000000001	340.0
44.514435000000006	270.0
44.530380000000001	340.0
44.548563999999999	370.0
44.563808999999999	310.0
44.580958000000003	350.0
44.598924075924074	430.0
44.615940940940938	470.0
44.633824000000004	400.0
44.650040000000004	500.0
44.667983	540.0
44.685991999999999	340.0
44.703015999999998	460.0
44.720023999999995	330.0
44.736779999999996	360.0
44.753056000000001	470.0
44.770064000000005	380.0
44.786630000000002	430.0
44.804107999999999	400.0
44.822104000000003	390.0
44.837848000000001	300.0
44.855528	310.0
44.870867000000004	310.0
44.887138861138865	490.0
44.905945945945945	460.0
44.923183999999999	280.0
44.936228	370.0
44.956063999999998	430.0
44.971223999999999	290.0
44.988636	360.0
45.006723999999998	320.0
45.022264	320.0
45.039272000000004	290.0
45.056295999999996	310.0
45.073304	380.0
45.089721278721278	300.0
45.107621621621618	400.0
45.123217000000004	450.0
45.139352000000002	270.0
45.158032967032966	210.0
45.172685685685686	230.0
45.193240000000003	230.0
45.209338000000002	250.0
45.223513000000004	150.0
45.241583999999996	280.0
45.259888000000004	460.0
45.278742999999999	140.0
45.295445999999998	380.0
45.311714000000002	340.0
45.329566	320.0
45.347108000000006	210.0
45.363748000000001	330.0
45.378884999999997	350.0
45.396996000000001	300.0
45.413004000000001	280.0
45.430433000000001	220.0
45.446666333666336	260.0
45.463615615615616	240.0
45.483584999999998	290.0
45.499631999999998	210.0
45.516656000000005	160.0
45.533435000000004	300.0
45.549672000000001	360.0
45.567408	170.0
45.585284999999999	290.0
45.601230000000001	160.0
45.617190000000001	220.0
45.634352999999997	300.0
45.651751999999995	240.0
45.669511999999997	290.0
45.687583000000004	260.0
45.704791999999998	170.0
45.7208622754491	230.0
45.73782364729459	180.0
45.754728	360.0
45.770088000000001	340.0
45.788685000000001	200.0
45.805598000000003	180.0
45.824590000000001	200.0
45.840535000000003	340.0
45.856048000000001	210.0
45.872927999999995	360.0
45.890943999999998	210.0
45.907952000000002	210.0
45.922232000000001	230.0
45.942478000000001	250.0
45.958556000000002	200.0
45.978520000000003	210.0
45.993206999999998	200.0
46.008018018018021	350.0
46.026990000000005	290.0
46.043450999999997	220.0
46.06288	200.0
46.079352	240.0
46.097422999999999	330.0
46.114348	340.0
46.129689999999997	330.0
46.146653000000001	250.0
46.163007999999998	180.0
46.179811999999998	180.0
46.197184	310.0
46.214953999999999	150.0
46.233868000000001	300.0
46.248556999999998	220.0
46.266184000000003	210.0
46.280270270270272	220.0
46.299343	160.0
46.317555999999996	300.0
46.336295999999997	170.0
46.353034999999998	250.0
46.368648	140.0
46.385523999999997	200.0
46.403884999999995	180.0
46.420873999999998	200.0
46.437204000000001	140.0
46.453384	220.0
46.471103999999997	230.0
46.488416000000001	370.0
46.504584999999999	190.0
46.522334000000001	250.0
46.539456000000001	200.0
46.555434565434567	160.0
46.571548548548549	100.0
46.589964000000002	170.0
46.608628000000003	220.0
46.622793999999999	100.0
46.640535999999997	230.0
46.657946053946056	150.0
46.674129129129128	280.0
46.691719999999997	180.0
46.708188	140.0
46.723591999999996	170.0
46.740615999999996	140.0
46.760779999999997	190.0
46.77778	110.0
46.792823999999996	180.0
46.807706000000003	290.0
46.828629370629372	160.0
46.844786786786791	300.0
46.862535000000001	80.0
46.879176000000001	180.0
46.898032000000001	130.0
46.915025999999997	200.0
46.930751999999998	150.0
46.947775999999998	100.0
46.964784000000002	160.0
46.981180000000002	100.0
47.000520000000002	110.0
47.016597402597405	160.0
47.033630630630633	180.0
47.049990000000001	210.0
47.065006000000004	200.0
47.083856000000004	240.0
47.101895104895107	180.0
47.119008008008002	120.0
47.13673	170.0
47.15269	200.0
47.168635000000002	60.0
47.186812000000003	50.0
47.205668000000003	220.0
47.220984000000001	120.0
47.238554000000001	250.0
47.254764000000002	250.0
47.273091000000001	290.0
47.290279999999996	130.0
47.30704295704296	180.0
47.324062062062062	100.0
47.342014000000006	130.0
47.357114000000003	190.0
47.377103999999996	140.0
47.394109890109895	200.0
47.411513513513512	210.0
47.430662000000005	180.0
47.448508000000004	150.0
47.464948	100.0
47.482734999999998	150.0
47.49868	200.0
47.516368	200.0
47.534224000000002	110.0
47.551934000000003	170.0
47.569256000000003	120.0
47.587921999999999	170.0
47.604379999999999	130.0
47.620339999999999	160.0
47.637342000000004	110.0
47.656312	180.0
47.673333666333669	190.0
47.689914914914915	160.0
47.706167999999998	180.0
47.725375999999997	240.0
47.741186999999996	190.0
47.758240000000001	60.0
47.776890000000002	170.0
47.794601999999998	110.0
47.812432000000001	150.0
47.830888000000002	130.0
47.846906000000004	170.0
47.863472000000002	180.0
47.881402000000001	140.0
47.898504000000003	230.0
47.915576000000001	190.0
47.934344000000003	90.0
47.949544000000003	100.0
47.966548451548455	200.0
47.982708708708707	200.0
47.999677999999996	170.0
48.019767999999999	130.0
48.036567999999995	120.0
48.053546000000004	120.0
48.069030000000005	150.0
48.088320000000003	120.0
48.103747999999996	200.0
48.120463999999998	150.0
48.140264000000002	30.0
48.154947	150.0
48.174639360639361	110.0
48.192689999999999	150.0
48.208962	130.0
48.227408000000004	190.0
48.24253646353646	110.0
48.25907107107107	80.0
48.277153999999996	160.0
48.294815999999997	110.0
48.311824000000001	160.0
48.329384000000005	270.0
48.346856000000002	170.0
48.364542999999998	70.0
48.382613999999997	130.0
48.398284000000004	80.0
48.418379999999999	180.0
48.434048000000004	100.0
48.449940000000005	120.0
48.466000000000001	120.0
48.484267803410226	160.0
48.503045999999998	180.0
48.516233	120.0
48.535233766233766	110.0
48.555006006006003	160.0
48.572023999999999	130.0
48.587526000000004	80.0
48.604754	120.0
48.623063999999999	140.0
48.640072000000004	180.0
48.657851999999998	160.0
48.676741999999997	70.0
48.694994000000001	200.0
48.711190000000002	50.0
48.726134999999999	120.0
48.742440000000002	180.0
48.763311999999999	160.0
48.780785999999999	160.0
48.796191999999998	180.0
48.813536463536465	90.0
48.830437437437439	190.0
48.846684000000003	170.0
48.86374	150.0
48.880842999999999	120.0
48.898913999999998	200.0
48.915590000000002	170.0
48.932304000000002	130.0
48.951808	90.0
48.968426573426569	140.0
48.986302302302306	130.0
49.003396000000002	200.0
49.022204000000002	120.0
49.037532999999996	200.0
49.055604000000002	130.0
49.073416000000002	190.0
49.090423999999999	90.0
49.107827172827172	140.0
49.126378378378384	100.0
49.144992999999999	200.0
49.160695999999994	90.0
49.177807999999999	170.0
49.195504	210.0
49.212512000000004	160.0
49.227843999999997	100.0
49.248179999999998	170.0
49.266524000000004	130.0
49.280647352647357	140.0
49.29966766766767	160.0
49.317429999999995	150.0
49.333615999999999	120.0
49.350912999999998	180.0
49.368631999999998	100.0
49.386896103896106	160.0
49.404698698698702	170.0
49.421756000000002	140.0
49.439695999999998	110.0
49.45732768924303	190.0
49.476156626506025	210.0
49.490552000000001	160.0
49.509321	90.0
49.528596	100.0
49.543803999999994	120.0
49.560881999999999	110.0
49.579568000000002	120.0
49.594991999999998	90.0
49.613063000000004	260.0
49.630831999999998	80.0
49.648588000000004	90.0
49.666435	220.0
49.683355644355643	160.0
49.70088888888889	110.0
49.718522999999998	90.0
49.735911999999999	190.0
49.752935999999998	100.0
49.768326000000002	60.0
49.787568	200.0
49.804975999999996	50.0
49.822983000000001	140.0
49.841054	170.0
49.859141999999999	210.0
49.877020979020983	140.0
49.894020020020022	150.0
49.910423999999999	100.0
49.926822000000001	190.0
49.945506493506493	140.0
49.964594999999996	170.0
49.981959959959958	30.0
49.999375999999998	140.0
50.016440000000003	50.0
50.033144	190.0
50.049329999999998	130.0
50.067062	170.0
50.085132999999999	160.0
50.104155999999996	150.0
50.118443999999997	60.0
50.138224000000001	180.0
50.155231999999998	120.0
50.172255999999997	130.0
50.189264000000001	240.0
50.206272000000006	70.0
50.224663999999997	170.0
50.243304000000002	180.0
50.262046953046955	160.0
50.279655688622753	150.0
50.297038114343025	170.0
50.315896000000002	140.0
50.331704000000002	140.0
50.349283	40.0
50.366391999999998	90.0
50.384416000000002	130.0
50.401513000000001	260.0
50.419128000000001	130.0
50.435103999999995	110.0
50.455022	130.0
50.472788000000001	170.0
50.488495999999998	150.0
50.506442	120.0
50.523980000000002	150.0
50.539931068931068	90.0
50.559173173173171	180.0
50.576830000000001	140.0
50.594361999999997	70.0
50.611570429570428	120.0
50.629502502502504	220.0
50.64564	120.0
50.662624000000001	180.0
50.679631999999998	150.0
50.697154000000005	90.0
50.716206	50.0
50.731671999999996	130.0
50.749051999999999	100.0
50.766664015904574	130.0
50.784140845070425	80.0
50.801189999999998	220.0
50.815916999999999	180.0
50.8350979020979	160.0
50.853036036036038	240.0
50.869783999999996	140.0
50.889378000000001	80.0
50.905889999999999	150.0
50.923813000000003	150.0
50.940002004008015	60.0
50.960508000000004	160.0
50.974864000000004	140.0
50.992114000000001	160.0
51.009896000000005	80.0
51.028010999999999	100.0
51.046047999999999	100.0
51.062432000000001	190.0
51.079943999999998	140.0
51.098196000000002	90.0
51.115279720279716	80.0
51.131231231231226	130.0
51.151240000000001	150.0
51.170768000000002	140.0
51.185206999999998	100.0
51.204030000000003	180.0
51.219990000000003	50.0
51.235935000000005	160.0
51.252629850746274	130.0
51.271531658291458	160.0
51.288698999999994	210.0
51.308347999999995	150.0
51.323244000000003	70.0
51.339652999999998	90.0
51.357723999999997	170.0
51.374540000000003	140.0
51.392582000000004	150.0
51.411702297702298	100.0
51.428387387387382	200.0
51.447001999999998	140.0
51.465184000000001	90.0
51.481272000000004	180.0
51.499184999999997	220.0
51.515414	190.0
51.532884000000003	110.0
51.548842	150.0
51.567312000000001	140.0
51.584732000000002	160.0
51.601884999999996	140.0
51.619917999999998	130.0
51.637203999999997	190.0
51.653384000000003	240.0
51.672528	150.0
51.693504495504499	190.0
51.705549549549552	160.0
51.723236	150.0
51.740456000000002	140.0
51.759551000000002	70.0
51.779471999999998	100.0
51.796339999999994	190.0
51.812722999999998	130.0
51.830794000000004	140.0
51.848882000000003	160.0
51.865316999999997	80.0
51.881495999999999	100.0
51.899039999999999	120.0
51.916132338308458	230.0
51.934885427135683	130.0
51.952615999999999	200.0
51.968834999999999	120.0
51.98561838161838	160.0
52.002654654654656	110.0
52.023580000000003	110.0
52.035713999999999	140.0
52.053801999999997	140.0
52.071704000000004	30.0
52.089176000000002	170.0
52.107143999999998	80.0
52.123103	90.0
52.140751999999999	130.0
52.158262000000001	90.0
52.175784	150.0
52.191568000000004	50.0
52.207140000000003	160.0
52.227519000000001	70.0
52.245832	130.0
52.262842157842158	180.0
52.277992000000005	100.0
52.294871871871877	90.0
52.312839999999994	160.0
52.328904000000001	70.0
52.345730000000003	140.0
52.362673999999998	170.0
52.381944000000004	110.0
52.398952000000001	120.0
52.415976000000001	160.0
52.432485	150.0
52.448992000000004	120.0
52.465389999999999	100.0
52.483401999999998	100.0
52.501032000000002	90.0
52.518056000000001	110.0
52.535063999999998	160.0
52.550174825174828	160.0
52.571089999999998	200.0
52.587035	130.0
52.602980000000002	80.0
52.619135999999997	90.0
52.636662000000001	80.0
52.655473999999998	70.0
52.672789999999999	100.0
52.688735000000001	70.0
52.705183816183819	170.0
52.722784784784785	190.0
52.740862999999997	30.0
52.756827999999999	200.0
52.770958	150.0
52.791409000000002	170.0
52.807487999999999	80.0
52.825235764235764	130.0
52.841342000000004	150.0
52.860230000000001	150.0
52.876336000000002	80.0
52.893552999999997	60.0
52.911079999999998	110.0
52.927039999999998	180.0
52.942985	140.0
52.960777999999998	240.0
52.979416000000001	200.0
52.995835	80.0
53.013083999999999	130.0
53.030455999999994	240.0
53.045076616915424	100.0
53.063982914572861	90.0
53.082402000000002	220.0
53.098534999999998	150.0
53.11558958958959	140.0
53.135536000000002	130.0
53.152066999999995	70.0
53.166995999999997	140.0
53.185575999999998	140.0
53.201886000000002	160.0
53.218415999999998	200.0
53.234712000000002	120.0
53.252319	130.0
53.271030000000003	160.0
53.288322000000001	130.0
53.306393	120.0
53.322879999999998	260.0
53.341408000000001	130.0
53.358704000000003	60.0
53.373747999999999	130.0
53.389720720720725	90.0
53.406962	210.0
53.425408000000004	170.0
53.441247999999995	70.0
53.459783999999999	140.0
53.476429999999993	140.0
53.491963999999996	90.0
53.509779999999999	90.0
53.528832000000001	110.0
53.545856000000001	90.0
53.562184999999999	180.0
53.578130000000002	140.0
53.598119999999994	90.0
53.613297000000003	70.0
53.631776000000002	130.0
53.647940000000006	190.0
53.665060939060943	40.0
53.683802383316788	150.0
53.699870967741937	170.0
53.716735	200.0
53.733303999999997	80.0
53.750639999999997	110.0
53.767023999999999	100.0
53.784534000000001	120.0
53.802056	230.0
53.819693000000001	90.0
53.837071999999999	190.0
53.852573426573429	120.0
53.869101101101101	160.0
53.886111999999997	100.0
53.903136000000003	150.0
53.920126000000003	160.0
53.935366633366634	110.0
53.955027027027029	210.0
53.971383000000003	110.0
53.989454000000002	150.0
54.006885114885115	150.0
54.022825825825826	130.0
54.038328	250.0
54.055804000000002	200.0
54.074263999999999	30.0
54.091272000000004	70.0
54.108296000000003	170.0
54.126073000000005	80.0
54.141647999999996	170.0
54.160128	90.0
54.176384999999996	100.0
54.193329670329668	130.0
54.209616616616614	120.0
54.229232767232766	150.0
54.245168168168163	120.0
54.262520000000002	150.0
54.281067999999998	180.0
54.296638000000002	10.0
54.314990000000002	180.0
54.330935000000004	140.0
54.348655999999998	180.0
54.367151999999997	110.0
54.385222999999996	130.0
54.402512000000002	100.0
54.418689999999998	200.0
54.436453	210.0
54.451608	180.0
54.469540000000002	150.0
54.485683000000002	130.0
54.503427572427569	110.0
54.519603603603599	60.0
54.537490999999996	70.0
54.555928000000002	90.0
54.572904000000001	220.0
54.592143	160.0
54.60913	170.0
54.626302000000003	210.0
54.643704	130.0
54.660688622754492	170.0
54.678525050100205	130.0
54.696602999999996	40.0
54.712829999999997	150.0
54.730761999999999	110.0
54.747979999999998	150.0
54.768568000000002	210.0
54.783816000000002	160.0
54.800820179820178	170.0
54.817811188811191	80.0
54.834835671342688	110.0
54.853580000000001	120.0
54.872372627372627	90.0
54.888888888888893	170.0
54.907142	80.0
54.924230000000001	140.0
54.940936000000001	170.0
54.957943999999998	60.0
54.976695999999997	110.0
54.993975999999996	120.0
55.013981000000001	40.0
55.028053999999997	200.0
55.046393999999999	140.0
55.065646000000001	50.0
55.081531468531466	160.0
55.100360360360362	210.0
55.117685000000002	160.0
55.135398000000002	120.0
55.154055721393036	160.0
55.171069346733667	230.0
55.190007999999999	130.0
55.205352000000005	110.0
55.223421000000002	170.0
55.241152	200.0
55.259062	160.0
55.277132999999999	60.0
55.292192	50.0
55.309443999999999	80.0
55.328946000000002	100.0
55.345039999999997	120.0
55.365517482517483	240.0
55.383570429570433	80.0
55.401240000000001	130.0
55.41916383616384	160.0
55.43676328986961	160.0
55.453893999999998	90.0
55.473273999999996	200.0
55.489217000000004	140.0
55.507668000000002	100.0
55.525376000000001	130.0
55.542383999999998	90.0
55.561315999999998	150.0
55.579390000000004	230.0
55.595513000000004	200.0
55.613431999999996	90.0
55.630888000000006	120.0
55.649743000000001	80.0
55.667466533466531	90.0
55.683669999999999	100.0
55.699956	130.0
55.720151000000001	80.0
55.737735000000001	140.0
55.755514514514516	110.0
55.774274000000005	230.0
55.793147999999995	130.0
55.808886000000001	100.0
55.82831068931069	130.0
55.845615615615614	150.0
55.862624000000004	130.0
55.879733999999999	120.0
55.897988000000005	200.0
55.916435	160.0
55.932671999999997	100.0
55.950757242757241	110.0
55.969270000000002	230.0
55.985695999999997	110.0
56.003264999999999	180.0
56.020727999999998	100.0
56.038406999999999	90.0
56.056494999999998	70.0
56.072969999999998	150.0
56.092359000000002	60.0
56.108874999999998	190.0
56.12482	140.0
56.142816000000003	120.0
56.159955000000004	110.0
56.177672672672671	150.0
56.193626373626373	20.0
56.210794999999997	200.0
56.229519999999994	130.0
56.246327000000001	140.0
56.263919999999999	130.0
56.280927999999996	100.0
56.300419999999995	280.0
56.316904999999998	110.0
56.333716000000003	80.0
56.353408999999999	80.0
56.3675	160.0
56.386821999999995	80.0
56.401017000000003	100.0
56.419235	220.0
56.438791999999999	30.0
56.454438000000003	150.0
56.472569999999997	200.0
56.488723999999998	120.0
56.506715	90.0
56.523112887112887	180.0
56.540619	80.0
56.557549999999999	60.0
56.576045999999998	120.0
56.593454999999999	150.0
56.61016	180.0
56.628831999999996	170.0
56.644418000000002	150.0
56.660250000000005	90.0
56.679266000000005	90.0
56.699001000000003	70.0
56.713380000000001	130.0
56.731468	160.0
56.749543543543538	130.0
56.766964999999999	240.0
56.784505000000003	170.0
56.801942115768462	160.0
56.818351351351346	80.0
56.835175999999997	170.0
56.851998999999999	150.0
56.871490000000001	90.0
56.887062	120.0
56.905903000000002	220.0
56.923400000000001	70.0
56.940424	130.0
56.958458999999998	60.0
56.976350000000004	100.0
56.992463999999998	120.0
57.009906000000001	110.0
57.029040000000002	190.0
57.047160000000005	70.0
57.063512000000003	230.0
57.08052	170.0
57.098602397602399	80.0
57.115940000000002	40.0
57.134520999999999	110.0
57.151845000000002	90.0
57.169362	180.0
57.188282000000001	140.0
57.204695000000001	90.0
57.223568	220.0
57.241624000000002	170.0
57.258853999999999	100.0
57.277824824824826	70.0
57.29522	200.0
57.311585999999998	110.0
57.329998000000003	70.0
57.3474	80.0
57.366744000000004	100.0
57.382657999999999	170.0
57.39875024975025	110.0
57.417114000000005	120.0
57.434764235764234	110.0
57.453364000000001	60.0
57.468194805194805	120.0
57.484783999999998	120.0
57.502778999999997	60.0
57.520802407221666	120.0
57.537972000000003	180.0
57.556042999999995	180.0
57.574131000000001	210.0
57.591590000000004	130.0
57.607903999999998	50.0
57.624928000000004	180.0
57.642927999999998	70.0
57.659825999999995	100.0
57.67595804195804	50.0
57.694330000000001	90.0
57.711967999999999	210.0
57.729803999999994	130.0
57.747	140.0
57.764946000000002	170.0
57.783034000000001	90.0
57.800910910910908	210.0
57.816192999999998	90.0
57.834088000000001	130.0
57.851607999999999	130.0
57.870423000000002	140.0
57.887744999999995	20.0
57.904128871128869	160.0
57.921136136136134	170.0
57.939886999999999	180.0
57.956904000000002	170.0
57.975267732267731	210.0
57.991667999999997	90.0
58.009025000000001	100.0
58.028872	190.0
58.045279999999998	120.0
58.063225000000003	190.0
58.079248	60.0
58.096698000000004	90.0
58.116279999999996	140.0
58.133823999999997	170.0
58.151980000000002	150.0
58.167529999999999	80.0
58.184702000000001	110.0
58.203352000000002	130.0
58.219189999999998	160.0
58.236015999999999	150.0
58.254790419161672	80.0
58.273927927927929	170.0
58.292228999999999	110.0
58.310316999999998	80.0
58.324532000000005	60.0
58.343432432432436	170.0
58.360748000000001	240.0
58.38017	180.0
58.396142000000005	70.0
58.415793999999998	80.0
58.433520000000001	190.0
58.449304000000005	160.0
58.466439999999999	160.0
58.484490000000001	140.0
58.501764000000001	130.0
58.520916	110.0
58.538600000000002	70.0
58.553233766233767	120.0
58.571317999999998	90.0
58.588624000000003	140.0
58.608563000000004	200.0
58.625574	110.0
58.640560000000001	200.0
58.657173	190.0
58.677157999999999	210.0
58.694822000000002	70.0
58.710068999999997	70.0
58.727736	150.0
58.744744000000004	160.0
58.763940000000005	60.0
58.780943000000001	30.0
58.796784000000002	110.0
58.814529	70.0
58.8318031968032	100.0
58.852259999999994	210.0
58.865186000000001	100.0
58.88382	190.0
58.902810000000002	190.0
58.918989000000003	130.0
58.936352999999997	110.0
58.951392000000006	160.0
58.969605000000001	70.0
58.986306999999996	150.0
59.003943999999997	140.0
59.020454999999998	220.0
59.037537	130.0
59.056232000000001	60.0
59.073305000000005	220.0
59.093020000000003	120.0
59.111024	200.0
59.125389610389611	70.0
59.142980000000001	70.0
59.160050999999996	50.0
59.177990000000001	140.0
59.194470000000003	120.0
59.213508999999995	110.0
59.228864000000002	140.0
59.248760000000004	140.0
59.267128	240.0
59.284136000000004	150.0
59.300649999999997	110.0
59.317168000000002	120.0
59.334175999999999	170.0
59.351200000000006	140.0
59.368983983983981	80.0
59.387059000000001	130.0
59.406021978021982	180.0
59.422294999999998	190.0
59.438256000000003	110.0
59.455280000000002	180.0
59.472287999999999	100.0
59.489295999999996	130.0
59.50631568431568	110.0
59.523975999999998	190.0
59.542320000000004	160.0
59.559795204795208	140.0
59.576293999999997	210.0
59.594096	90.0
59.612357642357644	130.0
59.627257773319961	110.0
59.643416000000002	210.0
59.663800000000002	60.0
59.679642000000001	120.0
59.697405594405588	130.0
59.713463999999995	100.0
59.730840000000001	100.0
59.750704999999996	100.0
59.764161000000001	200.0
59.782383999999993	50.0
59.797554999999996	270.0
59.817362000000003	160.0
59.834608000000003	100.0
59.85163	170.0
59.868985000000002	160.0
59.885602602602603	90.0
59.904068000000002	80.0
59.920048951048955	120.0
59.93664564564564	120.0
59.954571999999999	110.0
59.970685314685319	90.0
59.988714000000002	130.0
60.006574999999998	120.0
60.023041999999997	130.0
60.041711999999997	220.0
60.058720000000001	160.0
60.076461999999992	40.0
60.093907999999999	160.0
60.109760000000001	120.0
60.126784000000001	150.0
60.145015999999998	110.0
60.162125000000003	160.0
60.178824000000006	110.0
60.195832000000003	160.0
60.214570000000002	120.0
60.231864000000002	140.0
60.248871999999999	100.0
60.266702000000002	140.0
60.281241999999999	170.0
60.301258000000004	120.0
60.319660000000006	90.0
60.335928000000003	130.0
60.353313313313308	120.0
60.370083916083921	70.0
60.386963999999999	140.0
60.405546546546546	120.0
60.421750000000003	110.0
60.439401999999994	180.0
60.457031999999998	100.0
60.475670000000001	110.0
60.490427000000004	130.0
60.507071999999994	50.0
60.524084915084913	90.0
60.542155999999999	170.0
60.560227000000005	110.0
60.578298000000004	90.0
60.596128	40.0
60.613778000000003	140.0
60.632144000000004	120.0
60.648719999999997	110.0
60.664664999999999	170.0
60.682331999999995	170.0
60.699570000000001	50.0
60.716916999999995	80.0
60.735751999999998	170.0
60.754903999999996	170.0
60.770474000000007	180.0
60.784402	60.0
60.805270000000007	110.0
60.821375624375619	230.0
60.839020181634716	120.0
60.854239999999997	60.0
60.870742999999997	100.0
60.888084241823584	120.0
60.904810292633705	80.0
60.923442000000009	160.0
60.942044000000003	100.0
60.958344000000004	110.0
60.975861999999999	150.0
60.993552000000001	150.0
61.011361999999998	150.0
61.028584000000002	100.0
61.047416000000005	160.0
61.061687999999997	120.0
61.07970199999999	60.0
61.098630369630364	110.0
61.115642642642641	200.0
61.132893000000003	170.0
61.150672	200.0
61.167696000000007	110.0
61.185122999999997	150.0
61.203675999999994	140.0
61.222282	130.0
61.238526	110.0
61.254080000000002	100.0
61.273719999999997	130.0
61.290984999999999	70.0
61.308654000000004	160.0
61.326742000000003	190.0
61.344813000000002	160.0
61.359779999999994	130.0
