11.131984000000001	4560.0
11.171057000000001	4720.0
11.127360000000001	4720.0
11.180448	4530.0
11.147920000000001	5070.0
11.133704	5350.0
11.16086	4350.0
11.139168	5390.0
11.166156530408774	5370.0
11.159210631895686	5160.0
11.135149999999999	4230.0
11.151076	4600.0
11.149545454545455	4480.0
11.150603603603605	4920.0
11.170360000000001	4790.0
11.137127999999999	4200.0
11.142804999999999	4800.0
11.160244755244754	4570.0
11.135826826826827	4560.0
11.1829	4490.0
11.138624999999999	4450.0
11.134972000000001	4010.0
11.169280000000001	4290.0
11.127128000000001	4500.0
11.182409999999999	4180.0
11.14651948051948	4770.0
11.134840840840841	5050.0
11.159970000000001	4350.0
11.137725	4500.0
11.166055	4420.0
11.1578	4670.0
11.135897102897102	4320.0
11.152153153153153	4820.0
11.148435000000001	3810.0
11.150650000000001	4260.0
11.169814000000001	4830.0
11.135999999999999	4250.0
11.144535464535464	4330.0
11.158354354354353	4190.0
11.135352000000001	4120.0
11.183270189431704	4070.0
11.136074222668004	5140.0
11.1379	4160.0
11.166459999999999	3880.0
11.126795000000001	3690.0
11.182542	4150.0
11.143800000000001	4150.0
11.136584000000001	4000.0
11.159380000000001	3910.0
11.136973026973028	4600.0
11.167009009009009	4050.0
11.15612	4620.0
11.136785	4210.0
11.153789999999999	4010.0
11.147209999999999	3880.0
11.15122	4790.0
11.170081	4170.0
11.13592	4120.0
11.147344	4260.0
11.1571	4270.0
11.134858999999999	4500.0
11.182589999999999	4160.0
11.133573999999999	4120.0
11.140945	4770.0
11.166649	3920.0
11.126580000000001	4720.0
11.182872	3730.0
11.14099	4320.0
11.139165834165834	3950.0
11.159743743743745	3840.0
11.136516	4020.0
11.16723	4020.0
11.155400999999999	3720.0
11.138034965034965	4350.0
11.154276276276276	3760.0
11.146470000000001	4330.0
11.151522	4290.0
11.16854	3730.0
11.135541999999999	3500.0
11.149325000000001	3780.0
11.156238999999999	3800.0
11.134868131868132	4560.0
11.181394394394394	4330.0
11.132105000000001	3860.0
11.144776999999999	3810.0
11.16479	4270.0
11.124534465534465	4400.0
11.165849849849849	3940.0
11.153213000000001	4240.0
11.129200000000001	4250.0
11.163855999999999	3600.0
11.139635	3900.0
11.156193	4300.0
11.15836	3570.0
11.13495	3840.0
11.150265000000001	4090.0
11.15165	3670.0
11.146398601398602	3500.0
11.165972972972973	3900.0
11.1412	3860.0
11.13885	4000.0
11.163500000000001	3950.0
11.134646	3580.0
11.173815000000001	3610.0
11.145174825174825	3720.0
11.127912912912912	4010.0
11.174607607607609	3840.0
11.126805000000001	3890.0
11.174232	4220.0
11.151100000000001	3680.0
11.129960000000001	4070.0
11.161485000000001	3590.0
11.138357000000001	4030.0
11.161619999999999	3750.0
11.15899000999001	3820.0
11.134837837837837	3440.0
11.150782	3620.0
11.14997	4040.0
11.148898000000001	3500.0
11.168374999999999	3790.0
11.139094999999999	3490.0
11.14132	3200.0
11.161643356643356	3940.0
11.135051051051052	3940.0
11.178246	3950.0
11.140829999999999	3610.0
11.130806	3470.0
11.171785	3300.0
11.126544000000001	3830.0
11.178900000000001	3870.0
11.148363999999999	3610.0
11.132378486055778	3520.0
11.161689378757515	3320.0
11.138657314629258	3660.0
11.165381999999999	3590.0
11.158325	3250.0
11.134763000000001	3530.0
11.15132	3960.0
11.148816	3670.0
11.150774999999999	3980.0
11.169281	3820.0
11.137032967032967	3300.0
11.142251251251251	3390.0
11.15972	3800.0
11.134967999999999	3440.0
11.18028	3800.0
11.138263999999999	3460.0
11.132755	3860.0
11.169883	3470.0
11.126300000000001	3390.0
11.181728000000001	3280.0
11.145250000000001	3450.0
11.133158	3590.0
11.160120000000001	3800.0
11.136248	3460.0
11.16689	3380.0
11.156916000000001	3760.0
11.135859999999999	3690.0
11.152225999999999	3440.0
11.147120879120878	3510.0
11.151717717717718	3160.0
11.16886	3840.0
11.135999999999999	3100.0
11.145119999999999	3660.0
11.157572	3430.0
11.13654	2850.0
11.18219	3590.0
11.13519	4180.0
11.13841	3480.0
11.167	3600.0
11.125153846153845	3370.0
11.183628628628629	3220.0
11.142008000000001	3460.0
11.13805	3820.0
11.159574000000001	3150.0
11.135254999999999	3290.0
11.167021999999999	3600.0
11.15428	3630.0
11.137571428571428	3670.0
11.154113113113114	3460.0
11.145489	3370.0
11.15138	3090.0
11.167225999999999	3490.0
11.135349999999999	3590.0
11.148600999999999	3570.0
11.154919999999999	3440.0
11.135672	3570.0
11.180598401598402	2980.0
11.132249249249249	3110.0
11.145	3400.0
11.163917999999999	3160.0
11.124844999999999	3490.0
11.181955	2950.0
11.13898	3490.0
11.143180000000001	3120.0
11.161300000000001	3200.0
11.135916083916085	3420.0
11.168198198198198	3550.0
11.153924	3290.0
11.142925	3020.0
11.159958999999999	3420.0
11.14832	3400.0
11.156376	3260.0
11.172285	3180.0
11.144088	3330.0
11.164350000000001	3280.0
11.165562	3470.0
11.149455	3470.0
11.19618	3100.0
11.148096903096903	3580.0
11.176612612612614	3370.0
11.187805000000001	3540.0
11.150677	3040.0
11.21452	2880.0
11.168470529470529	2780.0
11.189304	3350.0
11.203667667667668	3200.0
11.17792	3290.0
11.217249252243271	3020.0
11.203319959879639	3160.0
11.183462	3460.0
11.21621	2680.0
11.216998001998002	3020.0
11.22418918918919	2880.0
11.251037	3470.0
11.21794	3030.0
11.228935999999999	3090.0
11.256293706293706	2890.0
11.231461461461462	3170.0
11.294750000000001	3150.0
11.247285999999999	3120.0
11.244299999999999	3490.0
11.300595617529881	3190.0
11.245541832669323	3250.0
11.331429718875501	3290.0
11.285504999999999	3200.0
11.275366	2620.0
11.32274	3190.0
11.292958	3130.0
11.348224999999999	2990.0
11.340363999999999	3240.0
11.31326	3080.0
11.346579999999999	3020.0
11.344505	3300.0
11.360692	3380.0
11.395580000000001	3180.0
11.349026	2960.0
11.37106	2920.0
11.400722	2660.0
11.370800000000001	2880.0
11.460776000000001	3050.0
11.387524475524476	2900.0
11.395979979979979	2990.0
11.462199999999999	2910.0
11.386039999999999	2930.0
11.509270000000001	3110.0
11.442102999999999	3080.0
11.43328	3250.0
11.492672000000001	2900.0
11.446925	2920.0
11.52455	2840.0
11.510630000000001	2790.0
11.478073999999999	2810.0
11.522730000000001	3270.0
11.513222000000001	3380.0
11.53584	3090.0
11.584448	2990.0
11.522415000000001	2720.0
11.551651	3520.0
11.585774225774225	2450.0
11.547003003003004	2850.0
11.664639999999999	2930.0
11.570856000000001	3160.0
11.583159999999999	2980.0
11.662704000000002	3250.0
11.559780000000002	2610.0
11.719226000000003	3030.0
11.629600000000002	2850.0
11.627151999999999	2810.0
11.695874999999999	2910.0
11.632121999999999	2700.0
11.728159999999999	2660.0
11.710263999999999	2630.0
11.673774999999999	2750.0
11.729403999999999	2990.0
11.712219999999999	2750.0
11.735747999999999	2820.0
11.79265	3010.0
11.719199800199799	2980.0
11.757433433433434	2780.0
11.79124	3520.0
11.736025	3750.0
11.877491000000001	2520.0
11.763870000000001	2960.0
11.785014	2780.0
11.87396	2880.0
11.744487999999999	3260.0
11.93596	3030.0
11.828303999999999	2870.0
11.824025000000001	2750.0
11.907808000000001	2840.0
11.82442	3000.0
11.937768	2770.0
11.914384999999999	2750.0
11.871739999999999	2760.0
11.937779999999998	3150.0
11.910816183816184	2910.0
11.936	3180.0
12.004861999999999	3060.0
11.918299999999999	3120.0
11.964730000000001	2630.0
12.002925000000001	2820.0
11.930301	2890.0
12.097880000000002	2980.0
11.967904000000001	2860.0
11.990605	2780.0
12.097093000000001	3170.0
11.934129999999998	2750.0
12.159499999999998	2820.0
12.038999999999998	2860.0
12.029750999999999	3000.0
12.13106	2790.0
12.025177822177822	2630.0
12.154702702702702	2800.0
12.132636363636363	2810.0
12.078895895895895	2980.0
12.156169999999999	2860.0
12.122465	3080.0
12.146583999999999	2620.0
12.2286	2830.0
12.129520000000001	2740.0
12.179571428571428	2490.0
12.227492492492493	2790.0
12.137219999999999	2700.0
12.331488	2810.0
12.185035000000001	3060.0
12.203385000000001	2730.0
12.343639999999999	2910.0
12.136104	2760.0
12.403799999999999	2860.0
12.266385999999999	3110.0
12.252300000000002	2890.0
12.383030000000002	2770.0
12.250853146853148	2470.0
12.397775571002981	2990.0
12.379228228228229	2660.0
12.314945619335347	2840.0
12.414555	2830.0
12.374853146853146	2680.0
12.392677677677678	2900.0
12.494248000000001	2970.0
12.38687	2990.0
12.445014	2420.0
12.531960000000002	2750.0
12.407287999999999	3150.0
12.514735	2600.0
12.540015	2500.0
12.380280000000001	2750.0
12.658402000000001	2740.0
12.459225	2230.0
12.563385999999999	2750.0
12.629142857142858	2840.0
12.458156156156157	3590.0
12.666135000000001	2670.0
12.573808	2710.0
12.602559999999999	3190.0
12.685939999999999	2790.0
12.575935000000001	3070.0
12.660681	2850.0
12.6945	2520.0
12.641664	2630.0
12.741539999999999	2750.0
12.695606	3060.0
12.64354	2520.0
12.813478	2690.0
12.672025	2830.0
12.789356	2960.0
12.81612	2860.0
12.621192000000001	2810.0
12.927155844155845	2820.0
12.704610389610391	2550.0
12.830120120120121	2690.0
12.89733	2710.0
12.694579999999998	2760.0
12.923728000000001	3170.0
12.820139999999999	2590.0
12.856857142857143	2690.0
12.942901901901903	2500.0
12.812571	2690.0
12.900399999999999	2780.0
12.934511999999998	2760.0
12.882614999999999	2840.0
12.990012999999999	2560.0
12.9314	2980.0
12.875135999999999	2460.0
13.053075	2770.0
12.906635000000001	2460.0
13.038518962075846	3030.0
13.058016032064128	2790.0
12.851000000000001	2920.0
13.177223000000001	3130.0
12.93802	2450.0
13.080256	2900.0
13.146755000000001	2660.0
12.929684	2620.0
13.16961	2410.0
13.060983999999999	2420.0
13.113065000000001	2570.0
13.202173	2870.0
13.062199999999999	3030.0
13.159239999999999	2480.0
13.196225	2750.0
13.147233	2850.0
13.261550000000002	2430.0
13.194088000000001	2890.0
13.138645	2800.0
13.331115884115883	3050.0
13.176486486486485	3090.0
13.318083999999999	2720.0
13.323	2680.0
13.112874000000001	2950.0
13.439649999999999	3120.0
13.206410000000002	2790.0
13.345055	2950.0
13.406446000000001	2650.0
13.18788	2770.0
13.432495999999999	2790.0
13.322495	3110.0
13.370520000000001	3180.0
13.4541	2340.0
13.312868	2960.0
13.410685000000001	3280.0
13.443701000000001	2650.0
13.393820000000002	3020.0
13.504579420579422	2630.0
13.437807807807808	3030.0
13.386972999999999	2740.0
13.56934	2930.0
13.417186000000001	2660.0
13.55345	3070.0
13.564725999999999	2810.0
13.364559999999999	2510.0
13.685064000000001	2890.0
13.44872	3060.0
13.595857000000002	2350.0
13.651390000000001	2960.0
13.442290000000002	2810.0
13.686610000000002	2600.0
13.576238	2880.0
13.625999999999999	2630.0
13.708556	2750.0
13.570910000000001	2960.0
13.670634	2910.0
13.709231768231767	2980.0
13.663987987987987	3270.0
13.774145000000001	2610.0
13.714846	2760.0
13.664199999999999	2880.0
13.845623999999999	2440.0
13.711774999999999	2740.0
13.846505000000001	3260.0
13.865289999999998	2900.0
13.662602	2830.0
13.985809999999999	3160.0
13.763042000000002	3280.0
13.89348	3380.0
13.971298804780877	2520.0
13.749484939759038	2960.0
13.993920000000001	2830.0
13.893749999999999	3000.0
13.932876	3130.0
14.024988023952096	3340.0
13.888322645290581	3230.0
13.976320000000001	3200.0
14.013287999999999	2970.0
13.9681	2680.0
14.073440999999999	2740.0
14.01314	2570.0
13.954242000000001	2650.0
14.136300000000002	3050.0
14.001418000000001	3000.0
14.11904	3130.0
14.147492	3230.0
13.942815000000001	2970.0
14.24967	2880.0
14.1639	2850.0
14.012280000000001	2850.0
14.243754999999998	2560.0
14.081424999999999	2940.0
14.1982	3190.0
14.240507492507493	2800.0
14.121495495495497	2920.0
14.243791	3270.0
14.19919	2660.0
14.217532	3110.0
14.302605	2900.0
14.228945	3140.0
14.249779999999998	2810.0
14.313695999999998	3070.0
14.2317	3180.0
14.365107999999999	3270.0
14.332579999999998	2900.0
14.259499999999999	2910.0
14.432274999999999	3020.0
14.246051999999999	3000.0
14.424840000000001	3000.0
14.421031999999999	2930.0
14.293425000000001	2950.0
14.498376623376624	3050.0
14.328384384384385	2710.0
14.452796000000001	3120.0
14.483695000000001	2900.0
14.391918	2950.0
14.50746	2690.0
14.44524	3200.0
14.470130000000001	2800.0
14.548693999999999	3050.0
14.486419999999999	2950.0
14.518839999999999	2890.0
14.559000000000001	2630.0
14.480708	2830.0
14.611559999999999	3370.0
14.5718	2920.0
14.533665000000001	2660.0
14.67112	3160.0
14.483979999999999	3020.0
14.684573426573426	3130.0
14.652203796203798	3100.0
14.563933933933935	3120.0
14.743499999999999	2980.0
14.560371999999999	2840.0
14.703709999999999	3190.0
14.719747999999999	2620.0
14.64852	3050.0
14.756724	2830.0
14.676784999999999	2750.0
14.714409999999999	3070.0
14.788	2690.0
14.726711999999999	3240.0
14.771699999999999	2930.0
14.794749999999999	2840.0
14.7182	2830.0
14.864054000000001	2960.0
14.8072	2710.0
14.783923076923076	2770.0
14.914354354354355	2910.0
14.722171999999999	2990.0
14.938434999999998	3150.0
14.884171	3190.0
14.815600000000002	2750.0
14.990596000000002	2660.0
14.79283	3420.0
14.958557000000001	2550.0
14.954559999999999	2830.0
14.893856000000001	2980.0
15.007005000000001	2320.0
14.916281999999999	2470.0
14.963209999999998	2950.0
15.032328	3030.0
14.967974999999999	2660.0
15.018557000000001	2290.0
15.030339999999999	2930.0
14.957319999999999	2850.0
15.108507492507492	2920.0
15.040896896896896	3200.0
15.040529999999999	3060.0
15.154938	2780.0
14.956175000000002	2590.0
15.191958000000001	2540.0
15.109999999999999	2740.0
15.072872000000002	2600.0
15.23752	3180.0
15.031323	2490.0
15.20865	2720.0
15.187372	2820.0
15.13926	3100.0
15.247726	2540.0
15.14766	3300.0
15.201580000000002	2860.0
15.264075	2910.0
15.203213	2560.0
15.264322677322678	2740.0
15.268984984984986	2840.0
15.199780000000001	2990.0
15.348725999999999	2550.0
15.270239999999999	2820.0
15.285791999999999	2690.0
15.389865	3000.0
15.191965999999999	2910.0
15.437150000000001	2780.0
15.325994	2810.0
15.323135000000001	3080.0
15.469934	2620.0
15.263120000000001	2730.0
15.452736	2330.0
15.410905000000001	2890.0
15.384867999999999	2920.0
15.489850000000001	2700.0
15.382390000000001	3040.0
15.446425000000001	2820.0
15.496558441558442	2650.0
15.441233233233232	2620.0
15.513664	3490.0
15.502210000000002	2690.0
15.439349	2730.0
15.584720000000001	2440.0
15.495839999999999	2540.0
15.539664999999999	2740.0
15.621838	2700.0
15.4391	3000.0
15.676031999999999	3060.0
15.549144999999999	2720.0
15.576753	2790.0
15.699029999999999	2780.0
15.507568000000001	2680.0
15.690160000000001	2740.0
15.637756	2560.0
15.632199999999999	3070.0
15.72717365269461	2870.0
15.665998997995992	2690.0
15.671509	3070.0
15.7369	2840.0
15.691231999999999	2590.0
15.707909999999998	2700.0
15.751079999999998	2900.0
15.69618	2770.0
15.786716	3200.0
15.776811188811189	2820.0
15.730138138138139	2980.0
15.846450000000001	2650.0
15.726260000000002	3030.0
15.843605	2890.0
15.853292999999999	3090.0
15.75704	2980.0
15.909864000000001	2760.0
15.792654999999998	2760.0
15.878210000000001	3330.0
15.906615384615385	3020.0
15.843766766766766	2930.0
15.926325	2770.0
15.884577	3470.0
15.90788	2870.0
15.961808	2600.0
15.919229999999999	3130.0
15.945171999999999	3480.0
15.97255	3110.0
15.928958	3080.0
16.02346	2960.0
15.996475	3290.0
15.970400000000001	2570.0
16.068135999999999	3000.0
15.951379999999999	3260.0
16.089404000000002	3270.0
16.062390000000001	3120.0
16.004317999999998	3090.0
16.135456543456542	3020.0
16.013635635635634	2980.0
16.12256	2910.0
16.123207999999998	3360.0
16.083824999999997	2990.0
16.162717999999998	2860.0
16.10331	2950.0
16.141358	2920.0
16.190065000000001	2810.0
16.149084999999999	3070.0
16.187160000000002	3050.0
16.201888	2770.0
16.163685000000001	3070.0
16.260071	2820.0
16.213756243756244	3370.0
16.220954954954955	2460.0
16.299045000000003	2980.0
16.181832	3010.0
16.335223776223774	3070.0
16.275878878878878	3000.0
16.265385385385386	2810.0
16.374123000000001	2970.0
16.242190000000001	2780.0
16.366493999999999	2860.0
16.34685	3290.0
16.328365000000002	2760.0
16.405200000000001	2960.0
16.338984	3440.0
16.386054999999999	3290.0
16.423335999999999	2890.0
16.39049	2860.0
16.439177999999998	2940.0
16.436405000000001	2400.0
16.400765999999997	3050.0
16.496299999999998	2810.0
16.448755999999999	2840.0
16.473322677322678	2780.0
16.534546546546544	2750.0
16.41713	3100.0
16.575163999999997	3020.0
16.502134999999999	2900.0
16.510702999999999	2950.0
16.605545454545453	2780.0
16.474858299595141	2730.0
16.604150000000001	2820.0
16.580055999999999	2680.0
16.572759999999999	2490.0
16.643518	2530.0
16.578479999999999	2900.0
16.626312000000002	3100.0
16.6585	2950.0
16.634332000000001	2860.0
16.685939999999999	3350.0
16.678243999999999	3070.0
16.65025	2850.0
16.741674325674325	2430.0
16.695339339339341	2590.0
16.729837	2870.0
16.778479999999998	2460.0
16.674279601990051	2580.0
16.823718592964823	2830.0
16.757374000000002	2500.0
16.77834	2650.0
16.851838000000001	2760.0
16.745124999999998	2780.0
16.859666000000001	2640.0
16.833959999999998	2860.0
16.838764000000001	2870.0
16.892533466533468	2960.0
16.840786786786786	2660.0
16.88514	2620.0
16.908685999999999	2520.0
16.889880000000002	2370.0
16.932365634365635	2920.0
16.92806306306306	2650.0
16.914279999999998	2770.0
16.982125	2230.0
16.939509000000001	2380.0
16.979179999999999	2490.0
17.008475999999998	2820.0
16.9391	2480.0
17.058176	2700.0
16.99184	3010.0
17.031824	2730.0
17.081099999999999	2460.0
17.000807999999999	2490.0
17.10022	2310.0
17.061222000000001	2660.0
17.080015	2990.0
17.126663000000001	2240.0
17.083759999999998	2710.0
17.129736000000001	2510.0
17.140988011988014	3060.0
17.132307307307308	2920.0
17.178900000000002	2640.0
17.169438	2270.0
17.161825	2450.0
17.225562	2710.0
17.19472	2350.0
17.195623999999999	2570.0
17.258510000000001	2380.0
17.183338000000003	2460.0
17.282109999999999	2480.0
17.256450000000001	2300.0
17.232624999999999	2540.0
17.327481000000002	2740.0
17.23996	2690.0
17.328503999999999	2320.0
17.326235	2540.0
17.306733999999999	2760.0
17.371620379620378	2250.0
17.331777777777777	2530.0
17.366375000000001	2760.0
17.401137000000002	2610.0
17.373543369890331	2330.0
17.408988966900704	2620.0
17.425449999999998	2430.0
17.405695999999999	2740.0
17.477149999999998	2510.0
17.449331999999998	2510.0
17.459425	2250.0
17.516798999999999	2420.0
17.444559999999999	2490.0
17.542632000000001	2570.0
17.524549999999998	2610.0
17.507414000000001	2190.0
17.587910000000001	2620.0
17.507563999999999	2660.0
17.587015000000001	2640.0
17.584558441558443	2470.0
17.567164164164165	2410.0
17.623203999999998	2770.0
17.589369999999999	2620.0
17.619281999999998	2690.0
17.648800000000001	2520.0
17.630972	2550.0
17.662675	2540.0
17.670742000000001	2500.0
17.652799999999999	2260.0
17.714071999999998	2570.0
17.696495000000002	2560.0
17.703096000000002	2610.0
17.75619	2560.0
17.691687999999999	2690.0
17.781575	2420.0
17.763514000000001	2280.0
17.746359999999999	2210.0
17.829796203796203	2610.0
17.754590590590592	2080.0
17.830211000000002	2340.0
17.831990000000001	2060.0
17.81316	2480.0
17.870550000000001	2180.0
17.840417000000002	2470.0
17.869	2520.0
17.901271999999999	2100.0
17.882928286852589	2310.0
17.914121242484971	2720.0
17.930432865731465	2450.0
17.912666000000002	2310.0
17.968534999999999	2550.0
17.955126	2410.0
17.958359999999999	2680.0
18.01238	2410.0
17.953875	2500.0
18.035999999999998	2360.0
18.023361361361363	2620.0
18.002396396396396	2580.0
18.08802	2170.0
18.018605000000001	2470.0
18.087119999999999	2560.0
18.092496000000001	2200.0
18.075845000000001	2420.0
18.131639	2420.0
18.10275	2640.0
18.133801999999999	2110.0
18.165675	1930.0
18.149366999999998	2100.0
18.179559999999999	2490.0
18.191804000000001	2470.0
18.178405000000001	2500.0
18.236196	2810.0
18.223140000000001	2380.0
18.227964035964035	2340.0
18.277414414414416	2480.0
18.224430000000002	2540.0
18.302199999999999	2710.0
18.292392	2080.0
18.274285000000003	2410.0
18.355519000000001	2680.0
18.2898	2690.0
18.360147999999999	2570.0
18.370234765234766	2740.0
18.351824824824824	2910.0
18.408300000000001	2490.0
18.381536000000001	2560.0
18.411080000000002	2210.0
18.445101000000001	2280.0
18.431799999999999	2340.0
18.462194	1970.0
18.47663	2250.0
18.463663	2390.0
18.518081918081919	2350.0
18.50748948948949	2580.0
18.509349999999998	2300.0
18.562548	2010.0
18.511569999999999	2130.0
18.58859	2840.0
18.583159999999999	2360.0
18.560312	2200.0
18.637080000000001	2400.0
18.581344000000001	2580.0
18.6416	2620.0
18.651609000000001	2720.0
18.639000000000003	2040.0
18.687650000000001	2240.0
18.664804999999998	2580.0
18.68956	2600.0
18.71932	2390.0
18.705711999999998	2050.0
18.728840159840157	2650.0
18.745264264264264	2410.0
18.73753	2430.0
18.780355999999998	2470.0
18.7746	2240.0
18.780479	2790.0
18.827759999999998	2140.0
18.78256	2570.0
18.854890000000001	1870.0
18.883779999999998	2530.0
18.826599999999999	2490.0
18.897592	2440.0
18.888574999999999	2490.0
18.898011	1960.0
18.940799999999999	2510.0
18.917159999999999	2320.0
18.955349999999999	2720.0
18.968772999999999	2370.0
18.972922077922078	2410.0
19.003831831831832	2470.0
19.000310000000002	2290.0
19.009755999999999	2240.0
19.043479999999999	2230.0
19.042975999999999	2000.0
19.062299999999997	2250.0
19.080088999999997	2100.0
19.06418	2400.0
19.114272	2430.0
19.111675000000002	2520.0
19.120089	2180.0
19.161560000000001	2660.0
19.127288	2720.0
19.179919999999999	2540.0
19.178515000000001	2350.0
19.18225	2430.0
19.223099999999999	2630.0
19.2028	2280.0
19.23890909090909	2570.0
19.255361361361363	2460.0
19.258284	2220.0
19.289249999999999	2250.0
19.290320000000001	2050.0
19.301080000000002	2470.0
19.332046000000002	2450.0
19.331	2540.0
19.351042	2410.0
19.371919999999999	2110.0
19.359456000000002	2340.0
19.40326	1990.0
19.40137	2220.0
19.413599999999999	2160.0
19.448665342601785	1970.0
19.418381330685204	2350.0
19.466588469184888	1960.0
19.464607902735562	2430.0
19.474213786213785	2210.0
19.506582582582581	2250.0
19.489019000000003	2270.0
19.52431	1980.0
19.538709741550697	2360.0
19.545577464788732	2290.0
19.57368	2140.0
19.573840000000001	2250.0
19.587264000000001	2380.0
19.616175000000002	2360.0
19.617409000000002	2400.0
19.64021	2490.0
19.65654	2470.0
19.648160000000001	2100.0
19.689878	2180.0
19.687239999999999	2350.0
19.704036000000002	2300.0
19.732740000000003	2450.0
19.706084000000001	2270.0
19.758197802197802	2340.0
19.754686686686689	2360.0
19.766824999999997	1890.0
19.793209999999998	2500.0
19.780759999999997	2160.0
19.813448000000001	2390.0
19.82368	2460.0
19.832106	2240.0
19.861799999999999	1790.0
19.862818000000001	2370.0
19.87745	2100.0
19.904449	2420.0
19.905739999999998	2220.0
19.931288000000002	2350.0
19.945734999999999	2160.0
19.939457000000001	2150.0
19.982770000000002	2500.0
19.972404595404598	2220.0
19.995916916916915	1880.0
20.023013000000002	2590.0
20.003	2380.0
20.052454545454545	2400.0
20.03780680680681	2750.0
20.060853000000002	2080.0
20.084440000000001	2120.0
20.076045999999998	2440.0
20.110610000000001	2280.0
20.115328000000002	2390.0
20.126740000000002	2250.0
20.149584000000001	2070.0
20.147974999999999	2340.0
20.163281000000001	2020.0
20.182829999999999	2320.0
20.183078000000002	2410.0
20.208705000000002	2320.0
20.217399	2030.0
20.216584415584414	1830.0
20.261984984984984	2170.0
20.250220000000002	2440.0
20.283715999999998	2360.0
20.307750000000002	2240.0
20.284122	2230.0
20.342254999999998	2490.0
20.325953000000002	2260.0
20.354959999999998	2400.0
20.378675999999999	2060.0
20.369229999999998	1820.0
20.407302999999999	2010.0
20.409929999999999	1780.0
20.424769999999999	1880.0
20.450074999999998	2030.0
20.450568000000001	2170.0
20.470840000000003	2350.0
20.491928000000001	2240.0
20.492692307692309	2120.0
20.520735735735737	2150.0
20.53078	1830.0
20.531310000000001	2190.0
20.568905000000001	2200.0
20.557144999999998	2380.0
20.588999999999999	2360.0
20.606168	2470.0
20.591265	2260.0
20.641720999999997	2210.0
20.624890000000001	2170.0
20.650584000000002	2180.0
20.672114999999998	2230.0
20.665261999999998	2400.0
20.687919999999998	2030.0
20.710096	2390.0
20.714749999999999	2290.0
20.739964999999998	2430.0
20.751580000000001	2080.0
20.762816183816184	2330.0
20.790254254254254	2000.0
20.800999999999998	2350.0
20.814259999999997	2430.0
20.835912	2300.0
20.835799999999999	2270.0
20.868167	2130.0
20.877599999999997	2200.0
20.884876000000002	2550.0
20.918175000000002	2170.0
20.904259	2090.0
20.939519999999998	2340.0
20.951032000000001	2040.0
20.956325	2210.0
20.985595	2450.0
20.982759999999999	1960.0
21.005991999999999	2270.0
21.022749999999998	2390.0
21.029758241758241	2290.0
21.049966966966966	2410.0
21.057147999999998	2370.0
21.068490000000001	2790.0
21.089058999999999	2350.0
21.09573	2150.0
21.11026	2400.0
21.126459999999998	2200.0
21.127139	2330.0
21.156000000000002	2410.0
21.161368	2380.0
21.171939999999999	2340.0
21.196258999999998	2150.0
21.184380000000001	2600.0
21.220556000000002	2420.0
21.224745000000002	2330.0
21.234537	2040.0
21.257298701298701	1970.0
21.255054054054053	2160.0
21.27834965034965	2050.0
21.292736736736739	1910.0
21.301300000000001	2310.0
21.325952000000001	2500.0
21.335650000000001	2050.0
21.351941	2610.0
21.375319999999999	2410.0
21.38288	2040.0
21.402694999999998	2300.0
21.420030000000001	2310.0
21.423749999999998	2360.0
21.456202000000001	2210.0
21.460255	2800.0
21.481103000000001	1970.0
21.506340000000002	2330.0
21.496503999999998	2140.0
21.536529999999999	1970.0
21.542584999999999	2040.0
21.556036963036963	2430.0
21.583476476476477	2040.0
21.579700000000003	2400.0
21.608261000000002	2350.0
21.62068	2600.0
21.631744000000001	2450.0
21.654965000000001	2450.0
21.662167	2350.0
21.677600000000002	2390.0
21.698	2140.0
21.703135	2220.0
21.721409999999999	2120.0
21.7377	2170.0
21.740079999999999	2330.0
21.770205000000001	2090.0
21.773355000000002	1780.0
21.788970000000003	2140.0
21.812566	2670.0
21.806539460539462	2250.0
21.84077722277722	2410.0
21.843839839839841	2110.0
21.858824000000002	2230.0
21.881625	2080.0
21.880561	2300.0
21.905280000000001	2260.0
21.917045999999999	2100.0
21.92943	2500.0
21.951262	2090.0
21.956600000000002	2170.0
21.969712000000001	2020.0
21.989335000000001	2050.0
21.997748999999999	1890.0
22.018149999999999	1940.0
22.034886	2300.0
22.040965	2140.0
22.073414	2380.0
22.077877122877123	2260.0
22.096222222222224	2320.0
22.12135	2600.0
22.112713999999997	2200.0
22.152740000000001	2240.0
22.156766000000001	2220.0
22.174499999999998	2160.0
22.199328999999999	2440.0
22.196200000000001	1910.0
22.225475999999997	2170.0
22.239054999999997	1760.0
22.248918	2440.0
22.271699999999999	2530.0
22.280206	2460.0
22.295315000000002	2250.0
22.315341	2410.0
22.324200000000001	2380.0
22.344504000000001	2200.0
22.358644999999999	2280.0
22.361012987012987	2430.0
22.39020920920921	2300.0
22.393915999999997	2460.0
22.412105	2290.0
22.435665	2620.0
22.431720000000002	2520.0
22.465992	2110.0
22.467925000000001	2190.0
22.480277999999998	2180.0
22.505240000000001	2260.0
22.50609	2230.0
22.529254999999999	2360.0
22.539373999999999	2380.0
22.552160000000001	2240.0
22.573799999999999	2460.0
22.580729999999999	2250.0
22.594898000000001	2310.0
22.616499999999998	2450.0
22.624007992007993	2500.0
22.636567567567567	2270.0
22.653386000000001	2170.0
22.658239999999999	2350.0
22.680239999999998	2600.0
22.696660000000001	1930.0
22.702916251246261	2060.0
22.724933333333336	2250.0
22.724379899497489	2060.0
22.750240201005028	2270.0
22.765828485456368	2430.0
22.770495531281032	2230.0
22.791770392749246	2290.0
22.797569999999997	2170.0
22.816406593406594	2480.0
22.836104104104102	2420.0
22.843926	2390.0
22.861065	2760.0
22.874188	2590.0
22.888987012987013	2290.0
22.910577577577577	2050.0
22.922619999999998	2280.0
22.935352999999999	2240.0
22.95617	2580.0
22.968336000000001	1880.0
22.991795	2280.0
23.00367	2340.0
23.01512	2300.0
23.038575999999999	2450.0
23.04655	2260.0
23.067494	2300.0
23.08474	2660.0
23.095701999999999	1980.0
23.117875000000002	2240.0
23.122787000000002	2390.0
23.14002	2410.0
23.159147999999998	2550.0
23.168221778221778	2380.0
23.185511511511514	2230.0
23.199300000000001	2450.0
23.213044	2570.0
23.231279999999998	2240.0
23.242441999999997	2350.0
23.25572	2110.0
23.273935999999999	2140.0
23.282094999999998	2340.0
23.303122999999999	2410.0
23.319020000000002	2480.0
23.326928000000002	2080.0
23.348299999999998	2310.0
23.352648000000002	2150.0
23.375520000000002	2360.0
23.392775999999998	2480.0
23.400195	2060.0
23.424436	1920.0
23.43374	2260.0
23.451307692307694	2160.0
23.467420420420421	2230.0
23.477176	2480.0
23.4956	2470.0
23.508208	2290.0
23.522625000000001	2310.0
23.541855000000002	2210.0
23.552869999999999	2240.0
23.565687999999998	2310.0
23.583205	2210.0
23.592806	2510.0
23.609960000000001	2020.0
23.625892	2310.0
23.637875000000001	2460.0
23.658384615384616	2120.0
23.663638638638638	2450.0
23.684603603603602	2230.0
23.698090000000001	2370.0
23.707861138861137	2400.0
23.728316316316317	2560.0
23.738336	2440.0
23.755644999999998	2290.0
23.772152000000002	1950.0
23.781549999999999	2420.0
23.798448	2000.0
23.811885	2080.0
23.826661000000001	2540.0
23.84628	2260.0
23.858884	2080.0
23.872855000000001	2630.0
23.891902000000002	2500.0
23.901400000000002	2420.0
23.920217999999998	2410.0
23.936574999999998	2300.0
23.947047999999999	2480.0
23.968720000000001	2670.0
23.977703296703297	2320.0
23.998648351648349	2360.0
24.01399099099099	2380.0
24.021229999999999	2610.0
24.043892	2400.0
24.054359999999999	2580.0
24.071687000000001	2420.0
24.087499999999999	2490.0
24.097216	2010.0
24.112704999999998	2680.0
24.126013	2760.0
24.1402	2490.0
24.158777999999998	2210.0
24.171904999999999	2230.0
24.185541999999998	2220.0
24.203600000000002	2450.0
24.213256000000001	2520.0
24.233599999999999	2680.0
24.247591408591408	2200.0
24.258357357357358	2390.0
24.28182	2510.0
24.291595000000001	2600.0
24.307779	2780.0
24.327740000000002	2250.0
24.335243999999999	2440.0
24.358815	2770.0
24.366985	2610.0
24.380749999999999	2540.0
24.397635999999999	2600.0
24.409549999999999	2790.0
24.428175	2080.0
24.440239999999999	2600.0
24.450703999999998	2330.0
24.467835000000001	2140.0
24.481336000000002	2580.0
24.493400000000001	2360.0
24.509219999999999	2690.0
24.521494505494505	2520.0
24.539619619619621	2410.0
24.553080000000001	2250.0
24.560639999999999	2410.0
24.579104999999998	2560.0
24.591481000000002	2640.0
24.603870000000001	2520.0
24.625665999999999	2650.0
24.629684999999998	2830.0
24.648634000000001	2560.0
24.664000000000001	2670.0
24.675272	2560.0
24.69492	3190.0
24.705285	2580.0
24.721029999999999	2740.0
24.738992	2610.0
24.751664999999999	2780.0
24.768208000000001	2350.0
24.783517482517482	2600.0
24.795541541541539	2520.0
24.813575	2880.0
24.824324000000001	3170.0
24.838979999999999	2750.0
24.859726546906188	2700.0
24.86606513026052	3000.0
24.887131	2730.0
24.8994	2520.0
24.908919999999998	2650.0
24.929790000000001	2710.0
24.935485	2400.0
24.9496	3050.0
24.962426000000001	3130.0
24.973305	2650.0
24.991554000000001	2760.0
25.001300000000001	2720.0
25.013404000000001	3050.0
25.027909999999999	2750.0
25.039681318681318	2870.0
25.054858858858861	2980.0
25.068531999999998	2880.0
25.080624999999998	3330.0
25.099578000000001	2680.0
25.111240000000002	2990.0
25.122568000000001	3070.0
25.142664999999997	2930.0
25.152328999999998	2830.0
25.168800000000001	2940.0
25.187462	2850.0
25.197945000000001	2900.0
25.216940000000001	3060.0
25.225200000000001	2900.0
25.245595999999999	3360.0
25.260270000000002	3260.0
25.272084	3230.0
25.292750000000002	3660.0
25.305290709290709	3150.0
25.321521521521522	3240.0
25.337938000000001	3200.0
25.350240000000003	3310.0
25.368272000000001	2990.0
25.385825000000001	3200.0
25.397786	3690.0
25.41329	3300.0
25.425948000000002	3280.0
25.442345	3380.0
25.464683000000001	3850.0
25.474520000000002	3570.0
25.491471999999998	3040.0
25.506405000000001	3320.0
25.514973000000001	3530.0
25.53875	3110.0
25.544510000000002	3700.0
25.558679999999999	4120.0
25.573105000000002	3810.0
25.58511088911089	3330.0
25.604369369369369	3980.0
25.616320000000002	3660.0
25.631957	3910.0
25.647410000000001	4000.0
25.659264	4280.0
25.675450000000001	3920.0
25.690415999999999	3490.0
25.70298	3320.0
25.720980000000001	3700.0
25.73499	4150.0
25.750451000000002	4640.0
25.76914	4490.0
25.776698	4070.0
25.794425	4230.0
25.808564000000001	3980.0
25.82	4300.0
25.837136000000001	4290.0
25.850657342657342	3770.0
25.866566566566565	4390.0
25.881960000000003	4610.0
25.894905999999999	4420.0
25.91516	4770.0
25.926669	4550.0
25.941400000000002	4760.0
25.95758	4980.0
25.972925	4890.0
25.991016999999999	4270.0
26.006730000000001	4830.0
26.018730000000001	5140.0
26.033694999999998	5080.0
26.048444	5180.0
26.06156	5420.0
26.077728	4930.0
26.087610000000002	4980.0
26.104358000000001	5000.0
26.117549450549451	6200.0
26.128021	5750.0
26.148033999999999	5920.0
26.156255255255257	6050.0
26.17248	6170.0
26.187180000000001	5610.0
26.198415000000001	6200.0
26.217490999999999	6290.0
26.230029999999999	5960.0
26.244196000000002	6450.0
26.259050000000002	6290.0
26.271324	6740.0
26.287559999999999	6760.0
26.302023999999999	6500.0
26.313314999999999	7030.0
26.329718	6630.0
26.342769999999998	6810.0
26.356114000000002	7150.0
26.371142857142857	7170.0
26.383069069069069	7450.0
26.402200000000001	7010.0
26.413727999999999	7800.0
26.427099999999999	7170.0
26.44614	7900.0
26.454279999999997	7480.0
26.471378000000001	7910.0
26.485409999999998	8660.0
26.497971	8810.0
26.5154	8720.0
26.528392	9070.0
26.543875	8910.0
26.559654999999999	8500.0
26.572890000000001	8940.0
26.588158	8640.0
26.604089999999999	9630.0
26.618192000000001	9940.0
26.63344	9850.0
26.648375624375621	9770.0
26.66364064064064	10230.0
26.679970000000001	10090.0
26.690549999999998	9480.0
26.706937999999997	10540.0
26.72466	10540.0
26.736153999999999	10690.0
26.75712	10740.0
26.768944000000001	10640.0
26.786435000000001	11110.0
26.802071999999999	11700.0
26.815000000000001	11140.0
26.831712712712712	12550.0
26.84375	11800.0
26.857032	11480.0
26.872859999999999	12060.0
26.886384	12010.0
26.901215000000001	12850.0
26.916675324675325	13130.0
26.930230230230229	12820.0
26.944104000000003	14250.0
26.956130000000002	13640.0
26.971187	14450.0
26.9894	14500.0
27.001431999999998	14520.0
27.016680000000001	14670.0
27.031569999999999	14680.0
27.04121	15380.0
27.061202000000002	14800.0
27.073895	15220.0
27.091473000000001	16220.0
27.103840000000002	16590.0
27.116808000000002	16860.0
27.135950000000001	16350.0
27.149446999999999	17170.0
27.164339999999999	17500.0
27.180884115884115	17210.0
27.194414414414414	17350.0
27.208766000000001	19140.0
27.224160000000001	18670.0
27.238271999999998	19930.0
27.253175000000002	19280.0
27.267158000000002	19900.0
27.282	19870.0
27.298414000000001	20220.0
27.307254999999998	21140.0
27.326926	21750.0
27.343779999999999	21880.0
27.356264000000003	22740.0
27.377230000000001	22300.0
27.386253	22600.0
27.401789999999998	22640.0
27.417974000000001	23190.0
27.431849999999997	22930.0
27.448086	24220.0
27.460472527472525	24260.0
27.476632632632633	23550.0
27.493359999999999	25710.0
27.508054999999999	24760.0
27.524799999999999	26300.0
27.540740259740257	26770.0
27.554704704704704	26780.0
27.570551999999999	26360.0
27.5852	25960.0
27.60004	28140.0
27.617460000000001	27950.0
27.629983000000003	28050.0
27.647870000000001	28200.0
27.663743999999998	29920.0
27.675284999999999	29760.0
27.693373000000001	30380.0
27.705960000000001	29200.0
27.722696000000003	31030.0
27.736538461538458	31420.0
27.749874874874873	31280.0
27.767600000000002	33260.0
27.779138	32620.0
27.792794999999998	32340.0
27.808391999999998	32520.0
27.824179999999998	34110.0
27.839380000000002	32500.0
27.852340000000002	33610.0
27.864955000000002	35050.0
27.880650000000003	34560.0
27.896922077922078	34940.0
27.909813813813813	35320.0
27.923898000000001	35440.0
27.937880000000003	34070.0
27.954792000000001	35710.0
27.969910000000002	35780.0
27.983288999999996	35980.0
27.999490000000002	37210.0
28.011974025974023	36410.0
28.026123123123121	37540.0
28.042885999999999	38310.0
28.056139999999999	37720.0
28.071444	38350.0
28.084220000000002	39290.0
28.098828999999999	37660.0
28.113259999999997	36880.0
28.126045999999999	39660.0
28.141404999999999	39270.0
28.155917000000002	38910.0
28.169599999999999	40570.0
28.186279999999996	39040.0
28.20027	40830.0
28.213855000000002	41630.0
28.22794	42490.0
28.242239999999999	41920.0
28.260493506493507	42200.0
28.272989010989008	42840.0
28.287270541082162	41570.0
28.301579158316631	41780.0
28.314950000000003	44000.0
28.332663	43810.0
28.345790000000001	43970.0
28.360511999999996	42750.0
28.375024999999997	41830.0
28.388618000000001	41590.0
28.401959999999999	42770.0
28.417064	42460.0
28.430540000000001	41420.0
28.444946000000002	40710.0
28.461199999999998	40840.0
28.476834	40680.0
28.491970000000002	42180.0
28.504991	41650.0
28.518940000000004	41730.0
28.535541458541459	41030.0
28.547462462462466	39910.0
28.561989000000001	40130.0
28.577839999999998	40600.0
28.589417999999998	40110.0
28.607524999999995	39240.0
28.620978000000001	39610.0
28.635200000000001	39180.0
28.652808	38550.0
28.666204999999998	38450.0
28.683002999999999	39230.0
28.696982999999999	38530.0
28.710660000000001	36880.0
28.726746000000002	38860.0
28.741150000000001	37050.0
28.755032	37670.0
28.77028	37180.0
28.785105000000001	38340.0
28.799394605394603	38100.0
28.814603603603601	37810.0
28.831769999999999	38310.0
28.848037999999999	37060.0
28.861890000000002	37110.0
28.878195999999999	37590.0
28.894974999999999	37370.0
28.907485999999995	37160.0
28.924639999999997	35470.0
28.939912000000003	36730.0
28.955159999999999	37560.0
28.970392	35930.0
28.984059999999999	36140.0
28.999613999999998	35690.0
29.013035000000002	35720.0
29.026057999999999	35430.0
29.0412	35470.0
29.056280000000001	35160.0
29.072090000000003	33610.0
29.087848151848153	34650.0
29.101725999999999	34940.0
29.115781781781781	33590.0
29.130724999999998	33670.0
29.145538999999999	33520.0
29.161519999999999	34390.0
29.176407999999999	34170.0
29.1905	33850.0
29.209153846153846	33340.0
29.223435435435434	33040.0
29.237729729729729	32100.0
29.250154999999999	32610.0
29.26246222664016	32450.0
29.277424547283704	32720.0
29.293463999999997	30700.0
29.30743	31140.0
29.321455	30310.0
29.336399999999998	30790.0
29.352825174825174	31080.0
29.367209209209207	31220.0
29.381619000000001	28340.0
29.397359999999999	30680.0
29.412591999999997	29510.0
29.42784	28980.0
29.442755000000002	29260.0
29.458400000000001	28050.0
29.475663999999998	27870.0
29.4878	28610.0
29.503285999999999	28090.0
29.519959999999998	26990.0
29.531607999999999	28280.0
29.549714999999996	26310.0
29.561243999999999	27520.0
29.575349999999997	26820.0
29.59384	26020.0
29.607334999999999	27080.0
29.621951999999997	27250.0
29.637888111888113	26330.0
29.653426426426424	25720.0
29.668074999999998	25670.0
29.681241	26670.0
29.697709999999997	24010.0
29.714005999999998	25950.0
29.726809999999997	25230.0
29.741239	24600.0
29.756800000000002	24070.0
29.772168000000004	24810.0
29.788925000000003	23370.0
29.801655	23190.0
29.816600000000001	23030.0
29.835148000000004	22920.0
29.848595	22900.0
29.864779000000002	23320.0
29.879100000000001	22960.0
29.893380000000004	21710.0
29.910194805194802	21670.0
29.924155155155155	21670.0
29.9405	21530.0
29.956232	20530.0
29.972135000000002	20670.0
29.988319000000001	19470.0
30.003959999999999	18690.0
30.019192	16410.0
30.034904999999998	16460.0
30.050671999999999	16270.0
30.065920000000002	16140.0
30.080508000000002	15600.0
30.094400000000004	14230.0
30.109178	15100.0
30.123059999999999	14710.0
30.13898	13910.0
30.15353	13520.0
30.170666000000001	13660.0
30.187820000000002	13980.0
30.200233766233765	13030.0
30.217108108108111	13510.0
30.230857999999998	12410.0
30.245800000000003	12990.0
30.262536000000004	12840.0
30.277574999999999	12080.0
30.294483	13180.0
30.310760000000002	12650.0
30.325430000000001	12890.0
30.340240000000001	12150.0
30.355471999999999	11930.0
30.371559999999999	12420.0
30.387951999999999	11880.0
30.402225000000001	11380.0
30.415986	12620.0
30.432220000000001	11840.0
30.446093999999999	11370.0
30.462427572427572	10300.0
30.478860860860863	10090.0
30.488679999999999	9930.0
30.504864000000001	11170.0
30.521065	10370.0
30.534558000000001	10660.0
30.548750000000002	10930.0
30.563832000000001	10950.0
30.579079999999998	10200.0
30.593605	10100.0
30.608559999999997	10790.0
30.623179999999998	10490.0
30.63691	10170.0
30.651788999999997	9870.0
30.667049999999996	10110.0
30.681751999999999	9610.0
30.697000000000003	10430.0
30.711577999999999	9640.0
30.724919999999997	10090.0
30.738708291708292	9850.0
30.753946946946947	9840.0
30.769055000000002	9540.0
30.783259999999999	9900.0
30.796672000000001	9780.0
30.811919999999997	9380.0
30.825258000000002	9270.0
30.840399999999999	9740.0
30.854779999999998	9510.0
30.869879999999998	9300.0
30.885112000000003	8980.0
30.89894	9040.0
30.914242757242757	9710.0
30.92921921921922	8700.0
30.943505000000002	8920.0
30.959360000000004	8200.0
30.974608	8390.0
30.986675000000002	9190.0
31.000524950099802	9230.0
31.017272545090179	9550.0
31.030794000000004	9040.0
31.046994999999999	8370.0
31.062414101290965	8160.0
31.075276938569992	7870.0
31.091012000000003	8810.0
31.10181	7930.0
31.118946000000001	8820.0
31.136099999999999	8330.0
31.148726	8120.0
31.164535000000001	8410.0
31.178297999999998	7890.0
31.194679999999998	8240.0
31.210392000000002	9190.0
31.224989999999998	7400.0
31.239284999999999	7470.0
31.253007999999998	7650.0
31.269500000000001	8840.0
31.285671328671331	8190.0
31.299012012012014	7790.0
31.313876000000004	8130.0
31.330360000000002	8130.0
31.345305	8110.0
31.359840000000002	7950.0
31.374687999999999	7450.0
31.388320000000004	7980.0
31.403843000000002	7920.0
31.421849999999999	7360.0
31.438032000000003	7760.0
31.453279999999999	7470.0
31.469418999999998	7950.0
31.484760000000001	8000.0
31.499180000000003	7610.0
31.515004999999999	7190.0
31.531189000000001	7880.0
31.544709999999998	7770.0
31.562048951048951	7740.0
31.575745745745746	6780.0
31.589485999999997	7610.0
31.60472	8000.0
31.620208000000002	7910.0
31.636775	7850.0
31.651729	7630.0
31.667059999999999	7460.0
31.681114000000001	7470.0
31.697120000000002	8060.0
31.712645999999999	8280.0
31.729600000000001	7930.0
31.744779999999999	8430.0
31.759095000000002	6880.0
31.777182999999997	7560.0
31.789829999999998	7580.0
31.806515999999998	7230.0
31.821224999999998	7490.0
31.837039000000001	7360.0
31.852508491508491	7790.0
31.86909009009009	7540.0
31.884999999999998	7740.0
31.899077999999999	6770.0
31.91348	6870.0
31.928711999999997	7080.0
31.943960000000001	7740.0
31.959579000000002	6970.0
31.975439999999999	7170.0
31.990963999999998	7330.0
32.006430000000002	7360.0
32.020940000000003	7560.0
32.039549999999998	6970.0
32.055530000000005	7460.0
32.069935000000001	7490.0
32.086104999999996	7190.0
32.1004	7300.0
32.115591999999999	8280.0
32.12823376623377	7800.0
32.143885885885886	7130.0
32.161629999999995	7360.0
32.177540459540459	6670.0
32.19346946946947	7000.0
32.20902197802198	6910.0
32.22369369369369	7170.0
32.238512	6340.0
32.254244999999997	7210.0
32.269992000000002	6960.0
32.285240000000002	7330.0
32.300471999999999	7700.0
32.316015	7410.0
32.331952000000001	7080.0
32.3474	6720.0
32.363279999999996	6690.0
32.377575	7390.0
32.392026000000001	6910.0
32.409149850149852	6930.0
32.423415584415586	6850.0
32.438638638638636	6960.0
32.453004999999997	6600.0
32.468940000000003	6800.0
32.482807999999999	6950.0
32.499049999999997	6880.0
32.512801000000003	6570.0
32.527709999999999	6330.0
32.543894000000002	7420.0
32.558460159362546	6090.0
32.573728915662649	7040.0
32.589599999999997	6820.0
32.603487999999999	6400.0
32.617865000000002	7070.0
32.634048999999997	6390.0
32.649749999999997	6280.0
32.664030000000004	6690.0
32.678787212787213	6120.0
32.695802	6720.0
32.711885885885884	7050.0
32.726143999999998	7810.0
32.737580000000001	6760.0
32.754505999999999	7010.0
32.769919999999999	6660.0
32.784329999999997	5940.0
32.797850000000004	6910.0
32.814813000000001	6380.0
32.82884	5410.0
32.843111999999998	6210.0
32.857774999999997	6190.0
32.872054999999996	6470.0
32.886839999999999	6980.0
32.901188000000005	6390.0
32.916505000000001	6690.0
32.932857999999996	6380.0
32.947400000000002	6340.0
32.963020979020982	6090.0
32.975471471471472	6370.0
32.991825999999996	6000.0
33.008759999999995	6510.0
33.023992	6250.0
33.039255000000004	6980.0
33.055439	5830.0
33.069800000000001	6060.0
33.082336000000005	5890.0
33.095550000000003	5750.0
33.110431999999996	6240.0
33.125680000000003	6110.0
33.140230000000003	6520.0
33.15643	6220.0
33.170631	6670.0
33.185720000000003	6650.0
33.200396000000005	6460.0
33.215454999999999	6300.0
33.231552447552446	6260.0
33.245589589589592	6760.0
33.260227999999998	6220.0
33.274335000000001	6190.0
33.290518999999996	5900.0
33.306240000000003	6080.0
33.319679999999998	5830.0
33.334105000000001	6280.0
33.350255000000004	5790.0
33.364550000000001	6240.0
33.377907999999998	6800.0
33.393875000000001	6390.0
33.410058999999997	6020.0
33.423140000000004	6470.0
33.436969030969031	5990.0
33.454009009009013	5790.0
33.469555	5630.0
33.483260000000001	6330.0
33.497129999999999	5270.0
33.512406593406595	5570.0
33.52903603603604	6060.0
33.544200000000004	5880.0
33.557279999999999	5620.0
33.572794999999999	5550.0
33.589598000000002	5630.0
33.602940000000004	6300.0
33.616267999999998	5540.0
33.629955000000002	5140.0
33.646273000000001	5850.0
33.664279999999998	5470.0
33.677607999999999	5820.0
33.690950000000001	5920.0
33.706909000000003	5350.0
33.723109999999998	4960.0
33.739294000000001	5920.0
33.752555000000001	5290.0
33.768366	5390.0
33.78359040959041	5860.0
33.796690690690689	5190.0
33.812354999999997	5210.0
33.827958000000002	5200.0
33.8431	5620.0
33.859431999999998	5500.0
33.87397	5550.0
33.888526000000006	5270.0
33.904640000000001	5580.0
33.91818	5040.0
33.932639999999999	5320.0
33.948222999999999	5300.0
33.9664	4940.0
33.985329999999998	5680.0
33.999625000000002	5280.0
34.012051	5070.0
34.025320000000001	5780.0
34.042808000000001	5110.0
34.056989999999999	5040.0
34.071043956043958	5210.0
34.086035035035039	5220.0
34.101272000000002	5030.0
34.115916083916083	5260.0
34.130198198198201	4970.0
34.144999999999996	5040.0
34.160684000000003	5460.0
34.176479999999998	5190.0
34.191355000000001	4930.0
34.205649999999999	5060.0
34.219929999999998	4990.0
34.234439999999999	4960.0
34.250172999999997	4910.0
34.268270916334657	5140.0
34.286092369477906	5460.0
34.301400000000001	5490.0
34.316631999999998	5520.0
34.331865134865133	4730.0
34.348858	4320.0
34.364357357357356	5170.0
34.379579420579425	4890.0
34.395575575575577	5020.0
34.411071999999997	5530.0
34.425674999999998	4670.0
34.441713858424727	4690.0
34.458326980942829	4860.0
34.473027999999999	4880.0
34.488189999999996	5190.0
34.504104999999996	4290.0
34.519480000000001	4720.0
34.535679999999999	4960.0
34.550240000000002	4520.0
34.565905999999998	4930.0
34.582889999999999	5100.0
34.59883	4570.0
34.613275000000002	4350.0
34.62945854145854	4810.0
34.645643356643355	4240.0
34.660910910910907	4410.0
34.677929999999996	4600.0
34.690880999999997	4700.0
34.708010000000002	4580.0
34.723872	4830.0
34.738424999999999	4460.0
34.752057999999998	5020.0
34.766600000000004	4380.0
34.782935999999999	4230.0
34.798575	4570.0
34.812854999999999	4200.0
34.827970000000001	4960.0
34.843792000000001	4280.0
34.858725	4580.0
34.873806000000002	4550.0
34.890300000000003	5180.0
34.904233766233766	4390.0
34.917110110110109	4780.0
34.933309000000001	3990.0
34.949480000000001	4380.0
34.964712000000006	4020.0
34.976219999999998	4420.0
34.992078999999997	4930.0
35.007439999999995	4720.0
35.023463999999997	4060.0
35.038919999999997	4430.0
35.052758000000004	4280.0
35.0687	4310.0
35.082826000000004	4040.0
35.097990000000003	4430.0
35.114618999999998	4250.0
35.128979999999999	4070.0
35.143416000000002	4300.0
35.160205000000005	4020.0
35.175433566433568	4770.0
35.18876976976977	4160.0
35.202329999999996	4370.0
35.216974999999998	4190.0
35.233286	4280.0
35.250120000000003	3850.0
35.263543999999996	4040.0
35.279744999999998	4580.0
35.294055	4230.0
35.307459999999999	3880.0
35.324998000000001	4390.0
35.339129999999997	3960.0
35.354699000000004	4320.0
35.370899999999999	3870.0
35.385128000000002	4050.0
35.399075000000003	4290.0
35.415026000000005	4260.0
35.429630000000003	4460.0
35.442467999999998	4010.0
35.45746253746254	3950.0
35.473861861861863	4230.0
35.48912	3850.0
35.504351999999997	4260.0
35.520049999999998	4300.0
35.536831999999997	3990.0
35.552079999999997	4390.0
35.567312000000001	4130.0
35.582525000000004	4040.0
35.596805000000003	3860.0
35.61204	4090.0
35.626379999999997	3390.0
35.642365000000005	3770.0
35.656954999999996	4200.0
35.672750000000001	3560.0
35.686827999999998	3980.0
35.704099999999997	3970.0
35.718890999999999	4030.0
35.734629370629371	3640.0
35.749649649649648	3620.0
35.76437	4110.0
35.780255000000004	3810.0
35.795290000000001	3920.0
35.811457627118642	4120.0
35.827347652347655	3700.0
35.841678678678676	3920.0
35.854195586760277	3920.0
35.870848000000002	3670.0
35.884444999999999	4080.0
35.900554999999997	3810.0
35.914850000000001	4200.0
35.931956	3710.0
35.946424999999998	3940.0
35.959858000000004	4450.0
35.976399999999998	3980.0
35.992784	3920.0
36.006164999999996	3890.0
36.022470529470532	3480.0
36.038144144144141	4300.0
36.053553999999998	3440.0
36.068210000000001	3800.0
36.082472000000003	4000.0
36.098140000000001	3600.0
36.113579999999999	3670.0
36.127549999999999	3460.0
36.142263	3330.0
36.159680000000002	3240.0
36.174729999999997	3450.0
36.188755	3320.0
36.201740000000001	3610.0
36.220599999999997	3980.0
36.234879999999997	3940.0
36.24823	3870.0
36.264249	3760.0
36.279599999999995	3630.0
36.293216783216785	3200.0
36.307321321321318	3680.0
36.322311999999997	3910.0
36.337560000000003	3810.0
36.352792000000001	2930.0
36.369170000000004	3170.0
36.385789000000003	3710.0
36.400579999999998	3290.0
36.41433	3420.0
36.429375	3510.0
36.444251000000001	3360.0
36.458320000000001	3340.0
36.475480000000005	3100.0
36.489405000000005	3710.0
36.502465999999998	3260.0
36.519350000000003	3450.0
36.533630000000002	3380.0
36.547924999999999	3520.0
36.562205000000006	3380.0
36.580082917082919	3120.0
36.593925925925923	3740.0
36.609684999999999	3470.0
36.624355000000001	3430.0
36.640070000000001	3820.0
36.655591999999999	3380.0
36.672070000000005	3220.0
36.687505000000002	3320.0
36.702831168831167	3300.0
36.719486486486488	3410.0
36.736224999999997	3300.0
36.752786	3150.0
36.768950000000004	3530.0
36.783230000000003	3260.0
36.798699999999997	3580.0
36.816243999999998	3290.0
36.828099999999999	3340.0
36.842838161838159	3160.0
36.861660660660661	2880.0
36.875954954954956	2730.0
36.891200000000005	3030.0
36.906432000000002	2920.0
36.921680000000002	3050.0
36.936912	2970.0
36.952919999999999	2930.0
36.969103999999994	2850.0
36.984639999999999	3080.0
36.999872000000003	3360.0
37.016829999999999	3320.0
37.031785999999997	2720.0
37.047024999999998	3110.0
37.063831999999998	3490.0
37.077939999999998	2760.0
37.092307999999996	2770.0
37.109845	2980.0
37.126029000000003	2960.0
37.142416583416583	2970.0
37.159117117117113	3190.0
37.173614999999998	2630.0
37.189751999999999	2640.0
37.204999999999998	2960.0
37.220231999999996	2640.0
37.234575	2780.0
37.251425999999995	2910.0
37.266960000000005	2720.0
37.285240000000002	2930.0
37.299295000000001	2740.0
37.313004999999997	2750.0
37.328539999999997	2780.0
37.345296000000005	2600.0
37.360349999999997	2830.0
37.375585999999998	2890.0
37.391449999999999	2860.0
37.405347999999996	2630.0
37.420358641358639	2650.0
37.43758058058058	2960.0
37.453559999999996	2740.0
37.470688000000003	2910.0
37.484319999999997	2810.0
37.500036999999999	2870.0
37.519649999999999	2430.0
37.532035999999998	2580.0
37.549189999999996	2430.0
37.562697999999997	2580.0
37.576900000000002	2870.0
37.592803999999994	2760.0
37.605944999999998	2530.0
37.621189000000001	2670.0
37.636049999999997	2580.0
37.649707999999997	2770.0
37.664200000000001	2500.0
37.679959000000004	2280.0
37.693760000000005	2370.0
37.705178821178826	2190.0
37.718534534534534	2370.0
37.733381000000001	2530.0
37.74606	2640.0
37.759630000000001	2860.0
37.774120000000003	2280.0
37.788909090909087	2500.0
37.801882882882879	2760.0
37.819624000000005	2460.0
37.831075000000006	2950.0
37.845354999999998	2580.0
37.859649999999995	2560.0
37.876515999999995	2730.0
37.891224999999999	2480.0
37.906271999999994	2230.0
37.920079999999999	2690.0
37.932063999999997	2510.0
37.947249999999997	2440.0
37.962646353646356	2760.0
37.978002002002	2530.0
37.992747999999999	2880.0
38.006525000000003	2430.0
38.021191999999999	2860.0
38.036439999999999	2760.0
38.051963999999998	3000.0
38.067185000000002	2980.0
38.079954999999998	2850.0
38.094697302697298	2530.0
38.11171871871872	2990.0
38.127715000000002	2980.0
38.140118999999999	2680.0
38.156319999999994	2690.0
38.170679999999997	2570.0
38.184109999999997	2730.0
38.199888999999999	2710.0
38.215319999999998	2800.0
38.229107999999997	2770.0
38.243746268656714	2310.0
38.259002010050253	2740.0
38.274279999999997	2780.0
38.288448000000002	2520.0
38.302759999999999	2520.0
38.318866	2640.0
38.334850000000003	2640.0
38.348446000000003	2590.0
38.361710578842313	2720.0
38.376927855711422	2980.0
38.392400000000002	2780.0
38.407823999999998	2550.0
38.419890000000002	2730.0
38.436968999999998	2620.0
38.453140000000005	2740.0
38.466467999999999	2500.0
38.481639999999999	3010.0
38.497739000000003	2700.0
38.512287712287716	2710.0
38.526576576576581	2780.0
38.543050000000001	2730.0
38.557477999999996	2980.0
38.570819999999998	2470.0
38.585894000000003	2560.0
38.602094999999998	2460.0
38.616330999999995	2470.0
38.629599999999996	2630.0
38.645447999999995	2680.0
38.661829999999995	3090.0
38.675454999999999	2670.0
38.690249999999999	2740.0
38.706030000000005	2240.0
38.720015000000004	2580.0
38.732711999999999	3070.0
38.748019999999997	2600.0
38.764180000000003	2740.0
38.778475	2740.0
38.79548951048951	2670.0
38.809178178178179	2510.0
38.825796000000004	2690.0
38.840625000000003	2700.0
38.853451	2560.0
38.86992	2720.0
38.884847999999998	2660.0
38.899944999999995	2470.0
38.915591999999997	2690.0
38.928879999999999	2390.0
38.943398000000002	2440.0
38.961109999999998	2640.0
38.976858	3080.0
38.990499999999997	2660.0
39.005283999999996	2600.0
39.021075000000003	2930.0
39.035668999999999	2920.0
39.051978021978016	2930.0
39.068976976976977	2480.0
39.08420979020979	2720.0
39.097524475524473	2830.0
39.111798798798802	2650.0
39.123463999999998	2630.0
39.143149999999999	2450.0
39.157100999999997	2350.0
39.170949999999998	2680.0
39.185912000000002	2500.0
39.199255000000001	2590.0
39.215739999999997	2510.0
39.231560000000002	2450.0
39.247347999999995	2760.0
39.262785000000001	2400.0
39.277543000000001	2270.0
39.294250000000005	2480.0
39.307926000000002	2540.0
39.321080000000002	2700.0
39.336308691308687	2940.0
39.351856287425143	3080.0
39.368858575727181	2390.0
39.385040000000004	2880.0
39.400254745254742	2510.0
39.414535464535462	2430.0
39.431594594594593	2750.0
39.446125000000002	2680.0
39.460405000000002	2630.0
39.477040000000002	2730.0
39.491980000000005	2390.0
39.509014999999998	2690.0
39.521369999999997	2640.0
39.535029999999999	2770.0
39.549588	2980.0
39.565899999999999	2620.0
39.582258000000003	2920.0
39.596400000000003	2780.0
39.611626373626372	2530.0
39.626564564564568	2330.0
39.642397000000003	2880.0
39.660730000000001	2500.0
39.673915999999998	2710.0
39.690725	2800.0
39.705072000000001	2600.0
39.720320000000001	2570.0
39.735551999999998	2550.0
39.750800000000005	2350.0
39.765155	2510.0
39.780280000000005	2850.0
39.796293999999996	2810.0
39.812494999999998	2550.0
39.826618000000003	2720.0
39.84252	2780.0
39.860839999999996	2340.0
39.875540000000001	3160.0
39.888951999999996	2610.0
39.904642357642359	2510.0
39.921225225225228	2690.0
39.938034999999999	2580.0
39.953604999999996	2600.0
39.968420000000002	2230.0
39.983967999999997	2750.0
39.997805	2800.0
40.014223000000001	2300.0
40.032049999999998	2260.0
40.046307999999996	2160.0
40.059650000000005	2640.0
40.077612999999999	2830.0
40.092199999999998	2570.0
40.107312	2570.0
40.124130000000001	2350.0
40.137580999999997	2650.0
40.154109999999996	2450.0
40.168987999999999	2690.0
40.184104895104895	2320.0
40.199744744744748	2790.0
40.214500000000001	2630.0
40.231492000000003	2690.0
40.247860000000003	2700.0
40.261068999999999	2640.0
40.276959999999995	2900.0
40.292453999999999	2250.0
40.308010000000003	2410.0
40.321839000000004	2760.0
40.337919999999997	2690.0
40.353079999999999	2330.0
40.367449999999998	2520.0
40.384585999999999	2740.0
40.398020000000002	2340.0
40.414876	2730.0
40.428689999999996	2620.0
40.445953000000003	2310.0
40.461100000000002	2320.0
40.475369630369627	2520.0
40.489621513944222	2590.0
40.506304522613064	2460.0
40.523350000000001	2510.0
40.537526	2590.0
40.551735000000001	2100.0
40.567104999999998	2710.0
40.581760000000003	2450.0
40.597304000000001	2390.0
40.613240000000005	2730.0
40.628906000000001	2670.0
40.645040000000002	2090.0
40.656952000000004	2440.0
40.672274999999999	2260.0
40.688405000000003	2680.0
40.7027	2220.0
40.719775999999996	2850.0
40.735999999999997	2510.0
40.753042084168335	2520.0
40.766267267267267	2430.0
40.78013	2510.0
40.793730000000004	2610.0
40.808999	2110.0
40.825800000000001	2260.0
40.840727999999999	2290.0
40.855584999999998	2470.0
40.870398000000002	2400.0
40.88579	2530.0
40.902068	2210.0
40.915725000000002	2380.0
40.930272000000002	2400.0
40.945959999999999	2480.0
40.962574850299404	2530.0
40.976969969969971	2530.0
40.992215999999999	2520.0
41.007464464464462	2550.0
41.022711711711715	2760.0
41.037010989010987	2000.0
41.052190190190188	2400.0
41.069120000000005	2270.0
41.083087999999996	2550.0
41.097919999999995	2460.0
41.113849000000002	2220.0
41.129389610389609	2180.0
41.144625625625629	1950.0
41.159325000000003	2880.0
41.174619	2110.0
41.190820000000002	2530.0
41.206180000000003	2170.0
41.220840000000003	2540.0
41.236706000000005	2110.0
41.253050000000002	2200.0
41.267774000000003	2060.0
41.283974999999998	2690.0
41.299903096903101	2470.0
41.31426526526527	2150.0
41.329480000000004	2250.0
41.343775000000001	2050.0
41.360866000000001	2090.0
41.379799999999996	2550.0
41.392103999999996	2610.0
41.407515000000004	2290.0
41.420710999999997	2160.0
41.4345	2090.0
41.451388000000001	2500.0
41.467679999999994	2500.0
41.481240999999997	2090.0
41.496690000000001	2200.0
41.513391999999996	2910.0
41.528224999999999	2660.0
41.543239	2220.0
41.558800000000005	1960.0
41.573624000000002	2350.0
41.58914685314685	2360.0
41.602818818818818	2100.0
41.618209999999998	2380.0
41.634230000000002	2760.0
41.648664335664336	2210.0
41.66673426573427	2510.0
41.68203903903904	2620.0
41.696379999999998	2850.0
41.712336327345312	2500.0
41.726152304609215	2280.0
41.7425	2690.0
41.756126000000002	2160.0
41.769170000000003	2070.0
41.784318999999996	2060.0
41.799399999999999	2300.0
41.814703999999999	2270.0
41.829974999999997	2630.0
41.844672000000003	2220.0
41.859544455544452	2570.0
41.873819819819822	2490.0
41.888399999999997	2070.0
41.903404999999999	2490.0
41.917519999999996	2670.0
41.931376	2440.0
41.948190000000004	2520.0
41.961591999999996	2470.0
41.976839999999996	2040.0
41.992072	2400.0
42.006425	2150.0
42.022399	2690.0
42.037799999999997	2220.0
42.053784	2620.0
42.067164999999996	2170.0
42.084139999999998	2240.0
42.100760000000001	2470.0
42.114305999999999	2450.0
42.128754999999998	2540.0
42.143991017964069	2170.0
42.159539078156314	2710.0
42.175952000000002	2340.0
42.190224999999998	2160.0
42.203708999999996	2480.0
42.220599999999997	2630.0
42.238729999999997	2600.0
42.253025000000001	2550.0
42.267479000000002	2540.0
42.283680000000004	2410.0
42.299863999999999	2310.0
42.31512	2330.0
42.331249	2350.0
42.346599999999995	2350.0
42.361832	2100.0
42.377834999999997	2170.0
42.393312000000002	2200.0
42.408560000000001	2530.0
42.425004995004997	2280.0
42.442162162162163	2530.0
42.458272000000001	2530.0
42.473520000000001	2370.0
42.487485999999997	2600.0
42.502124999999999	2590.0
42.518577999999998	2610.0
42.532759999999996	2220.0
42.548480000000005	2150.0
42.562405000000005	2460.0
42.575465999999999	1830.0
42.592710000000004	2570.0
42.610588	2490.0
42.623930000000001	2160.0
42.638205000000006	2410.0
42.655199999999994	2160.0
42.670631999999998	2190.0
42.686684999999997	2300.0
42.702869	2240.0
42.71763936063936	2470.0
42.731915000000001	2440.0
42.746219219219221	2320.0
42.760505000000002	2120.0
42.775840000000002	2540.0
42.791080000000001	2410.0
42.805374999999998	2350.0
42.820408999999998	2280.0
42.836939999999998	2060.0
42.852665999999999	2110.0
42.866230000000002	2470.0
42.882992000000002	2400.0
42.898224428997018	2700.0
42.913283987915406	2450.0
42.927765000000001	2430.0
42.943949000000003	2380.0
42.955400000000004	2350.0
42.972235999999995	1840.0
42.988520479520481	2110.0
43.003102102102105	2100.0
43.018920000000001	2400.0
43.034392000000004	2210.0
43.048974999999999	2430.0
43.064489000000002	2350.0
43.080689999999997	2670.0
43.095829999999999	2550.0
43.110125000000004	2120.0
43.125686000000002	2460.0
43.1417	1990.0
43.156312	2450.0
43.170990000000003	2450.0
43.185265999999999	2210.0
43.20203696303696	2480.0
43.217258258258262	2270.0
43.232615000000003	2270.0
43.248705000000001	1710.0
43.262999999999998	2420.0
43.279167832167836	2640.0
43.294478478478482	2450.0
43.311425999999997	2050.0
43.326149999999998	2680.0
43.341191999999999	2160.0
43.35501	2290.0
43.371673000000001	2160.0
43.387300000000003	2050.0
43.401007999999997	2110.0
43.415399999999998	2290.0
43.431108999999999	2210.0
43.44688	2300.0
43.462494	2200.0
43.478025000000002	2240.0
43.492305000000002	2260.0
43.507097000000002	2160.0
43.522910000000003	2290.0
43.537937062937061	2180.0
43.556486486486484	2330.0
43.570832000000003	2450.0
43.586084999999997	2330.0
43.602269	2030.0
43.61938	2360.0
43.635653999999995	2470.0
43.648595	2450.0
43.663271999999999	2680.0
43.67924	2250.0
43.695976237623761	2780.0
43.712560606060606	2240.0
43.727654999999999	2660.0
43.743009999999998	2120.0
43.757747999999999	2360.0
43.772394999999996	2590.0
43.788578999999999	2110.0
43.803419999999996	2650.0
43.817542457542459	2250.0
43.834663663663662	2250.0
43.849545999999997	2450.0
43.866099999999996	2640.0
43.879632000000001	2670.0
43.894934999999997	2020.0
43.911104999999999	2390.0
43.925400000000003	2270.0
43.943328000000001	2070.0
43.958855999999997	2090.0
43.973284999999997	2380.0
43.991440000000004	2180.0
44.006864135864141	2220.0
44.022503503503501	2450.0
44.03802985074627	2180.0
44.05443819095477	2340.0
44.071095	2200.0
44.087278999999995	2420.0
44.102599999999995	2340.0
44.117265734265736	2140.0
44.133198198198201	2030.0
44.149751999999999	2260.0
44.164749999999998	2410.0
44.179434000000001	2440.0
44.196100000000001	2280.0
44.214497999999999	2290.0
44.227953326713006	2510.0
44.243080080080084	2310.0
44.258343343343341	2660.0
44.27641348088531	1960.0
44.291049999999998	2290.0
44.305329999999998	2350.0
44.322724999999998	2380.0
44.340085999999999	2310.0
44.355199999999996	2280.0
44.370111999999999	2230.0
44.385359999999999	1920.0
44.401110778443112	2000.0
44.417801603206414	2310.0
44.433630000000001	2290.0
44.449505000000002	2200.0
44.465857999999997	2370.0
44.479799999999997	2090.0
44.495531468531468	2130.0
44.512267267267269	2380.0
44.527512000000002	2490.0
44.542759999999994	2090.0
44.557991999999999	2510.0
44.573239999999998	2280.0
44.588471999999996	2060.0
44.601880000000001	2080.0
44.619568000000001	2200.0
44.63355	2120.0
44.649986000000006	2270.0
44.662030000000001	2470.0
44.675911999999997	2670.0
44.691149850149849	2120.0
44.70521221221221	2450.0
44.718019999999996	2230.0
44.731872000000003	2320.0
44.746675000000003	2300.0
44.760155844155847	2340.0
44.772890890890892	2490.0
44.786831999999997	2490.0
44.801825000000001	2340.0
44.815481518481519	2470.0
44.82754654654655	2330.0
44.842903999999997	2580.0
44.858974999999994	2640.0
44.873272	2260.0
44.88852	2130.0
44.901907999999999	2160.0
44.918750000000003	2330.0
44.932577999999999	2470.0
44.949805194805194	2460.0
44.962780780780783	2480.0
44.976275000000001	2710.0
44.991191999999998	2210.0
45.00526	2430.0
45.020214000000003	2450.0
45.035424999999996	2180.0
45.050598999999998	2530.0
45.066800000000001	2300.0
45.081223999999999	2590.0
45.094185000000003	2530.0
45.109855000000003	2260.0
45.124990000000004	2140.0
45.142268000000001	2460.0
45.155610000000003	2130.0
45.169139000000001	2210.0
45.185300000000005	2180.0
45.199580000000005	2210.0
45.214800000000004	2210.0
45.230894105894102	2010.0
45.242957957957955	2350.0
45.260640000000002	2190.0
45.273820000000001	2480.0
45.287970059880237	2670.0
45.303867735470945	2210.0
45.318279720279719	2250.0
45.333257257257259	2320.0
45.347461000000003	2180.0
45.363	2480.0
45.379628000000004	2090.0
45.393324999999997	2410.0
45.407911999999996	1980.0
45.423159999999996	2340.0
45.438816000000003	2280.0
45.455640000000002	2260.0
45.470286999999999	2220.0
45.481188811188808	2410.0
45.497336336336339	1950.0
45.512599599599596	2300.0
45.525978000000002	2420.0
45.542839999999998	1900.0
45.557480000000005	2290.0
45.572560000000003	2310.0
45.587792	2500.0
45.601660000000003	2710.0
45.617556	2460.0
45.634115000000001	2330.0
45.647563999999996	2350.0
45.662999999999997	2440.0
45.680683999999999	2440.0
45.69567	2050.0
45.708998000000001	2570.0
45.723890000000004	2370.0
45.741191999999998	2290.0
45.756433133732536	2260.0
45.771642642642639	2090.0
45.786905905905904	2620.0
45.802224000000002	2500.0
45.818349999999995	2370.0
45.831678000000004	2200.0
45.848739999999999	2290.0
45.863230000000001	2500.0
45.877525000000006	2470.0
45.893378999999996	2420.0
45.908839999999998	2340.0
45.923379999999995	2150.0
45.939609999999995	2350.0
45.956138861138861	2430.0
45.970144144144143	2350.0
45.984534000000004	1920.0
46.001190000000001	2260.0
46.017918999999999	2510.0
46.033760000000001	2350.0
46.048363636363632	2270.0
46.062228228228228	2220.0
46.077688999999999	1990.0
46.093890000000002	2420.0
46.110073999999997	2450.0
46.126049999999999	2100.0
46.139459000000002	2220.0
46.155659999999997	2070.0
46.169048000000004	2230.0
46.185044999999995	2070.0
46.201228999999998	2270.0
46.215850000000003	2360.0
46.230871999999998	2420.0
46.244034999999997	2300.0
46.262233999999999	2110.0
46.277200000000001	2230.0
46.291384000000001	2130.0
46.307079999999999	2000.0
46.321807348560078	2090.0
46.337703219315891	2180.0
46.354059059059054	2310.0
46.368040000000001	2430.0
46.383538999999999	2410.0
46.399070787637086	2220.0
46.41305115346038	2260.0
46.430250000000001	2150.0
46.447154999999995	2270.0
46.461480000000002	2440.0
46.476711999999999	2400.0
46.490090000000002	2350.0
46.504305000000002	2440.0
46.521120000000003	2500.0
46.535879999999999	2200.0
46.552410000000002	1980.0
46.566033898305086	1910.0
46.580290258449303	2430.0
46.594833167825222	2300.0
46.610849746192891	2590.0
46.627104104104106	2180.0
46.64282	2350.0
46.658180000000002	2430.0
46.672840000000001	2320.0
46.687755000000003	2690.0
46.702860000000001	2600.0
46.719107999999999	2550.0
46.733149999999995	2410.0
46.749904999999998	2090.0
46.76444	2350.0
46.781447999999997	2540.0
46.794789999999999	2010.0
46.810928999999994	2480.0
46.826240000000006	2380.0
46.841472000000003	1990.0
46.856720000000003	2130.0
46.874940000000002	2390.0
46.889099999999999	2200.0
46.905375624375623	2040.0
46.920464464464466	2070.0
46.934355000000004	2110.0
46.950180000000003	2500.0
46.965006000000002	2260.0
46.979469999999999	2200.0
46.995505000000001	2030.0
47.011400000000002	2490.0
47.028535999999995	2050.0
47.041817365269459	2410.0
47.057805611222442	2580.0
47.07347	2280.0
47.091230000000003	2180.0
47.105525	2290.0
47.119804999999999	2300.0
47.133146853146854	1740.0
47.150038000000002	2170.0
47.166362362362356	2470.0
47.180146853146852	2150.0
47.195745745745747	2270.0
47.211232000000003	2350.0
47.227134999999997	2670.0
47.242711999999997	2740.0
47.257960000000004	2090.0
47.273703999999995	2350.0
47.289439999999999	2060.0
47.304672000000004	2690.0
47.32029	1990.0
47.335508000000004	2310.0
47.349125000000001	2270.0
47.363843625498006	2050.0
47.380534136546189	2210.0
47.398980000000002	2470.0
47.413105000000002	1980.0
47.425666	2150.0
47.442819999999998	2070.0
47.458072000000001	2430.0
47.475093906093903	2320.0
47.489702702702701	2290.0
47.504800000000003	2310.0
47.521536000000005	2180.0
47.537984999999999	2360.0
47.552855000000001	2540.0
47.567149999999998	2020.0
47.581992	2480.0
47.598269999999999	2580.0
47.61353146853147	2130.0
47.628968968968969	1950.0
47.644835999999998	2050.0
47.658200000000001	2120.0
47.673985999999999	2370.0
47.690219999999997	2230.0
47.704093999999998	2030.0
47.720295	2260.0
47.736216783216783	2400.0
47.749663663663668	2430.0
47.765863863863864	2350.0
47.781119999999994	2310.0
47.797249000000001	2000.0
47.811750000000004	2510.0
47.827634000000003	2270.0
47.843834999999999	2260.0
47.858604999999997	1700.0
47.874220000000001	2210.0
47.889792	2400.0
47.90504	2260.0
47.919238	2380.0
47.933990000000001	2110.0
47.950595999999997	2050.0
47.966999999999999	2160.0
47.982231999999996	2300.0
47.996639999999999	2410.0
48.010640000000002	2300.0
48.029141858141863	2380.0
48.044905905905907	2420.0
48.058350000000004	2210.0
48.072672000000004	2160.0
48.087920000000004	2100.0
48.106939999999994	2310.0
48.122399999999999	2360.0
48.135075999999998	2140.0
48.153099999999995	2240.0
48.166840999999998	2530.0
48.182069999999996	2390.0
48.196929999999995	1750.0
48.213684999999998	2310.0
48.228937999999999	2370.0
48.24436	2510.0
48.261023999999999	2020.0
48.276375000000002	2170.0
48.290278000000001	2180.0
48.304934065934063	2360.0
48.321219219219216	2330.0
48.33598305084746	2040.0
48.352321965897687	2070.0
48.36938	2000.0
48.385564000000002	1970.0
48.401540000000004	2490.0
48.412963999999995	2210.0
48.42915	2490.0
48.445334000000003	2360.0
48.459825000000002	2380.0
48.476526	2380.0
48.492919999999998	2810.0
48.509104000000001	2200.0
48.524640000000005	2390.0
48.540489000000001	2240.0
48.555549999999997	2480.0
48.570352	2230.0
48.585599999999999	2060.0
48.601251748251748	2350.0
48.616690690690689	2360.0
48.631644000000001	2320.0
48.648415	2190.0
48.665317999999999	2200.0
48.679610000000004	2140.0
48.696987999999997	2480.0
48.710710000000006	2390.0
48.727657342657338	2290.0
48.740986013986017	2230.0
48.757183183183187	2300.0
48.770669999999996	2010.0
48.788283	2420.0
48.804769999999998	1960.0
48.817906000000001	2330.0
48.833154999999998	2220.0
48.850673	2090.0
48.868160000000003	2120.0
48.882992015968064	2170.0
48.896336673346696	2220.0
48.911586	2300.0
48.928310000000003	2300.0
48.944112000000004	2430.0
48.959025000000004	2390.0
48.973592000000004	2320.0
48.989080000000001	2360.0
49.005072000000006	2380.0
49.020609999999998	2320.0
49.037455000000001	2320.0
49.0518	2230.0
49.067030000000003	2220.0
49.081325	2200.0
49.098326	2290.0
49.11204	2740.0
49.127803999999998	2140.0
49.144005	2570.0
49.158754999999999	2170.0
49.175047952047947	2260.0
49.189702702702704	2480.0
49.204775000000005	2290.0
49.220959000000001	2240.0
49.235720000000001	2430.0
49.251640000000002	2520.0
49.268389999999997	2120.0
49.282728999999996	2330.0
49.299219999999998	2050.0
49.315629999999999	2480.0
49.329924999999996	2120.0
49.344792999999996	2710.0
49.362399999999994	2250.0
49.375779999999999	2260.0
49.390100000000004	2150.0
49.409139999999994	2350.0
49.42456	2410.0
49.439791999999997	2180.0
49.456655344655346	2220.0
49.470734734734734	2150.0
49.4848	2190.0
49.501095999999997	2190.0
49.516374999999996	2160.0
49.532962999999995	2130.0
49.547890000000002	2340.0
49.562193999999998	2300.0
49.578395	2330.0
49.593805000000003	2120.0
49.608440000000002	2440.0
49.624547999999997	2260.0
49.642164999999999	2300.0
49.658152000000001	2140.0
49.673249999999996	2410.0
49.687632000000001	1830.0
49.70299	2200.0
49.720126	1880.0
49.737279999999998	2160.0
49.748021978021981	2560.0
49.767162162162165	1960.0
49.780621000000004	2210.0
49.79609	2240.0
49.812274000000002	2460.0
49.829149999999998	2280.0
49.843150999999999	2220.0
49.859020000000001	2220.0
49.876044	2070.0
49.891275	2120.0
49.906866000000001	1930.0
49.922850000000004	2100.0
49.937814000000003	2320.0
49.953719999999997	2360.0
49.968952000000002	2200.0
49.984200000000001	2190.0
49.999583999999999	2310.0
50.015678321678323	2510.0
50.031009009009011	2150.0
50.048129353233833	2080.0
50.060443781094527	2450.0
50.077445783132532	2100.0
50.094556886227544	2530.0
50.106833500501509	2240.0
50.123668000000002	2260.0
50.139600000000002	2300.0
50.155509000000002	2160.0
50.170450000000002	2220.0
50.185312000000003	2210.0
50.199490000000004	2040.0
50.216227000000003	2210.0
50.23404	2490.0
50.24888	2020.0
50.26352	2210.0
50.277861000000001	1940.0
50.292499999999997	1870.0
50.312026973026974	2390.0
50.326620620620616	2510.0
50.342711999999999	2590.0
50.357959999999999	2080.0
50.373215999999999	1970.0
50.390369999999997	2370.0
50.403838	2210.0
50.418050000000001	2090.0
50.435617999999998	1920.0
50.450625000000002	2280.0
50.465631999999999	2310.0
50.480879999999999	1760.0
50.495480000000001	2080.0
50.51153	2080.0
50.528666000000001	1900.0
50.544342657342654	2360.0
50.560387387387387	1930.0
50.57732	2240.0
50.592199800199801	2000.0
50.606489489489483	2390.0
50.621283999999996	2140.0
50.637689999999999	2270.0
50.654040999999999	2340.0
50.666870000000003	2070.0
50.683053999999998	2450.0
50.699239999999996	2110.0
50.714472000000001	2180.0
50.72972	2330.0
50.744951999999998	2070.0
50.75855	2430.0
50.776539999999997	2280.0
50.79195	2160.0
50.806911999999997	2020.0
50.821525000000001	2270.0
50.838152999999998	2130.0
50.853560000000002	2040.0
50.868364	2130.0
50.885446553446556	2380.0
50.902342342342344	2170.0
50.916550000000001	2380.0
50.930436	1960.0
50.94708	2590.0
50.962519	2510.0
50.978720000000003	2310.0
50.994792000000004	1870.0
51.009909999999998	2580.0
51.023289000000005	2040.0
51.039490000000001	2020.0
51.053829999999998	2340.0
51.069875000000003	2260.0
51.088540000000002	2130.0
51.105260000000001	1840.0
51.119247999999999	2110.0
51.134644999999999	1870.0
51.148918000000002	2320.0
51.16401998001998	2490.0
51.181830830830833	2120.0
51.197929999999999	2070.0
51.213045999999999	2320.0
51.229399999999998	2360.0
51.244631999999996	2210.0
51.259880000000003	2260.0
51.275626000000003	2310.0
51.292569999999998	2530.0
51.308915999999996	2250.0
51.325494999999997	2130.0
51.338273000000001	2450.0
51.356340000000003	2430.0
51.372523999999999	1760.0
51.387800000000006	2280.0
51.403908999999999	2250.0
51.420940000000002	2390.0
51.43573	2150.0
51.451495000000001	2300.0
51.467667332667332	2130.0
51.483234234234232	2260.0
51.499063999999997	2010.0
51.513629999999999	2360.0
51.529940000000003	2700.0
51.547199999999997	2050.0
51.561627999999999	1880.0
51.575324999999999	2280.0
51.591140000000003	2010.0
51.60942	2070.0
51.625604000000003	2050.0
51.641310000000004	2070.0
51.654871999999997	2100.0
51.670049999999996	2030.0
51.684392467789891	1940.0
51.701393458870164	2100.0
51.719529648241206	1980.0
51.733313253012049	2320.0
51.747467532467532	2310.0
51.763958456973292	2030.0
51.777529828109202	2330.0
51.793414414414414	1910.0
51.809272	2030.0
51.823924999999996	2320.0
51.839846000000001	2100.0
51.853999999999999	2180.0
51.868587999999995	2340.0
51.885885000000002	2020.0
51.901355000000002	2190.0
51.91534	2020.0
51.929440677966099	2060.0
51.945827482447342	2020.0
51.962671999999998	2200.0
51.977800000000002	2260.0
51.992151999999997	2410.0
52.007374999999996	2040.0
52.021654999999996	2430.0
52.037794205794206	2220.0
52.050464464464461	1630.0
52.064525000000003	1780.0
52.082740000000001	2050.0
52.097360000000002	2140.0
52.112071999999998	2070.0
52.12603	2230.0
52.141148999999999	2070.0
52.155149999999999	1990.0
52.172545999999997	2810.0
52.189459999999997	2170.0
52.202511999999999	2240.0
52.218119999999999	2280.0
52.233367999999999	2010.0
52.247240000000005	2330.0
52.262689000000002	1990.0
52.278210000000001	1770.0
52.29119380619381	1950.0
52.308185185185188	1920.0
52.323405000000001	2240.0
52.337699999999998	2010.0
52.353843999999995	1770.0
52.369160000000001	1900.0
52.383555000000001	2120.0
52.39864	2200.0
52.415356000000003	2130.0
52.430425	1760.0
52.445352	2160.0
52.460599999999999	2340.0
52.476936000000002	2110.0
52.492069999999998	1990.0
52.506312000000001	2250.0
52.520740000000004	2330.0
52.535516000000001	1870.0
52.551724999999998	2190.0
52.566534465534467	1920.0
52.582288288288289	2220.0
52.596752000000002	1860.0
52.612124999999999	2420.0
52.628232000000004	2160.0
52.643450000000001	2150.0
52.657730000000001	2010.0
52.673894999999995	2380.0
52.687418000000001	1940.0
52.702439999999996	2250.0
52.718463999999997	2090.0
52.733919999999998	2410.0
52.749151999999995	2020.0
52.763100000000001	2150.0
52.778835999999998	2130.0
52.793770000000002	1970.0
52.808112000000001	2200.0
52.822900000000004	2190.0
52.838416000000002	2360.0
52.85446953046953	2100.0
52.869061061061061	2140.0
52.884320000000002	2040.0
52.899552	2300.0
52.9148	2020.0
52.930158999999996	2360.0
52.946040000000004	2380.0
52.958576000000001	2270.0
52.975729999999999	2260.0
52.991928999999999	1800.0
53.006350000000005	2230.0
53.023156	2010.0
53.038720000000005	2230.0
53.053940059940061	2090.0
53.069195195195192	2210.0
53.083779999999997	2270.0
53.099285000000002	2280.0
53.112684000000002	2310.0
53.127170829170829	2140.0
53.144767767767767	2320.0
53.160809999999998	2390.0
53.175605999999995	2200.0
53.192120000000003	2330.0
53.207080000000005	2240.0
53.221375000000002	2360.0
53.236362999999997	2180.0
53.254025316455696	2210.0
53.268847893114078	1880.0
53.283560000000001	1770.0
53.298791999999999	2050.0
53.315919999999998	1990.0
53.330379999999998	2190.0
53.34552	2090.0
53.359954999999999	2190.0
53.377221556886226	2260.0
53.39322244488978	2320.0
53.410445000000003	1690.0
53.425489510489513	1770.0
53.441072072072068	2550.0
53.457191999999999	2260.0
53.473835000000001	2190.0
53.490255000000005	2210.0
53.504919999999998	2300.0
53.520474	2000.0
53.5364	1850.0
53.551405000000003	2450.0
53.56606	2480.0
53.582241758241757	2570.0
53.598177177177178	2350.0
53.61162837162837	2180.0
53.627813186813185	2190.0
53.64307107107107	2260.0
53.658305694305689	2250.0
53.673549549549548	1780.0
53.690400000000004	2050.0
53.703014985014988	2080.0
53.720094094094094	1740.0
53.735198000000004	2400.0
53.750369999999997	2230.0
53.764868	2100.0
53.778725000000001	1970.0
53.794406000000002	2160.0
53.80988	1950.0
53.82544	2170.0
53.842874999999999	1960.0
53.856324000000001	1770.0
53.86891	2640.0
53.884729999999998	2050.0
53.899025000000002	2240.0
53.913479000000002	2360.0
53.929720000000003	1990.0
53.946856000000004	2560.0
53.961175000000004	2630.0
53.974558000000002	1990.0
53.989586413586409	2220.0
54.004027027027021	1910.0
54.021345000000004	2200.0
54.035191000000005	1940.0
54.050219999999996	2110.0
54.066403999999999	1740.0
54.07978	2070.0
54.094822999999998	2120.0
54.109639999999999	1980.0
54.124018	1790.0
54.141374999999996	1950.0
54.157558999999999	2040.0
54.172953313536901	1880.0
54.186394579562375	2040.0
