10.876170999999999	42800.0
10.9566	42320.0
10.89353846153846	43200.0
10.972083083083083	40580.0
10.910392	42820.0
10.923904	42010.0
10.943547000000001	41840.0
10.949708000000001	42090.0
10.969696000000001	42180.0
10.916001	40780.0
10.978736	41110.0
10.928824000000001	40850.0
11.011199	40110.0
10.967738000000001	40600.0
10.922637999999999	41100.0
11.032711000000001	40030.0
10.937760000000001	39730.0
11.054012	41600.0
10.977216350947158	38300.0
10.979530591775326	39350.0
11.025468	38180.0
11.009052736318408	39060.0
11.057866331658291	39360.0
10.991464000000001	39260.0
11.046101999999999	39160.0
11.017676646706587	39160.0
11.088637274549098	38560.0
11.059585999999999	39430.0
11.007772000000001	37310.0
11.113683999999999	39020.0
11.006538000000001	38590.0
11.16743	39420.0
11.078202334630351	38280.0
11.189210905349794	39010.0
11.130104000000001	38140.0
11.081212787212786	38090.0
11.169111111111111	39160.0
11.084166	38530.0
11.126706	38620.0
11.146810598626104	38090.0
11.190678899082569	37400.0
11.16784	38920.0
11.108994000000001	37420.0
11.20125	37260.0
11.10688	36780.0
11.272121	36470.0
11.162048	38190.0
11.145144	38400.0
11.250682999999999	36970.0
11.15654	37010.0
11.298346	36260.0
11.190685314685314	37550.0
11.235228228228229	37910.0
11.276084000000001	37510.0
11.227352	36470.0
11.284497999999999	37590.0
11.21757	35880.0
11.309009999999999	36870.0
11.262912	37790.0
11.292679999999999	37140.0
11.335129999999999	37250.0
11.212910000000001	35880.0
11.420565999999999	35200.0
11.267795	35080.0
11.359976	36800.0
11.35468	37400.0
11.298228	35340.0
11.416248	36230.0
11.339517482517483	36560.0
11.412689689689691	36770.0
11.350912000000001	37390.0
11.41432	36510.0
11.405051	35750.0
11.419504	35020.0
11.466370000000001	36110.0
11.344387000000001	36020.0
11.538884000000001	37230.0
11.385035999999999	36890.0
11.502132	36220.0
11.50216	36080.0
11.389603999999999	34910.0
11.573005999999998	34220.0
11.452319999999999	36440.0
11.550951999999999	36380.0
11.493721278721278	35400.0
11.51199099099099	35910.0
11.559241999999999	34090.0
11.534747999999999	35490.0
11.594812000000001	34950.0
11.48972	35450.0
11.639605	35340.0
11.548713999999999	34210.0
11.625862000000001	35270.0
11.657220000000001	35010.0
11.496504	34990.0
11.744192	34440.0
11.588875	34860.0
11.700136000000001	36350.0
11.669516000000002	33580.0
11.639208	34570.0
11.746988	32220.0
11.688649350649351	35430.0
11.776315789473685	33490.0
11.676989919354838	34320.0
11.800006	35050.0
11.753059642147118	34120.0
11.799692692692691	33760.0
11.857958793969848	34380.0
11.6808	33770.0
11.859517140058765	34520.0
11.700351378958119	32870.0
11.894444	34390.0
11.898904	35120.0
11.792731999999999	33120.0
11.975271000000001	33450.0
11.864604	33710.0
11.967318000000001	36120.0
11.890805194805194	34520.0
11.954282282282282	34480.0
11.970848	33110.0
11.970217000000002	33810.0
12.053104000000001	33510.0
11.882066000000002	32200.0
12.118269000000002	34740.0
11.957948	33780.0
12.063512000000001	33790.0
12.112811000000001	35320.0
11.924759999999999	33070.0
12.185416	33790.0
12.027643000000001	33940.0
12.141976	33410.0
12.195406464250734	34130.0
12.236948051948051	32880.0
12.173928425357873	33760.0
12.121105894105893	33380.0
12.219787787787787	32780.0
12.071843999999999	33830.0
12.253295999999999	33190.0
12.153848	31210.0
12.212258	31020.0
12.300164000000001	32460.0
12.039363000000002	33520.0
12.38696	33120.0
12.182488000000001	34110.0
12.302898000000001	32850.0
12.297419999999999	33270.0
12.213023999999999	33380.0
12.371416999999999	33540.0
12.2765	32580.0
12.386132	32630.0
12.26527972027972	32150.0
12.380078078078077	32970.0
12.345687999999999	32560.0
12.361798	33120.0
12.456744	34280.0
12.227687999999999	32940.0
12.546017000000001	32240.0
12.331651999999998	32690.0
12.454474000000001	33310.0
12.491378999999998	32340.0
12.326908	33180.0
12.561071999999999	32320.0
12.423036999999999	33150.0
12.53952	32540.0
12.456096000000001	32250.0
12.502669000000001	33970.0
12.541248	31670.0
12.516919080919081	33890.0
12.623542542542543	32860.0
12.424540000000002	32440.0
12.683306	32650.0
12.624365000000001	32520.0
12.417236000000001	32960.0
12.760571999999998	33040.0
12.490931999999999	32610.0
12.718921999999999	34070.0
12.661552	32530.0
12.577036	30990.0
12.730143999999999	31870.0
12.632327999999999	32340.0
12.774528999999999	32260.0
12.642636	32470.0
12.743877999999999	32210.0
12.69353946053946	33370.0
12.764522522522521	31910.0
12.836304	31140.0
12.620994999999999	33320.0
12.917524000000002	32870.0
12.662445999999999	31750.0
12.891573999999999	32320.0
12.877960000000002	31920.0
12.70632	31680.0
12.942086000000002	32340.0
12.785678000000001	32010.0
12.96016	32980.0
12.865224	32910.0
12.893175999999999	33360.0
12.928108	31660.0
12.940085999999999	31940.0
13.042828	32270.0
12.863472527472528	31900.0
13.087690690690691	32570.0
12.910303999999998	32020.0
13.090936000000001	32150.0
13.132774999999999	32250.0
12.894182547642929	31630.0
13.214600000000001	32350.0
12.997059999999999	31330.0
13.210972111553785	31790.0
13.138610441767067	32230.0
13.107609	32280.0
13.205818000000001	32630.0
13.162937999999999	31450.0
13.300633999999999	33540.0
13.149487999999998	31900.0
13.315935999999999	32960.0
13.194170829170828	32310.0
13.327405405405406	32730.0
13.363707999999999	33360.0
13.153098	32140.0
13.497711999999998	32530.0
13.195496	32550.0
13.446642000000001	32250.0
13.388514000000001	32020.0
13.302300000000001	32030.0
13.458959	31960.0
13.34468	31420.0
13.503383999999999	31830.0
13.379024999999999	32710.0
13.469899999999999	33190.0
13.415478	32410.0
13.486466	31930.0
13.562944	32440.0
13.373404595404596	32320.0
13.631557557557556	34140.0
13.387523999999999	32280.0
13.602108000000001	33640.0
13.591233000000001	32150.0
13.444775999999999	31640.0
13.649630109670985	32410.0
13.496330992978937	32050.0
13.657672000000002	31460.0
13.583400000000001	31700.0
13.600378000000001	31850.0
13.618995999999999	31030.0
13.652034090909089	31890.0
13.74255190677966	33360.0
13.590766	31810.0
13.65414990512334	32000.0
13.568681098204857	32300.0
13.764456456456456	31940.0
13.769607999999998	31680.0
13.620462999999999	31970.0
13.859526000000001	31420.0
13.652710000000001	31160.0
13.852591	32110.0
13.788535999999999	31570.0
13.776220000000002	32340.0
13.834742	31930.0
13.790209580838322	32300.0
13.899368737474949	33320.0
13.808753246753248	32300.0
13.925261261261261	32600.0
13.802703999999999	31960.0
13.933242	33400.0
13.952985999999999	32800.0
13.845203796203794	32720.0
14.062606606606607	33220.0
13.802660000000001	32240.0
14.04970977295163	32350.0
13.980831813576495	32350.0
13.951692000000001	30320.0
14.048772	31670.0
13.945831	30710.0
14.093983999999999	32440.0
14.016567999999999	32150.0
14.091669000000001	31510.0
14.021764000000001	33030.0
14.097704	31260.0
14.126942999999999	32770.0
14.049111999999999	33190.0
14.220751999999999	32970.0
13.99137062937063	31870.0
14.245320792079207	31510.0
14.166056000000001	32560.0
14.127651999999999	31410.0
14.261927999999999	32690.0
14.100688	32640.0
14.286187	31750.0
14.203942	32040.0
14.243742514970059	32590.0
14.2775	31960.0
14.233635999999999	31830.0
14.339151999999999	33160.0
14.20243	33360.0
14.342184	33410.0
14.297208000000001	32240.0
14.310644999999999	32220.0
14.438597402597404	31640.0
14.190287999999999	31850.0
14.463705000000001	32470.0
14.335432000000001	32220.0
14.402146	31710.0
14.435879	32270.0
14.334367999999998	33470.0
14.471067999999999	32760.0
14.410354	31260.0
14.501166000000001	33240.0
14.416812	32810.0
14.491838999999999	32430.0
14.489216000000001	33430.0
14.491311999999999	32050.0
14.601395999999999	31930.0
14.407334000000001	32820.0
14.638743999999999	33390.0
14.506860020140987	33020.0
14.576576000000001	32920.0
14.64655044955045	31980.0
14.504336336336337	31460.0
14.676544	31980.0
14.593969999999999	33460.0
14.680308	32640.0
14.636424	32630.0
14.654088	34060.0
14.696305000000001	33210.0
14.678856	32180.0
14.775672	34140.0
14.632398999999999	33400.0
14.802595999999999	34620.0
14.717695999999998	32610.0
14.761318000000001	32470.0
14.857963963963963	32690.0
14.676500000000001	31800.0
14.879138000000001	32150.0
14.773623130608177	32160.0
14.851015045135407	32920.0
14.851939	33170.0
14.815201195219123	33180.0
14.894704819277107	33130.0
14.85746	32010.0
14.942984000000001	33200.0
14.844728000000002	31560.0
14.951804347826085	32690.0
14.913730769230769	33010.0
14.936622	33380.0
15.035257999999999	33150.0
14.845215999999999	33220.0
15.071766233766233	32660.0
14.955267267267267	33470.0
15.029833999999999	33810.0
15.057495009980041	32550.0
14.973608216432867	34360.0
15.088136	33790.0
15.034535999999999	33670.0
15.113208	33400.0
15.052186000000001	34330.0
15.106668000000001	32550.0
15.108556	32370.0
15.112895999999999	32860.0
15.203144	34240.0
15.058122999999998	34360.0
15.240413999999999	33400.0
15.133243999999999	33560.0
15.197179820179821	34210.0
15.255822822822823	32340.0
15.14448	33470.0
15.285131000000002	33680.0
15.214212000000002	33470.0
15.285500000000001	32470.0
15.260304435483871	32800.0
15.268359999999999	32950.0
15.307976	32280.0
15.297384000000001	33170.0
15.376520000000001	33430.0
15.275172	33860.0
15.402483999999999	33140.0
15.332036	32100.0
15.378672000000002	34070.0
15.457229	33030.0
15.313021999999998	32970.0
15.484522388059702	32760.0
15.394578313253012	31050.0
15.468428428428428	33410.0
15.470143999999999	32490.0
15.443462999999999	33810.0
15.506974	32910.0
15.480331999999999	32960.0
15.552021999999999	33660.0
15.486552	32440.0
15.568396	32550.0
15.532022	35650.0
15.570051999999999	32440.0
15.631492	32330.0
15.513031	31970.0
15.685894416243656	33120.0
15.573127999999999	31630.0
15.654542457542457	32480.0
15.670561561561561	34820.0
15.619982	32910.0
15.703131226053641	32570.0
15.658774058577407	33630.0
15.732507999999999	32170.0
15.693244999999999	32240.0
15.73607	32590.0
15.729252000000001	32220.0
15.753564000000001	30730.0
15.7966	32680.0
15.723136	32280.0
15.841212723658051	33430.0
15.810203219315897	33250.0
15.786104	32810.0
15.876264000000001	32920.0
15.778272000000001	32130.0
15.894027972027972	33130.0
15.860033033033034	32050.0
15.880877999999999	31040.0
15.893151999999999	31810.0
15.884706999999999	32230.0
15.941416	32220.0
15.915272	30700.0
15.976771000000001	33180.0
15.916048000000002	32860.0
15.99372	32760.0
15.989282000000001	31570.0
15.968291999999998	32860.0
16.069752000000001	33550.0
15.941058	33580.0
16.085756	31190.0
16.044288000000002	32390.0
16.067001998001999	32820.0
16.105930930930931	32920.0
16.068087999999999	30450.0
16.148001999999998	31560.0
16.111048	31890.0
16.167822000000001	31240.0
16.123471000000002	32260.0
16.182596	32290.0
16.191867999999999	31870.0
16.172134	33740.0
16.26277	31900.0
16.137176	32280.0
16.293941	32260.0
16.234936000000001	32490.0
16.247568000000001	32680.0
16.311923	31490.0
16.234656000000001	31710.0
16.338892107892107	32740.0
16.296196196196195	32710.0
16.339728000000001	32760.0
16.328848000000001	31920.0
16.347076000000001	31720.0
16.381665999999999	33030.0
16.361604	32690.0
16.437861000000002	32620.0
16.344168	31760.0
16.461079999999999	30620.0
16.426694999999999	32330.0
16.422428	33010.0
16.512080000000001	33200.0
16.405418999999998	32280.0
16.531188	31330.0
16.488464	32930.0
16.520066933066932	32680.0
16.532318318318318	31890.0
16.520821999999999	32780.0
16.578344999999999	33190.0
16.551416	33700.0
16.616441584158416	33130.0
16.556701010101008	31910.0
16.632325999999999	31940.0
16.625775999999998	32400.0
16.616201596806388	32420.0
16.710464929859718	32300.0
16.584339999999997	32290.0
16.730267999999999	34080.0
16.682846000000001	32010.0
16.703146	32080.0
16.743031999999999	32070.0
16.7026	32530.0
16.778990009990007	31850.0
16.750763763763764	31840.0
16.80039	32320.0
16.767642000000002	33790.0
16.812861999999999	32480.0
16.827696	33240.0
16.820516000000001	31690.0
16.885824999999997	32150.0
16.797374000000001	32190.0
16.919052000000001	32270.0
16.87641	31840.0
16.893384000000001	31550.0
16.940872000000002	31450.0
16.889413000000001	31060.0
16.970182000000001	31520.0
16.942727999999999	32640.0
16.980337662337661	31490.0
16.970183000000002	31880.0
16.987990990990991	31960.0
17.013839000000001	31520.0
17.005458000000001	32670.0
17.063397999999999	33020.0
17.005904999999998	32700.0
17.093271999999999	32740.0
17.061744000000001	32310.0
17.080793	31990.0
17.137869999999999	31320.0
17.062985999999999	31540.0
17.164683	31210.0
17.124587999999999	31180.0
17.16348	31300.0
17.174206999999999	32540.0
17.17191	31910.0
17.210632367632368	31480.0
17.203619619619619	32220.0
17.249576000000001	32840.0
17.214335999999999	31150.0
17.275614000000001	32590.0
17.258416	31570.0
17.282242	34050.0
17.330285999999997	32960.0
17.258459999999999	31880.0
17.368919999999999	32630.0
17.318894999999998	31960.0
17.365954000000002	32550.0
17.381456	33060.0
17.365988999999999	30810.0
17.41696	29850.0
17.400607999999998	32340.0
17.45560839160839	31930.0
17.430084084084086	32880.0
17.456990000000001	31480.0
17.48799	32640.0
17.465136000000001	33130.0
17.535176	33080.0
17.47081	32240.0
17.5564	31610.0
17.548568	30680.0
17.532046999999999	33240.0
17.599615999999997	32650.0
17.545967999999998	33080.0
17.619054347826086	33910.0
17.602526315789476	32200.0
17.620024000000001	31050.0
17.635197999999999	31210.0
17.638684000000001	32460.0
17.676713286713284	31860.0
17.659511857707511	32450.0
17.712369807497467	31390.0
17.669314	32710.0
17.731576999999998	32520.0
17.738864	33080.0
17.718640000000001	33200.0
17.800364999999999	33380.0
17.727305999999999	33560.0
17.815736000000001	30940.0
17.803696000000002	33710.0
17.810559999999999	31190.0
17.844723999999999	33030.0
17.827867000000001	32720.0
17.880734	32850.0
17.861474000000001	33530.0
17.903636363636366	33760.0
17.886243243243246	32840.0
17.926704000000001	31970.0
17.946463000000001	33240.0
17.925357999999999	32750.0
18.001866	32620.0
17.928557999999999	33110.0
18.021515999999998	33700.0
18.008839999999999	34760.0
18.005534999999998	33530.0
18.057748	33990.0
18.025361277445111	31810.0
18.087843843843842	33310.0
18.07426126126126	33630.0
18.103456000000001	32750.0
18.102817999999999	32640.0
18.121873999999998	33150.0
18.155645354645355	32800.0
18.135740740740744	32480.0
18.199752	32500.0
18.147629370629371	33340.0
18.222645645645645	33870.0
18.225024000000001	33350.0
18.204930000000001	32240.0
18.275804000000001	33530.0
18.225376000000001	31820.0
18.297007999999998	33220.0
18.287158000000002	32140.0
18.304911999999998	33420.0
18.326274000000002	33760.0
18.327589	32610.0
18.370872000000002	33300.0
18.356183999999999	33970.0
18.408056943056941	32520.0
18.379975975975974	34250.0
18.433166	33550.0
18.447237999999999	32250.0
18.426232000000002	31980.0
18.509432	34560.0
18.444821999999998	32870.0
18.521402000000002	32510.0
18.519644	33470.0
18.523140999999999	33110.0
18.559671999999999	33080.0
18.543203999999999	32320.0
18.594000000000001	32230.0
18.584233999999999	32140.0
18.617193999999998	32760.0
18.610181000000001	33460.0
18.641096000000001	33660.0
18.663767232767235	34520.0
18.648214214214214	33130.0
18.708474000000002	32780.0
18.663310000000003	33360.0
18.726084	34450.0
18.728572	33540.0
18.723064000000001	33800.0
18.770028	33990.0
18.74681	35540.0
18.794	35350.0
18.787183000000002	33320.0
18.815975999999999	33520.0
18.825624000000001	34100.0
18.841280000000001	34070.0
18.875961999999998	33890.0
18.862639999999999	34330.0
18.919417582417584	33590.0
18.885525525525527	35110.0
18.944099999999999	32880.0
18.956826	33300.0
18.938549999999999	32970.0
19.005512	33400.0
18.966431	33400.0
19.026896000000001	34220.0
19.025684315684316	33570.0
19.039174174174175	33990.0
19.064128	33790.0
19.065636000000001	33710.0
19.100163999999999	33580.0
19.097168	33720.0
19.133412	32660.0
19.123760000000001	33010.0
19.159051999999999	33460.0
19.171857142857142	33640.0
19.166474474474477	33350.0
19.221104	34800.0
19.178967611336031	32500.0
19.233664000000001	33480.0
19.249779999999998	34060.0
19.243326	34130.0
19.291163999999998	33630.0
19.283437125748502	34360.0
19.32296392785571	33890.0
19.323216000000002	33290.0
19.346456	33690.0
19.353988000000001	35010.0
19.376412000000002	34460.0
19.403416	35120.0
19.386800000000001	32950.0
19.441168831168831	33980.0
19.413576576576578	32560.0
19.457905999999998	34700.0
19.471657999999998	33950.0
19.459060000000001	33270.0
19.508668	35390.0
19.489298999999999	32790.0
19.533536000000002	33830.0
19.53866	33100.0
19.554397999999999	32100.0
19.577335999999999	32180.0
19.5854	34940.0
19.620251	33830.0
19.609956	34420.0
19.655059999999999	33040.0
19.639980999999999	33120.0
19.676316	32480.0
19.699994005994007	33330.0
19.679703999999997	33550.0
19.740335999999999	33190.0
19.713486	34550.0
19.757014999999999	33280.0
19.763192	34010.0
19.767992	33510.0
19.797315000000001	33870.0
19.797338	34370.0
19.833359999999999	33850.0
19.829055999999998	34150.0
19.864723999999999	33310.0
19.865220000000001	34470.0
19.892779000000001	33260.0
19.921514000000002	33600.0
19.906141999999999	33020.0
19.966402597402599	34540.0
19.937224000000001	33160.0
19.988143999999998	34670.0
19.997886000000001	34150.0
19.997984000000002	33520.0
20.034772	34530.0
20.031003999999999	33860.0
20.065656000000001	31430.0
20.067916	34420.0
20.091266999999998	33370.0
20.101368000000001	34210.0
20.115003999999999	33830.0
20.139536	34140.0
20.140079999999998	33790.0
20.176311999999999	34310.0
20.161135999999999	34260.0
20.197960000000002	33880.0
20.20991809908999	34360.0
20.212353	34210.0
20.2559	33310.0
20.245715999999998	33950.0
20.285201000000001	32730.0
20.291937999999998	33510.0
20.311275449101796	33270.0
20.329001002004009	33420.0
20.341567999999999	34250.0
20.368472000000001	35180.0
20.372	33180.0
20.407965999999998	34380.0
20.403444	33560.0
20.436884000000003	34960.0
20.447620000000001	34890.0
20.454915999999997	33200.0
20.493898898898898	34550.0
20.478244	34110.0
20.519533999999997	31840.0
20.523686999999999	34100.0
20.539335999999999	34490.0
20.557479999999998	33510.0
20.566533	34440.0
20.591000000000001	34080.0
20.596579999999999	34020.0
20.621493000000001	34080.0
20.621687999999999	32800.0
20.648163999999998	35240.0
20.658999999999999	33960.0
20.665992000000003	34190.0
20.6963698630137	33710.0
20.683047999999999	34330.0
20.731000000000002	33190.0
20.733161161161163	33590.0
20.754112000000003	34130.0
20.774666	34530.0
20.776171999999999	33690.0
20.812999999999999	33800.0
20.819216000000001	34190.0
20.844272	34570.0
20.851293000000002	33140.0
20.874431999999999	33150.0
20.891999999999999	34730.0
20.904937	33630.0
20.934544000000002	33670.0
20.925848605577688	33990.0
20.967736947791163	33760.0
20.97124975222993	32760.0
20.991225806451613	35740.0
21.018617617617618	34400.0
21.013588000000002	32970.0
21.050463999999998	34870.0
21.054957999999999	33420.0
21.079608	35060.0
21.091214000000001	33470.0
21.105445	35190.0
21.131087999999998	34080.0
21.126224000000001	33280.0
21.157550000000001	35290.0
21.165033999999999	35810.0
21.183112000000001	34700.0
21.208624	34460.0
21.202324000000001	33640.0
21.242719999999998	34060.0
21.23573	33970.0
21.266384615384617	33940.0
21.282830000000001	34650.0
21.287892892892891	34950.0
21.316528000000002	34150.0
21.321055999999999	35090.0
21.349891	34640.0
21.360465999999999	34870.0
21.384518	35000.0
21.395050999999999	34310.0
21.411548	34020.0
21.441064000000001	33230.0
21.434234999999997	33670.0
21.474958000000001	33900.0
21.470198	34690.0
21.501984	33960.0
21.524272	33430.0
21.52555244755245	35100.0
21.561618618618617	33830.0
21.563468	34630.0
21.587592000000001	33970.0
21.600053000000003	34300.0
21.615843999999999	35650.0
21.634260000000001	35940.0
21.646664000000001	34990.0
21.67285	34450.0
21.677309999999999	34400.0
21.709641999999999	34760.0
21.71368	35700.0
21.733415999999998	35810.0
21.759775000000001	35290.0
21.759160000000001	35220.0
21.796882	34620.0
21.80033966033966	34900.0
21.826081081081082	33580.0
21.844383999999998	36130.0
21.856356000000002	34910.0
21.878565999999999	35220.0
21.889454000000001	35270.0
21.915025	36130.0
21.924751999999998	35070.0
21.946016	36390.0
21.956751000000001	36430.0
21.972466000000001	36840.0
21.997071999999999	36520.0
21.999058999999999	35440.0
22.036008000000002	36050.0
22.039496	35850.0
22.063012999999998	36340.0
22.082999999999998	35410.0
22.092020979020976	36260.0
22.118640640640638	36010.0
22.128447999999999	37440.0
22.153200000000002	37170.0
22.166489000000002	36790.0
22.186664	37900.0
22.201362	36870.0
22.217824	37240.0
22.242572000000003	35300.0
22.248000000000001	37420.0
22.280075999999998	37460.0
22.282091999999999	36740.0
22.305432	39690.0
22.328757	38220.0
22.330895999999999	37010.0
22.359392996108948	38510.0
22.36249434737924	38690.0
22.387	38940.0
22.402999999999999	38720.0
22.418212999999998	38390.0
22.436	38160.0
22.447759999999999	39450.0
22.46902	40140.0
22.479570000000002	41340.0
22.505118	38270.0
22.512841000000002	40210.0
22.531983999999998	40690.0
22.555296000000002	39930.0
22.557991999999999	40550.0
22.589093999999999	40380.0
22.593318	40550.0
22.615862	41630.0
22.633568	42040.0
22.645777222777223	41920.0
22.668052052052051	41370.0
22.678584000000001	43020.0
22.699912000000001	43460.0
22.710999999999999	42110.0
22.730919999999998	43510.0
22.74464	42720.0
22.761029000000001	41730.0
22.782934000000001	42860.0
22.786000000000001	42330.0
22.818372999999998	44400.0
22.82188	44700.0
22.843697302697304	46720.0
22.866	45380.0
22.873487999999998	45400.0
22.898893999999999	44380.0
22.908573426573426	46940.0
22.932162162162165	46890.0
22.946000000000002	46860.0
22.963632	46940.0
22.980456	48750.0
22.995559999999998	48250.0
23.020524999999999	49250.0
23.027000000000001	49880.0
23.056512000000001	49190.0
23.065655	51220.0
23.083891999999999	50660.0
23.108884000000003	51420.0
23.110388	51250.0
23.137392000000002	52360.0
23.150976	51060.0
23.168396999999999	53640.0
23.187374000000002	52380.0
23.20068931068931	53100.0
23.223506506506506	55020.0
23.23564	54920.0
23.256955999999999	54890.0
23.267690999999999	56250.0
23.288358000000002	58070.0
23.305634000000001	57100.0
23.319441558441561	58430.0
23.344598598598598	59930.0
23.346223999999999	58340.0
23.374638999999998	58390.0
23.384741999999999	60490.0
23.401346	60450.0
23.423521999999998	62440.0
23.432776	61920.0
23.454432000000001	64540.0
23.467956043956043	64040.0
23.486324324324325	64470.0
23.499155999999999	65570.0
23.517307000000002	65510.0
23.534744	68690.0
23.546447999999998	67290.0
23.568944000000002	67420.0
23.576576000000003	70650.0
23.600950000000001	71800.0
23.615209999999998	70830.0
23.627268000000001	74810.0
23.652148	73570.0
23.658275	74880.0
23.681014000000001	74090.0
23.692717999999999	74350.0
23.710025000000002	77030.0
23.725928	79600.0
23.740714285714287	81250.0
23.759496496496496	82340.0
23.769216350947158	81740.0
23.790645937813437	84360.0
23.799562000000002	84770.0
23.824476000000001	84710.0
23.837172000000002	89500.0
23.850622999999999	88810.0
23.879034000000001	90190.0
23.882743999999999	93090.0
23.910254000000002	93220.0
23.924688	92490.0
23.941488	93820.0
23.960692307692309	97520.0
23.973764705882353	96470.0
23.996735999999999	99750.0
24.010025974025972	101440.0
24.031090090090089	101870.0
24.043004	104390.0
24.063006000000001	106790.0
24.082704	107320.0
24.093722	108540.0
24.116182999999999	110700.0
24.122920000000001	114900.0
24.145720000000001	114290.0
24.161332000000002	117880.0
24.176871999999999	117540.0
24.199762	120640.0
24.207127	122570.0
24.229275999999999	125760.0
24.239708	125700.0
24.259256999999998	127150.0
24.273554000000001	130610.0
24.289434565434565	133800.0
24.30852952952953	136690.0
24.322672000000001	139880.0
24.345392	140060.0
24.353483999999998	143360.0
24.376415999999999	145860.0
24.392970000000002	147350.0
24.407463999999997	150300.0
24.430496000000002	154170.0
24.438511999999999	156500.0
24.461765	158500.0
24.476454	162600.0
24.493450000000003	165680.0
24.510323	167370.0
24.5246	174580.0
24.544384000000001	174230.0
24.556934065934065	178580.0
24.577648648648648	183390.0
24.588031999999998	187150.0
24.606241000000001	186540.0
24.623259999999998	192030.0
24.632583999999998	196910.0
24.657055	199800.0
24.663553999999998	199380.0
24.684794	206880.0
24.69801	211040.0
24.711756194251734	214330.0
24.729609485368314	220570.0
24.744339	229370.0
24.768356000000001	226050.0
24.783252000000001	230910.0
24.803362999999997	239040.0
24.815576	243630.0
24.830438561438559	242640.0
24.846020020020021	251770.0
24.857340000000001	254110.0
24.881450000000001	259350.0
24.888804999999998	264630.0
24.910336000000001	272280.0
24.925144	275330.0
24.940322000000002	283050.0
24.960498000000001	286010.0
24.97156	289940.0
24.990774000000002	298840.0
25.005252000000002	299900.0
25.024699999999999	310700.0
25.040124000000002	318920.0
25.054473999999999	323390.0
25.073528	333130.0
25.086923076923078	335720.0
25.104891891891892	350590.0
25.119176	357960.0
25.139219999999998	356610.0
25.153662000000001	359580.0
25.167760000000001	373140.0
25.188010000000002	380710.0
25.199787999999998	387760.0
25.218104	398020.0
25.234909999999999	404870.0
25.248726000000001	405790.0
25.266434	419570.0
25.282658000000001	426870.0
25.300704	432740.0
25.314688	440130.0
25.333762	452120.0
25.350542000000001	460860.0
25.369146853146855	471360.0
25.383330330330331	474180.0
25.397012	484880.0
25.419736	489350.0
25.43102	500840.0
25.451937999999998	509590.0
25.468958000000001	521820.0
25.483302000000002	528190.0
25.503343999999998	538560.0
25.517992	549740.0
25.536834489593659	557090.0
25.552362260343088	564220.0
25.570717999999999	576210.0
25.587451999999999	583400.0
25.605652694610775	592180.0
25.623959919839677	606770.0
25.637722277722279	614710.0
25.660099099099099	626500.0
25.673317999999998	638220.0
25.697013999999999	650660.0
25.711575999999997	658560.0
25.722687999999998	671480.0
25.742719000000001	680060.0
25.754826000000001	694000.0
25.775359999999999	698690.0
25.792048000000001	707380.0
25.806324	721690.0
25.822572000000001	730310.0
25.837849000000002	736400.0
25.857389221556886	749840.0
25.87306613226453	757020.0
25.892219999999998	765040.0
25.904415999999998	773180.0
25.921968031968031	786160.0
25.936362362362363	790900.0
25.952280000000002	802890.0
25.972936000000001	803060.0
25.986256000000001	814630.0
26.002856000000001	820420.0
26.017751999999998	824190.0
26.03462	843520.0
26.051545999999998	837960.0
26.065244	840730.0
26.083856999999998	851850.0
26.098424000000001	850380.0
26.117256000000001	861010.0
26.132110000000001	866290.0
26.150480000000002	869490.0
26.166732	864990.0
26.178000999000997	872960.0
26.200207207207207	873980.0
26.21256	872870.0
26.233364999999999	873000.0
26.249155999999999	877440.0
26.265577999999998	867350.0
26.285091000000001	866520.0
26.299191999999998	863390.0
26.317514970059882	857340.0
26.332639278557114	851170.0
26.350724550898203	843980.0
26.368166332665332	837000.0
26.383576000000001	832960.0
26.402031999999998	827680.0
26.417244	812450.0
26.436169	807980.0
26.450882	800630.0
26.466655344655344	790690.0
26.484451	784980.0
26.49708	769940.0
26.517016000000002	767970.0
26.530465	752810.0
26.546704000000002	744450.0
26.562296	740850.0
26.578841000000001	735340.0
26.594872000000002	735290.0
26.608864000000001	732980.0
26.626165	739740.0
26.638065999999998	731980.0
26.655760000000001	736650.0
26.672214	734220.0
26.688824	732670.0
26.701208000000001	735750.0
26.71883016983017	734320.0
26.735702	735550.0
26.750006000000003	735220.0
26.768077000000002	736270.0
26.785416000000001	729970.0
26.801235999999999	731090.0
26.818193999999998	716910.0
26.833944000000002	713310.0
26.849972000000001	711210.0
26.865414999999999	703300.0
26.883855999999998	692970.0
26.899255999999998	687290.0
26.915767000000002	684910.0
26.933838000000002	674500.0
26.949292	663460.0
26.968878999999998	659680.0
26.982075924075925	652740.0
27.002006006006006	643760.0
27.017964999999997	636720.0
27.034298	615480.0
27.052128	598270.0
27.068815000000001	576510.0
27.086296000000001	555780.0
27.104271999999998	528390.0
27.121198	493960.0
27.13861	465420.0
27.155846	430680.0
27.173216	390350.0
27.186404	350240.0
27.207215999999999	330070.0
27.224364999999999	311620.0
27.241264000000001	295740.0
27.261251748251748	291310.0
27.276601601601602	285690.0
27.296584000000003	275480.0
27.309536000000001	265340.0
27.328149	266310.0
27.346675999999999	255940.0
27.365154	255180.0
27.383610000000001	248800.0
27.397907999999997	243050.0
27.415996	242940.0
27.430161000000002	239140.0
27.448993999999999	231370.0
27.466669999999997	234720.0
27.482614999999999	227430.0
27.500368000000002	220620.0
27.512626746506985	222090.0
27.534309999999998	218560.0
27.545686939182449	214730.0
27.564606330365972	215770.0
27.581939148073022	213010.0
27.596976000000002	210720.0
27.611872000000002	206650.0
27.627576000000001	208290.0
27.645531999999999	204510.0
27.662494527363183	202840.0
27.679182914572863	201130.0
27.694631999999999	202380.0
27.712104	198620.0
27.730447000000002	201340.0
27.742540000000002	196870.0
27.760524	198740.0
27.776714999999999	193650.0
27.792704000000001	192790.0
27.809402597402595	192930.0
27.824403403403402	196900.0
27.843574	195010.0
27.856767999999999	189050.0
27.874137000000001	191530.0
27.890087999999999	190890.0
27.905749003984063	188450.0
27.922688755020079	189910.0
27.940052000000001	185980.0
27.957848000000002	187300.0
27.970410000000001	187040.0
27.987472	185360.0
28.004020000000001	186380.0
28.018103	184530.0
28.035898000000003	184480.0
28.050101999999999	184180.0
28.069814999999998	185070.0
28.085757242757243	184980.0
28.102450450450451	184630.0
28.120353999999999	188020.0
28.136732000000002	188530.0
28.155884	185790.0
28.171510999999999	182860.0
28.187715999999998	187310.0
28.203498507462683	183420.0
28.22178894472362	187070.0
28.239298701298704	183170.0
28.256085085085086	186910.0
28.273977000000002	184580.0
28.289216	183410.0
28.308104	187690.0
28.322206999999999	185660.0
28.340144000000002	185590.0
28.356967032967031	183280.0
28.373944944944945	181810.0
28.392536	185140.0
28.408208000000002	184170.0
28.426117999999999	182720.0
28.441139999999997	189590.0
28.456403999999999	186190.0
28.473614999999999	186280.0
28.493080000000003	184930.0
28.510520000000003	184360.0
28.523972000000004	188430.0
28.542986000000003	188480.0
28.559370000000001	189700.0
28.575378000000004	188550.0
28.594176000000004	187940.0
28.609811999999998	188050.0
28.628953999999997	190660.0
28.644653346653346	190770.0
28.661385385385383	191400.0
28.676817	189240.0
28.695351999999996	191490.0
28.711864000000002	188000.0
28.726865	193130.0
28.742809999999999	191590.0
28.755897999999998	193400.0
28.774620000000002	193320.0
28.790816	189390.0
28.806619999999999	191380.0
28.823535999999997	193830.0
28.840510000000002	191370.0
28.85642303969022	195840.0
28.87225025853154	194500.0
28.891031999999999	191850.0
28.908452547452548	195890.0
28.922955955955956	196170.0
28.939795999999998	195270.0
28.957082	194680.0
28.975114999999999	192160.0
28.989836327345309	194960.0
29.007012024048095	197580.0
29.024696000000002	194440.0
29.040909999999997	195610.0
29.058585999999998	196070.0
29.072972999999998	198540.0
29.089744000000003	201960.0
29.111767999999998	202130.0
29.128443000000001	200920.0
29.142958	198210.0
29.160331999999997	202000.0
29.176117000000001	201220.0
29.193818181818184	203470.0
29.211266266266264	199620.0
29.227873999999996	200950.0
29.243863999999999	200670.0
29.260888000000001	201720.0
29.277214999999998	207340.0
29.295391999999996	202490.0
29.312928000000003	204970.0
29.330807	211180.0
29.345141999999996	204820.0
29.362966	204530.0
29.381793000000002	205220.0
29.395735999999999	207340.0
29.411948000000002	210070.0
29.432012000000004	207470.0
29.446652000000004	208470.0
29.464286713286715	209510.0
29.480927927927926	209180.0
29.499568	211210.0
29.515384000000001	208120.0
29.534251000000001	214560.0
29.552410000000002	213420.0
29.566853999999999	210860.0
29.585598999999998	215500.0
29.602259999999998	216330.0
29.619167999999998	214230.0
29.636187000000003	216670.0
29.654183999999997	214770.0
29.671345999999996	220130.0
29.689617999999999	218550.0
29.707432000000001	221420.0
29.722247999999997	221120.0
29.740037999999998	219750.0
29.758256743256744	221260.0
29.775280280280281	220690.0
29.791715	225540.0
29.807270633397316	224630.0
29.823427974947812	227250.0
29.842649000000002	226500.0
29.862012000000004	224390.0
29.877571999999997	226000.0
29.895337000000001	227730.0
29.910956183057451	224160.0
29.930232	228720.0
29.945704477611937	230900.0
29.964780904522613	227920.0
29.983447999999999	230740.0
30.000114999999997	231360.0
30.01606	230950.0
30.033415584415582	231800.0
30.050957957957959	231680.0
30.067504	237590.0
30.084528000000002	236090.0
30.100814999999997	240510.0
30.116759999999996	238860.0
30.136959999999998	237230.0
30.151843	236600.0
30.169558000000002	233990.0
30.187531999999997	241110.0
30.202515000000002	244600.0
30.218788	242520.0
30.235507999999999	243730.0
30.249528999999999	244060.0
30.26831	244330.0
30.285105999999999	245180.0
30.302207792207795	246350.0
30.318153153153155	247620.0
30.334728000000002	247260.0
30.351065000000002	249680.0
30.367744000000002	247530.0
30.382373999999999	246470.0
30.398776000000002	251660.0
30.415784000000002	248520.0
30.431820000000002	247740.0
30.448849397590362	255560.0
30.467140000000001	251130.0
30.479559999999999	251230.0
30.499374	248370.0
30.514863999999999	252960.0
30.531888000000002	257180.0
30.547172000000003	253790.0
30.562892000000002	257100.0
30.580919080919081	256640.0
30.597929929929929	254630.0
30.614943999999998	258270.0
30.629724000000003	255460.0
30.645165000000002	254700.0
30.660236000000001	258600.0
30.677914171656688	261670.0
30.695014	258910.0
30.710152000000004	255020.0
30.728663999999998	260360.0
30.743438000000001	262230.0
30.762064000000002	262130.0
30.777816000000001	262910.0
30.792096000000001	262230.0
30.80866	264640.0
30.826143999999999	265110.0
30.841845154845156	266240.0
30.85713813813814	264840.0
30.874167999999997	265050.0
30.891176000000002	268370.0
30.906535999999999	264760.0
30.922319999999999	267930.0
30.937314000000001	270270.0
30.958209999999998	266790.0
30.974325999999998	269540.0
30.991833000000003	270510.0
31.005856000000001	275000.0
31.02102	272260.0
31.037957999999996	276580.0
31.055909999999997	276550.0
31.071411999999999	275150.0
31.086815000000001	273720.0
31.103344	273620.0
31.120357642357639	274790.0
31.13666066066066	278260.0
31.153383999999996	277330.0
31.169569999999997	279770.0
31.188217999999999	274480.0
31.203496000000001	282310.0
31.220447999999998	280250.0
31.237546999999996	285560.0
31.255607569721118	279270.0
31.273652610441768	284730.0
31.290652999999999	283740.0
31.305847999999997	278220.0
31.32516	285440.0
31.343123000000002	288140.0
31.357475999999998	283210.0
31.374742514970059	284180.0
31.393873873873872	290330.0
31.410132132132134	288140.0
31.428184000000002	287970.0
31.443913999999999	286490.0
31.462451999999999	290220.0
31.480626000000001	289770.0
31.498614999999997	293040.0
31.514768	294970.0
31.532855999999999	293530.0
31.551388999999997	291580.0
31.569822000000002	296810.0
31.584660079051382	295650.0
31.601209514170041	293450.0
31.617259999999998	298930.0
31.635960000000001	292560.0
31.654776000000002	296340.0
31.671110000000002	301790.0
31.689270729270731	298420.0
31.706812812812814	307070.0
31.722095999999997	303270.0
31.740703999999997	297520.0
31.758630799605132	301440.0
31.774642201834862	301320.0
31.793652000000002	302010.0
31.808895999999997	304960.0
31.826148000000003	302960.0
31.843619999999998	306620.0
31.861048999999998	306510.0
31.879075999999998	311380.0
31.895466000000003	308860.0
31.912976000000004	311020.0
31.929984000000001	308280.0
31.947696000000001	311460.0
31.96425374625375	310120.0
31.984276276276276	315060.0
32.001170000000002	309980.0
32.016173999999999	312400.0
32.039059999999999	313410.0
32.055019999999999	315520.0
32.070965000000001	314640.0
32.087298000000004	314020.0
32.105902	316400.0
32.124493999999999	311200.0
32.140912	316270.0
32.159168000000001	315300.0
32.176175999999998	318880.0
32.192609999999995	319640.0
32.207294000000005	321790.0
32.226019999999998	321550.0
32.245752000000003	323200.0
32.261580419580419	319020.0
32.277363363363364	320980.0
32.297125999999999	322130.0
32.310288	324260.0
32.327458	324570.0
32.345872	323030.0
32.360327999999996	321260.0
32.377877999999995	322700.0
32.395676000000002	325770.0
32.410969999999999	327460.0
32.427836999999997	321470.0
32.445907999999996	322600.0
32.463408000000001	322570.0
32.481067000000003	326030.0
32.495567999999999	328140.0
32.512225999999998	325190.0
32.531122877122876	334870.0
32.547558558558556	330490.0
32.564487999999997	328190.0
32.579526999999999	328680.0
32.597409999999996	325950.0
32.614001999999999	329720.0
32.633094	327510.0
32.648544000000001	326080.0
32.665915999999996	331380.0
32.681932000000003	334920.0
32.696584000000001	330510.0
32.713070000000002	336330.0
32.730817999999999	333890.0
32.746631999999998	330030.0
32.764103999999996	332230.0
32.779283	330200.0
32.797310756972109	332880.0
32.81283450351053	332210.0
32.830676676676681	327400.0
32.84966	333990.0
32.865727999999997	331970.0
32.882394000000005	330150.0
32.898446	332990.0
32.916575999999999	333230.0
32.930776000000002	334000.0
32.948208000000001	337380.0
32.965807999999996	332450.0
32.982816	330450.0
33.001666	336030.0
33.017814000000001	338250.0
33.034596999999998	332510.0
33.048648	336770.0
33.066624000000004	340080.0
33.082951048951053	336720.0
33.100897897897894	337020.0
33.118809571286143	342760.0
33.134130391173521	338460.0
33.152575999999996	343570.0
33.168711999999999	336780.0
33.187043000000003	341460.0
33.202357999999997	343690.0
33.220883999999998	338200.0
33.238014	338430.0
33.252896	342960.0
33.269676000000004	338870.0
33.287056	340470.0
33.304817999999997	337340.0
33.319634000000001	340420.0
33.337794820717136	343780.0
33.354156626506018	346310.0
33.373103960396037	342040.0
33.388970677451972	346750.0
33.406144000000005	338940.0
33.422969999999999	340300.0
33.438654	338700.0
33.455156000000002	343560.0
33.473432000000003	343490.0
33.489215999999999	342400.0
33.506737999999999	343590.0
33.523092000000005	342910.0
33.541179	342470.0
33.555743999999997	343320.0
33.574359999999999	345090.0
33.592295999999997	345900.0
33.605727999999999	341410.0
33.624243999999997	347420.0
33.641360360360359	343840.0
33.660260000000001	349010.0
33.676367999999997	344340.0
33.693376000000001	347790.0
33.709562000000005	346590.0
33.723731999999998	341300.0
33.740217999999999	338460.0
33.757495999999996	342990.0
33.775559999999999	345440.0
33.794455999999997	344780.0
33.812117999999998	345070.0
33.828769999999999	343360.0
33.845495999999997	344430.0
33.862504000000001	344930.0
33.882252000000001	345110.0
33.897594000000005	340800.0
33.914475524475527	340000.0
33.929553553553554	347180.0
33.946415000000002	343320.0
33.962584	341350.0
33.980184000000001	342360.0
33.998615999999998	342430.0
34.015210000000003	336930.0
34.032603999999999	343340.0
34.049574	338390.0
34.066871999999996	343260.0
34.084019999999995	341220.0
34.101427000000001	343060.0
34.118678642714571	341720.0
34.133150300601201	341290.0
34.149736000000004	340400.0
34.167727999999997	340190.0
34.184719280719278	338830.0
34.200761761761761	342100.0
34.218132000000004	341390.0
34.236807999999996	342190.0
34.254117000000001	341580.0
34.272188	338250.0
34.288992	340240.0
34.305837999999994	339440.0
34.323864	339800.0
34.343360000000004	338940.0
34.360534000000001	337190.0
34.378103718199611	335510.0
34.394251533742327	338830.0
34.415290999999996	336660.0
34.430141999999996	341330.0
34.448963999999997	332510.0
34.464036999999998	337210.0
34.481982017982013	336140.0
34.499556556556556	339430.0
34.518011999999999	331730.0
34.532024	332640.0
34.549425999999997	335530.0
34.566615000000006	333480.0
34.584072000000006	336750.0
34.600951999999999	328310.0
34.618358000000001	330900.0
34.634716000000004	330130.0
34.651885999999998	331540.0
34.668315	333910.0
34.684260000000002	328600.0
34.702116000000004	327570.0
34.721164999999999	334740.0
34.737183999999999	330940.0
34.754067932067933	330390.0
34.770003003003005	325430.0
34.786752	323490.0
34.805247999999999	326370.0
34.821865000000003	321230.0
34.838718	325070.0
34.856805999999999	324170.0
34.872553000000003	321110.0
34.888947999999999	327600.0
34.905619999999999	320060.0
34.923107000000002	318950.0
34.940343999999996	318370.0
34.955572000000004	321080.0
34.974298000000005	318110.0
34.993312000000003	321220.0
35.00732	316970.0
35.023403980099502	312610.0
35.040357429718874	315670.0
35.057370808678499	316830.0
35.074626395939084	316430.0
35.092059999999996	317090.0
35.108488000000001	313670.0
35.125495999999998	314520.0
35.142504000000002	310770.0
35.159528000000002	310060.0
35.176535999999999	311920.0
35.195111999999995	310990.0
35.21172	307950.0
35.226754	303830.0
35.244524950099795	308420.0
35.258722000000006	304920.0
35.278514999999999	308020.0
35.294623999999999	302920.0
35.312555444555443	308250.0
35.331773773773776	308440.0
35.347017999999998	305800.0
35.363720430107527	310310.0
35.379969293756396	301500.0
35.398248000000002	306380.0
35.415120000000002	305440.0
35.433078000000002	302500.0
35.447074000000001	302490.0
35.464364000000003	300680.0
35.481776000000004	299880.0
35.498784000000001	297660.0
35.515808	294220.0
35.5328008008008	299680.0
35.549824000000001	297520.0
35.567382000000002	296380.0
35.586132999999997	294040.0
35.60055544455544	297440.0
35.617979979979978	295520.0
35.636034000000002	293110.0
35.652397999999998	287880.0
35.669370000000001	289670.0
35.685935999999998	292580.0
35.702944000000002	290550.0
35.720716000000003	291690.0
35.737165000000005	289990.0
35.753984000000003	289340.0
35.770070000000004	287600.0
35.789014999999999	288860.0
35.805152	287000.0
35.823792000000005	285550.0
35.839055999999999	282270.0
35.855809999999998	286050.0
35.873035964035964	283840.0
35.891705705705711	282360.0
35.908104000000002	284290.0
35.924112000000001	279790.0
35.941848999999998	282010.0
35.958876000000004	279490.0
35.975866000000003	276490.0
35.990893	278700.0
36.008831999999998	275710.0
36.025320000000001	275210.0
36.044118000000005	275250.0
36.058238000000003	272760.0
36.076248	274660.0
36.093397000000003	277620.0
36.111671999999999	273090.0
36.130288	270600.0
36.146633999999999	269200.0
36.163084915084916	267660.0
36.180861861861864	265290.0
36.197856999999999	265890.0
36.215344000000002	265400.0
36.231720000000003	270040.0
36.247665000000005	270330.0
36.265158	264710.0
36.284084	264970.0
36.301415999999996	264530.0
36.316322803553803	261140.0
36.334476000000002	266350.0
36.352182999999997	263390.0
36.366771999999997	260470.0
36.385488000000002	259580.0
36.402777	259430.0
36.421445759368837	257000.0
36.439189463019247	257600.0
36.454997997997999	258170.0
36.470407999999999	258170.0
36.484372	255940.0
36.503881	251830.0
36.521135999999998	253810.0
36.538395999999999	250950.0
36.556466999999998	254980.0
36.572710000000001	247630.0
36.590626	251840.0
36.609492000000003	249030.0
36.622872000000001	249210.0
36.642192000000001	246680.0
36.661465	249530.0
36.677115999999998	251630.0
36.693086000000001	250850.0
36.709893999999998	245740.0
36.725252747252746	243860.0
36.742855855855851	246880.0
36.759554000000001	241640.0
36.777132000000002	239820.0
36.796284	240670.0
36.811413000000002	238590.0
36.827824	239700.0
36.847631999999997	242520.0
36.865847000000002	239530.0
36.880918000000001	238220.0
36.898887999999999	242230.0
36.915533999999994	234860.0
36.931635999999997	235460.0
36.950927999999998	232830.0
36.967936000000002	232500.0
36.986246000000001	237820.0
37.002970029970029	235790.0
37.018863013698628	233460.0
37.036227226202662	229480.0
37.054359281437129	229230.0
37.070507014028053	228990.0
37.085396000000003	230930.0
37.105559999999997	231480.0
37.120232999999999	223630.0
37.138064	223540.0
37.155224000000004	228320.0
37.173833999999999	225380.0
37.18891	223350.0
37.205902000000002	224380.0
37.224815	223870.0
37.241911999999999	224080.0
37.259720000000002	223580.0
37.276176	219500.0
37.292027972027974	220590.0
37.310115115115117	221080.0
37.328215999999998	221610.0
37.345223999999995	221710.0
37.363076	218440.0
37.379365	217440.0
37.396263999999995	216780.0
37.415287999999997	213740.0
37.432133999999998	217150.0
37.446871999999999	211790.0
37.461743999999996	214540.0
37.480064999999996	214250.0
37.497011999999998	209380.0
37.514572000000001	213320.0
37.531759000000001	208490.0
37.550908	209950.0
37.567223776223777	211770.0
37.58275975975976	210780.0
37.600138000000001	208150.0
37.616669999999999	207650.0
37.633296442687751	203080.0
37.648639676113362	204210.0
37.666456000000004	200710.0
37.683557999999998	203330.0
37.70241	199380.0
37.71837	202690.0
37.734315000000002	200330.0
37.750544000000005	200270.0
37.766523999999997	198590.0
37.78322	198120.0
37.801636000000002	198440.0
37.818145999999999	197800.0
37.833812999999999	197290.0
37.851603396603394	197990.0
37.868915915915913	195000.0
37.883282999999999	194010.0
37.902225999999999	192070.0
37.919688000000001	189500.0
37.935715000000002	195200.0
37.951615384615387	192630.0
37.966603396603396	191600.0
37.983217434869736	191850.0
38.002510000000001	189950.0
38.019364000000003	189420.0
38.037776000000001	188710.0
38.053511999999998	181800.0
38.068807999999997	186500.0
38.086917999999997	188010.0
38.103596000000003	182220.0
38.119159840159845	181660.0
38.136592592592592	182780.0
38.154668000000001	181250.0
38.169272727272727	180980.0
38.187756756756755	180510.0
38.204903999999999	183220.0
38.221869999999996	177070.0
38.237813186813185	181640.0
38.253930930930927	175910.0
38.271712000000001	175850.0
38.289732000000001	175100.0
38.304358000000001	172850.0
38.321570000000001	175600.0
38.338015999999996	175330.0
38.356151999999994	169600.0
38.374017946161516	174760.0
38.39034068136273	173850.0
38.407060060060061	171250.0
38.423270000000002	169430.0
38.439215000000004	168690.0
38.457048	170550.0
38.474135999999994	168700.0
38.492136000000002	165830.0
38.508876000000001	169270.0
38.524762000000003	164330.0
38.543393000000002	166240.0
38.558183999999997	167820.0
38.575596000000004	167750.0
38.592314000000002	166300.0
38.608738000000002	165150.0
38.62567	164120.0
38.642256000000003	161270.0
38.662080000000003	161180.0
38.678741258741262	161690.0
38.696124124124125	159970.0
38.711516000000003	158420.0
38.729285999999995	158610.0
38.747335999999997	160970.0
38.76426	158300.0
38.780811999999997	158440.0
38.799742999999999	158210.0
38.814932000000006	158310.0
38.832056000000001	153940.0
38.847619000000002	153910.0
38.865960000000001	153470.0
38.882448000000004	153960.0
38.901820000000001	152420.0
38.918501999999997	151730.0
38.933770000000003	153080.0
38.949703296703298	152130.0
38.966501501501504	149980.0
38.985344000000005	149960.0
39.001564999999999	150400.0
39.018543999999999	148450.0
39.035567999999998	148680.0
39.052414999999996	143800.0
39.068584000000001	145150.0
39.085608000000001	145650.0
39.102967	142520.0
39.12021	146320.0
39.135213999999998	142300.0
39.151738000000002	144410.0
39.169663999999997	140840.0
39.189360000000001	142700.0
39.204771999999998	142950.0
39.219909999999999	144110.0
39.240142857142857	142510.0
39.25405105105105	141340.0
39.271727999999996	138040.0
39.289816000000002	140010.0
39.307331999999995	138270.0
39.321131999999999	139290.0
39.339570000000002	138370.0
39.356116999999998	135060.0
39.374175648702597	136240.0
39.391829659318638	133240.0
39.408365000000003	134070.0
39.424309999999998	133460.0
39.440888000000001	131210.0
39.457215000000005	135360.0
39.473904000000005	132120.0
39.492544000000002	129760.0
39.509051948051948	131430.0
39.525942942942947	129230.0
39.542968000000002	130130.0
39.560915000000001	128010.0
39.576984000000003	128160.0
39.593820000000001	127240.0
39.609765000000003	130440.0
39.626338000000004	130360.0
39.644425999999996	127930.0
39.661615000000005	128180.0
39.678063999999999	128340.0
39.696224000000001	124880.0
39.713464999999999	125310.0
39.729410000000001	125310.0
39.746885999999996	124040.0
39.765777999999997	120920.0
39.781376000000002	122140.0
39.797205794205794	121020.0
39.813198	121750.0
39.83211	120990.0
39.848208	122430.0
39.865618000000005	118370.0
39.883960000000002	118470.0
39.900576000000001	118250.0
39.917864999999999	117270.0
39.934263999999999	117080.0
39.950251999999999	117720.0
39.966296	117040.0
39.984591999999999	117670.0
40.000203999999997	117790.0
40.016336000000003	115020.0
40.034177999999997	112910.0
40.052266000000003	114300.0
40.069360639360639	112520.0
40.086407999999999	111990.0
40.104407999999999	112990.0
40.121113999999999	114540.0
40.136852000000005	110820.0
40.154892000000004	109820.0
40.171137999999999	112740.0
40.189059999999998	110570.0
40.204552	109970.0
40.221558000000002	110750.0
40.239503999999997	107550.0
40.258502	109480.0
40.273651999999998	107840.0
40.289543999999999	106570.0
40.309111999999999	106300.0
40.326576000000003	107110.0
40.342610000000001	105950.0
40.35962962962963	103130.0
40.377313000000001	105830.0
40.391952000000003	103840.0
40.411103999999995	105250.0
40.429074	103370.0
40.445726000000001	103400.0
40.464269999999999	104160.0
40.480215000000001	102570.0
40.497791999999997	102650.0
40.514512000000003	101500.0
40.531407000000002	100120.0
40.548009999999998	102000.0
40.564768000000001	98990.0
40.58522	100410.0
40.599088000000002	99940.0
40.614820000000002	100480.0
40.633800800800806	97430.0
40.650824	98080.0
40.667847999999999	98090.0
40.684855999999996	97690.0
40.702770229770231	96790.0
40.721143143143145	95550.0
40.737757999999999	96700.0
40.753927999999995	96600.0
40.771160000000002	94940.0
40.788072999999997	91800.0
40.804628000000001	94750.0
40.822716	92610.0
40.838354000000002	94160.0
40.854984000000002	94000.0
40.872008000000001	90700.0
40.891016999999998	95480.0
40.908767232767232	93030.0
40.922161161161164	91140.0
40.940438	93450.0
40.958556000000002	89740.0
40.975360000000002	92930.0
40.994333999999995	91260.0
41.009660000000004	88340.0
41.026128	89710.0
41.043135999999997	89510.0
41.061411999999997	89590.0
41.077772000000003	87750.0
41.094936999999994	88420.0
41.111359999999998	87530.0
41.129095999999997	85850.0
41.144314000000001	86770.0
41.163181999999999	86140.0
41.177324675324677	84730.0
41.195102102102098	86890.0
41.211672	85050.0
41.230823999999998	85310.0
41.249296000000001	85770.0
41.266697999999998	86160.0
41.283411999999998	83710.0
41.300899000000001	80730.0
41.318760000000005	83820.0
41.334720000000004	82990.0
41.353509000000003	80700.0
41.367514	82830.0
41.386760000000002	82500.0
41.402614	80530.0
41.419423999999999	80820.0
41.437391999999996	79170.0
41.452820000000003	81350.0
41.472999999999999	80540.0
41.487692692692697	79810.0
41.505777000000002	78210.0
41.522815999999999	78810.0
41.539752	76560.0
41.558064999999999	77000.0
41.574544000000003	76870.0
41.591568000000002	76860.0
41.608575999999999	76340.0
41.627032	74680.0
41.644608000000005	76310.0
41.660764999999998	76030.0
41.67671	75780.0
41.693648000000003	76010.0
41.713574000000001	77380.0
41.728871999999996	76690.0
41.747349650349648	75280.0
41.762683683683683	75520.0
41.779409999999999	73030.0
41.796802	74580.0
41.816156999999997	74430.0
41.832292000000002	71690.0
41.848315999999997	72300.0
41.865776000000004	73060.0
41.882109999999997	70820.0
41.898808000000002	72720.0
41.916617000000002	73600.0
41.932096000000001	70450.0
41.950703999999995	71340.0
41.968847000000004	70730.0
41.986917999999996	71830.0
42.004652	69990.0
42.019896000000003	68750.0
42.036412587412585	68810.0
42.052838838838838	70540.0
42.071936000000001	70480.0
42.089812000000002	70190.0
42.107469999999999	68870.0
42.123975999999999	67070.0
42.140983999999996	68240.0
42.159383999999996	66500.0
42.174011999999998	68820.0
42.192465999999996	66040.0
42.210926000000001	65580.0
42.228997	66390.0
42.244067932067935	66230.0
42.26214014014014	65820.0
42.280226999999996	65120.0
42.297716000000001	65090.0
42.313381618381619	66620.0
42.331445445445446	66920.0
42.347608000000001	66610.0
42.363959999999999	64030.0
42.382665000000003	62680.0
42.398609999999998	64040.0
42.415846000000002	61870.0
42.432514999999995	63290.0
42.448459999999997	62410.0
42.466904	58940.0
42.486038000000001	61750.0
42.501356000000001	62250.0
42.519252000000002	61690.0
42.534376999999999	61520.0
42.552447999999998	61180.0
42.570327999999996	61220.0
42.587336000000001	59850.0
42.603671328671325	60030.0
42.620550550550547	59850.0
42.638914999999997	60440.0
42.656906467661692	58400.0
42.674203015075378	57210.0
42.691718000000002	58320.0
42.709423999999999	58230.0
42.726447999999998	59190.0
42.743456000000002	58240.0
42.761921722113506	55690.0
42.776574642126789	57310.0
42.792527	59270.0
42.810503999999995	57700.0
42.827686	57210.0
42.845314999999999	57890.0
42.862679999999997	58300.0
42.882214785214785	54830.0
42.898156156156155	56920.0
42.913635999999997	56080.0
42.930146000000001	57650.0
42.946413999999997	55670.0
42.964615999999999	56210.0
42.981919999999995	55040.0
42.998643356643356	57240.0
43.01566166166166	55430.0
43.034524000000005	54520.0
43.048752999999998	54590.0
43.070703999999999	54390.0
43.087403999999999	55220.0
43.101735999999995	56250.0
43.118510000000001	53730.0
43.135960000000004	54340.0
43.155414999999998	54080.0
43.171777222777223	52870.0
43.188312312312313	52550.0
43.205367000000003	53020.0
43.222210000000004	52680.0
43.240203999999999	51230.0
43.258597000000002	53190.0
43.275864000000006	52300.0
43.292888000000005	52300.0
43.310826999999996	52180.0
43.326909999999998	52640.0
43.344044000000004	49200.0
43.362935999999998	51160.0
43.380127999999999	51150.0
43.397967999999999	49660.0
43.414975999999996	50160.0
43.431609999999999	50090.0
43.448438561438564	50900.0
43.465507507507503	49240.0
43.483151999999997	48740.0
43.499164	48250.0
43.516438000000001	49010.0
43.535572000000002	49790.0
43.553087999999995	49190.0
43.571857999999999	47430.0
43.586272000000001	48800.0
43.604135999999997	48850.0
43.622207000000003	47680.0
43.639876000000001	48590.0
43.655563999999998	47900.0
43.673915000000001	48030.0
43.690184000000002	48780.0
43.708759999999998	47200.0
43.726863000000002	46970.0
43.742729270729271	48180.0
43.760818818818819	46870.0
43.775691999999999	47650.0
43.791967999999997	45380.0
43.810823999999997	46830.0
43.826633999999999	48080.0
43.843303999999996	44730.0
43.861286	46800.0
43.878377999999998	46750.0
43.897260000000003	44760.0
43.913516000000001	44380.0
43.931587	45260.0
43.948836	45820.0
43.965422000000004	45350.0
43.982812000000003	45250.0
43.998815999999998	44800.0
44.01532967032967	45640.0
44.03163063063063	44270.0
44.049464	44470.0
44.068641999999997	44050.0
44.084153000000001	46010.0
44.101348000000002	43260.0
44.119436	44040.0
44.137506999999999	45210.0
44.152577999999998	42500.0
44.170665999999997	43140.0
44.188737000000003	43740.0
44.206136000000001	44410.0
44.222183999999999	43470.0
44.240615999999996	42720.0
44.258451999999998	42570.0
44.275691999999999	43420.0
44.292197000000002	42400.0
44.308447552447554	42150.0
44.326018018018019	41910.0
44.342965	42890.0
44.361291999999999	42930.0
44.380444000000004	43320.0
44.397736000000002	41220.0
44.413760000000003	40440.0
44.429864000000002	41910.0
44.448665000000005	40920.0
44.46461	41010.0
44.481045999999999	41860.0
44.498815999999998	42330.0
44.516188	39840.0
44.534275999999998	40700.0
44.550382999999997	41170.0
44.568080000000002	41210.0
44.585643356643359	40180.0
44.602571571571573	39250.0
44.618415999999996	42160.0
44.636544000000001	40770.0
44.653064999999998	39840.0
44.670877999999995	39600.0
44.689892430278881	39080.0
44.703915000000002	41820.0
44.720108000000003	39170.0
44.737819999999999	39930.0
44.754016	38510.0
44.771640718562871	39490.0
44.789651302605208	39070.0
44.806497	38780.0
44.822552000000002	37240.0
44.839792000000003	37860.0
44.856203000000001	38640.0
44.874172827172828	40020.0
44.8920999000999	39120.0
44.909130260521039	37750.0
44.925260000000002	38990.0
44.943116000000003	39360.0
44.95722	39240.0
44.978183999999999	39150.0
44.995070000000005	38390.0
45.011216000000005	37650.0
45.028224000000002	39160.0
45.046231999999996	37760.0
45.063300999999996	37980.0
45.077718000000004	38360.0
45.094769999999997	37370.0
45.110714999999999	38150.0
45.129235999999999	37610.0
45.146609390609392	37280.0
45.161790790790789	37470.0
45.18168	37400.0
45.19847	37470.0
45.217298000000007	36490.0
45.230383999999994	37090.0
45.247408	37580.0
45.264868999999997	37360.0
45.283781999999995	36440.0
45.298448	36620.0
45.316138000000002	36230.0
45.333655999999998	35860.0
45.350423999999997	36820.0
45.367964999999998	36100.0
45.385097999999999	35840.0
45.403185999999998	35270.0
45.417651999999997	35350.0
45.434314685314689	35080.0
45.451565565565566	35310.0
45.470398000000003	35950.0
45.484662	36650.0
45.503646000000003	35190.0
45.521212000000006	36230.0
45.534459999999996	35670.0
45.551559999999995	34730.0
45.570782999999999	35770.0
45.586018000000003	34980.0
45.603270000000002	34520.0
45.620657999999999	35100.0
45.638704000000004	35700.0
45.654511999999997	34130.0
45.670735999999998	35600.0
45.687744000000002	34010.0
45.704755244755241	34770.0
45.722634634634638	34420.0
45.741632000000003	34220.0
45.755844000000003	33460.0
45.772866999999998	34160.0
45.791052000000001	34510.0
45.809670000000004	34500.0
45.825374000000004	35690.0
45.841167999999996	34210.0
45.858888	34590.0
45.875895999999997	33470.0
45.893397999999998	33810.0
45.910927999999998	34310.0
45.927935999999995	34620.0
45.94426	32900.0
45.961716000000003	33610.0
45.978165000000004	33220.0
45.996716283716289	34740.0
46.014944944944943	34300.0
46.029958167330676	32960.0
46.047024	33720.0
46.064175999999996	33440.0
46.082247000000002	32950.0
46.099809999999998	33860.0
46.116405999999998	32790.0
46.134477000000004	33510.0
46.151215999999998	32540.0
46.166620000000002	33340.0
46.184277999999999	32860.0
46.201509999999999	33440.0
46.218865999999998	32730.0
46.236031620553362	33180.0
46.253149797570849	31650.0
46.269306693306696	33400.0
46.286215215215215	33530.0
46.302224000000002	32940.0
46.319403999999999	33070.0
46.338115000000002	32520.0
46.354264000000001	32840.0
46.371019999999994	33280.0
46.387295999999999	32940.0
46.405486000000003	32990.0
46.422496000000002	32810.0
46.437857000000001	32280.0
46.455928	33440.0
46.474664000000004	32320.0
46.493086999999996	32850.0
46.508836000000002	33010.0
46.525407999999999	32140.0
46.544218000000001	32150.0
46.561408591408586	31050.0
46.578476000000002	32790.0
46.596274000000001	31960.0
46.611618	30760.0
46.629269999999998	31160.0
46.645495999999994	31520.0
46.662847999999997	31500.0
46.680120000000002	30840.0
46.697478000000004	32470.0
46.715009999999999	31190.0
46.730969999999999	31070.0
46.746915000000001	31450.0
46.765032000000005	31890.0
46.782608000000003	32290.0
46.798765000000003	31900.0
46.816538000000001	31410.0
46.833632367632369	32000.0
46.849696999999999	30580.0
46.867767999999998	32680.0
46.885856000000004	31770.0
46.903233999999998	31360.0
46.918703999999998	31150.0
46.936444000000002	32460.0
46.953893999999998	31950.0
46.970227999999999	32590.0
46.987220000000001	30780.0
47.004387000000001	31590.0
47.022458	32170.0
47.038311377245513	30910.0
47.054809619238476	31730.0
47.069232	30480.0
47.087703999999995	32440.0
47.106820179820183	30190.0
47.122756000000003	31190.0
47.138124000000005	30380.0
47.156172000000005	31210.0
47.170392	30950.0
47.189236000000001	31640.0
47.206935999999999	31220.0
47.224378000000002	30910.0
47.242466	31850.0
47.257731999999997	31560.0
47.273608000000003	30100.0
47.289631999999997	31260.0
47.307517999999995	30010.0
47.323396000000002	29790.0
47.340926000000003	31520.0
47.356174000000003	31150.0
47.378059940059941	30490.0
47.394073073073073	32150.0
47.411358	30410.0
47.42991	31280.0
47.446386000000004	30440.0
47.463494000000004	30630.0
47.480295999999996	30680.0
47.499167999999997	31490.0
47.515665000000006	31040.0
47.532184000000001	30140.0
47.549208	31010.0
47.568318999999995	29270.0
47.584696000000001	31650.0
47.602904000000002	31870.0
47.622038000000003	30880.0
47.640217999999997	29850.0
47.654323000000005	31290.0
47.674121121121125	30170.0
47.689160000000001	31300.0
47.705743999999996	29220.0
47.724336000000001	29980.0
47.742011999999995	31330.0
47.759174000000002	29980.0
47.774836999999998	30700.0
47.793432000000003	30960.0
47.812584000000001	29750.0
47.827812000000002	30750.0
47.844138000000001	30400.0
47.862226	29960.0
47.880296999999999	30670.0
47.899272000000003	30820.0
47.913584	31040.0
47.933464999999998	29890.0
47.9495024975025	29490.0
47.966671671671669	32070.0
47.984757000000002	30640.0
48.002544	30280.0
48.019916000000002	30510.0
48.037576000000001	29510.0
48.054583999999998	30800.0
48.071608000000005	32320.0
48.089216999999998	31620.0
48.105295999999996	30080.0
48.122376000000003	29240.0
48.140447000000002	30410.0
48.159371999999998	31560.0
48.176687999999999	30510.0
48.190753000000001	29850.0
48.210704	28880.0
48.227834165834167	30310.0
48.245722722722725	30620.0
48.262509999999999	30340.0
48.279066	29620.0
48.296776000000001	29200.0
48.313783999999998	30100.0
48.331296000000002	29580.0
48.348815999999999	29800.0
48.366427572427568	29410.0
48.385198198198196	28150.0
48.402856	29740.0
48.421471999999994	29900.0
48.436284000000001	30440.0
48.454758000000005	28870.0
48.471904000000002	29680.0
48.489159999999998	29880.0
48.509573000000003	30300.0
48.523941058941062	29010.0
48.540955955955951	29580.0
48.558597999999996	29120.0
48.577357999999997	29740.0
48.594570000000004	29870.0
48.612017999999999	29960.0
48.629460000000002	29130.0
48.645420000000001	30940.0
48.664819999999999	29570.0
48.680047999999999	30380.0
48.700178000000001	29910.0
48.716334000000003	29470.0
48.734048000000001	30290.0
48.750127999999997	29890.0
48.767206999999999	29930.0
48.785144000000003	29720.0
48.802362637362634	29960.0
48.820424424424424	30060.0
48.838183999999998	30100.0
48.85558941058941	30470.0
48.873207207207209	28390.0
48.889195999999998	30580.0
48.905825999999998	29980.0
48.923896999999997	29380.0
48.941968000000003	29910.0
48.95852	30570.0
48.975296	29960.0
48.994092000000002	30080.0
49.010370000000002	29710.0
49.028335999999996	28140.0
49.045344	29270.0
49.062812000000001	29530.0
49.081954000000003	29060.0
49.097379620379627	30440.0
49.115072072072074	30030.0
49.132614000000004	30080.0
49.149815999999994	29650.0
49.167919999999995	28670.0
49.185046999999997	29210.0
49.201810000000002	30370.0
49.220641999999998	29570.0
49.236152999999995	30070.0
49.255036000000004	28220.0
49.270711999999996	30240.0
49.287535999999996	28870.0
49.307510000000001	29750.0
49.323568000000002	30090.0
49.340093000000003	29850.0
49.355032000000001	30180.0
49.373603396603393	28590.0
49.390955955955953	30280.0
49.408210000000004	30250.0
49.424170000000004	30040.0
49.442819999999998	28860.0
49.461654345654345	29500.0
49.478682682682688	29950.0
49.494965000000001	28820.0
49.511704000000002	27980.0
49.52787	29890.0
49.546544910179641	29580.0
49.563743486973948	29810.0
49.581816000000003	29640.0
49.599665000000002	29820.0
49.615957999999999	29550.0
49.634046000000005	30470.0
49.651815999999997	30100.0
49.668454545454544	30650.0
49.685266266266268	30300.0
49.702855999999997	30720.0
49.722079999999998	28550.0
49.740270000000002	29870.0
49.756215000000005	29270.0
49.772904000000004	28890.0
49.790735999999995	29030.0
49.808807000000002	29170.0
49.825944	29510.0
49.843966000000002	28990.0
49.860976000000001	29340.0
49.877735999999999	28890.0
49.893383999999998	29200.0
49.911765000000003	29390.0
49.928966000000003	28930.0
49.949174825174822	28460.0
49.967166166166166	29640.0
49.983063999999999	28980.0
50.001224000000001	29490.0
50.017834000000001	29440.0
50.036186000000001	29150.0
50.051853999999999	30040.0
50.070599000000001	29580.0
50.088144	30190.0
50.104219999999998	29620.0
50.123165	30050.0
50.139181636726548	30700.0
50.156452905811626	30400.0
50.175416999999996	29840.0
50.192431999999997	29260.0
50.208559999999999	30000.0
50.227865000000001	28420.0
50.243803196803199	29720.0
50.2607977977978	30020.0
50.278867132867134	29550.0
50.296941941941938	29000.0
50.315743999999995	28390.0
50.332564999999995	28720.0
50.347676	29690.0
50.368858000000003	29860.0
50.384453999999998	28900.0
50.401384	29140.0
50.418672000000001	29240.0
50.437812000000001	29730.0
50.451638000000003	28560.0
50.470559999999999	29020.0
50.490115000000003	29900.0
50.505656000000002	30300.0
50.522883116883122	29510.0
50.542019019019016	29820.0
50.559503999999997	30530.0
50.576528000000003	27480.0
50.594256999999999	28830.0
50.611544000000002	28840.0
50.628568000000001	28600.0
50.648308999999998	29030.0
50.661687999999998	29490.0
50.680683999999999	28760.0
50.699313000000004	28770.0
50.713788000000001	28850.0
50.73142	28670.0
50.748820000000002	28570.0
50.767247999999995	28920.0
50.783360000000002	28560.0
50.803176999999998	28490.0
50.819064935064937	28750.0
50.835329329329326	29840.0
50.853407000000004	29470.0
50.870744000000002	28600.0
50.887768000000001	28580.0
50.904775999999998	29260.0
50.923631999999998	29790.0
50.940808000000004	28910.0
50.958815999999999	29300.0
50.975937999999999	29770.0
50.993670000000002	28940.0
51.010097000000002	29540.0
51.027560000000001	29400.0
51.043887999999995	28610.0
51.061326999999999	29140.0
51.078409999999998	29290.0
51.096033966033964	28760.0
51.113309309309308	29180.0
51.131312000000001	29690.0
51.148967999999996	30120.0
51.165165000000002	29750.0
51.181984	27880.0
51.200883999999995	29000.0
51.219013000000004	28180.0
51.233215999999999	30180.0
51.253169491525419	29160.0
51.27082848545637	29510.0
51.288333999999999	29570.0
51.307816000000003	30500.0
51.322096000000002	28820.0
51.339548000000001	28750.0
51.357635999999999	29760.0
51.373994000000003	28550.0
51.391400599400605	28090.0
51.405674674674678	28670.0
51.426503000000004	27940.0
51.446007999999999	27850.0
51.461432000000002	31060.0
51.478215999999996	29890.0
51.496238000000005	28750.0
51.514248000000002	28450.0
51.531397000000005	28680.0
51.549672000000001	27730.0
51.568288000000003	28950.0
51.583971999999996	28020.0
51.599879999999999	30160.0
51.618411999999999	29220.0
51.635377999999996	28370.0
51.653343999999997	28860.0
51.671004995004992	28020.0
51.688371371371368	29260.0
51.705384000000002	28210.0
51.724083999999998	28840.0
51.739613999999996	28690.0
51.758352000000002	28540.0
51.772615999999999	28660.0
51.795273999999999	28250.0
51.810310000000001	28560.0
51.827578000000003	28690.0
51.847090999999999	29400.0
51.861536000000001	29150.0
51.880527999999998	29760.0
51.898949000000002	29400.0
51.917543999999999	28810.0
51.932175999999998	29310.0
51.948236999999999	29610.0
51.964849150849155	28750.0
51.983180180180184	29350.0
52.000616000000001	28850.0
52.018537999999999	28290.0
52.032713999999999	29070.0
52.053573999999998	29250.0
52.068868263473057	29970.0
52.087328657314629	28800.0
52.102926999999994	29040.0
52.1206993006993	29650.0
52.137360360360361	29180.0
52.154156999999998	27610.0
52.172227999999997	28560.0
52.190315999999996	28420.0
52.207165000000003	28540.0
52.225132000000002	29480.0
52.240574850299403	28300.0
52.259211422845688	28940.0
52.276824000000005	29310.0
52.293848000000004	29210.0
52.310856000000001	28060.0
52.328702	29220.0
52.343124000000003	29230.0
52.361715000000004	28940.0
52.377660000000006	29680.0
52.395160000000004	27960.0
52.414194000000002	28380.0
52.429510000000001	29700.0
52.44547	27770.0
52.462536999999998	28260.0
52.481231999999999	28840.0
52.497632000000003	28370.0
52.514766999999999	29240.0
52.532824175824175	28380.0
52.546534534534537	30270.0
52.565879000000002	28920.0
52.584052	29150.0
52.598224000000002	29010.0
52.617358000000003	28480.0
52.635910000000003	28580.0
52.652128000000005	28760.0
52.669457000000001	28100.0
52.687143999999996	29010.0
52.703720000000004	28220.0
52.720176000000002	30060.0
52.737183999999999	29150.0
52.754207999999998	28260.0
52.771216000000003	29710.0
52.788224	27740.0
52.806061938061937	29350.0
52.823254254254259	26690.0
52.839281437125749	29730.0
52.855305999999999	28150.0
52.873457999999999	29560.0
52.892160000000004	28300.0
52.908327999999997	29240.0
52.925064999999996	28790.0
52.942011999999998	29290.0
52.960368000000003	28500.0
52.976453999999997	29090.0
52.991860000000003	29300.0
53.008996000000003	30080.0
53.027718	29430.0
53.045423999999997	27820.0
53.063226	28010.0
53.077933000000002	28690.0
53.094449550449546	28040.0
53.114391391391393	28260.0
53.130527000000001	27880.0
53.148691999999997	29770.0
53.167211999999999	28860.0
53.182093999999999	28100.0
53.198369154228857	27840.0
53.217170854271359	29520.0
53.234397999999999	27890.0
53.252109999999995	29270.0
53.269683999999998	28070.0
53.285812999999997	29150.0
53.304279999999999	29060.0
53.321192000000003	26770.0
53.336073999999996	28110.0
53.353518000000001	28000.0
53.369756243756242	28830.0
53.391600600600604	28060.0
53.405704	29680.0
53.423051999999998	29090.0
53.442222999999998	27910.0
53.456977999999999	28480.0
53.475065999999998	29990.0
53.492415000000001	29410.0
53.509208000000001	28320.0
53.527783999999997	29210.0
53.545265000000001	28720.0
53.559958125623126	29200.0
53.575832497492478	28960.0
53.593597000000003	29490.0
53.611668000000002	27140.0
53.628888000000003	29060.0
53.644034000000005	27860.0
53.665853146853145	29130.0
53.682865671641792	28270.0
53.698748743718596	27770.0
53.714944000000003	28540.0
53.732216000000001	28650.0
53.749665	29090.0
53.766731999999998	29330.0
53.785007999999998	28180.0
53.801013999999995	28410.0
53.817588000000001	29060.0
53.835675999999999	28540.0
53.853055999999995	28450.0
53.870063999999999	27720.0
53.886270000000003	29300.0
53.904857999999997	28100.0
53.92116	29520.0
53.93905125628141	28290.0
53.956923000000003	28380.0
53.971679999999999	27450.0
53.991771999999997	29520.0
54.007176000000001	27840.0
54.023859999999999	28120.0
54.041371999999996	28310.0
54.060215999999997	29290.0
54.077738000000004	28860.0
54.094670000000001	29610.0
54.111255999999997	27550.0
54.126151999999998	28820.0
54.144592000000003	28180.0
54.161465	27970.0
54.180092000000002	27350.0
54.196370000000002	29740.0
54.214335664335664	29840.0
54.23116316316316	27240.0
54.246960000000001	27690.0
54.267586999999999	27940.0
54.284287999999997	27470.0
54.299084000000001	28240.0
54.318218000000002	28710.0
54.335031999999998	28260.0
54.350448	28710.0
54.368046999999997	28550.0
54.384810000000002	29000.0
54.402923999999999	28280.0
54.421276999999996	28300.0
54.438504000000002	27980.0
54.454620000000006	28850.0
54.471536	27560.0
54.488509490509493	28430.0
54.504650650650653	29000.0
54.522736999999999	27800.0
54.540807999999998	29060.0
54.558027972027972	28100.0
54.573605605605607	27650.0
54.591038000000005	28290.0
54.610081999999998	29390.0
54.627032999999997	27990.0
54.643872000000002	28570.0
54.661020000000001	28140.0
54.678426999999999	27220.0
54.695703999999999	28290.0
54.712728000000006	28820.0
54.728814999999997	28120.0
54.748696000000002	29250.0
54.763815999999998	28150.0
54.781774225774228	27350.0
54.799117117117113	28890.0
54.817807999999999	28930.0
54.834815999999996	28580.0
54.852551999999996	27850.0
54.870419999999996	28760.0
54.886364999999998	28890.0
54.903418000000002	27570.0
54.922742	28110.0
54.939534000000002	28930.0
54.956648000000001	28570.0
54.975543999999999	29550.0
54.992064999999997	27690.0
55.007076000000005	28600.0
55.026961999999997	28900.0
55.044975999999998	28200.0
55.061734265734266	28830.0
55.077556556556559	28840.0
55.097016000000004	28230.0
55.113710000000005	27850.0
55.130804000000005	29250.0
55.148174000000004	28920.0
55.165072000000002	29150.0
55.183655999999999	30030.0
55.201726999999998	29060.0
55.219797999999997	28560.0
55.236370000000001	28230.0
55.252315000000003	29070.0
55.270912000000003	29010.0
55.287219999999998	29170.0
55.306197999999995	28760.0
55.325035999999997	28320.0
55.340208000000004	28930.0
55.357614385614383	28460.0
55.376475475475473	28230.0
55.394248000000005	27850.0
55.410865000000001	28680.0
55.429079999999999	28280.0
55.448805999999998	28120.0
55.464553000000002	28200.0
55.480947999999998	28310.0
55.499744	27680.0
55.516565	27850.0
55.534177999999997	28910.0
55.552266000000003	28380.0
55.569375999999998	28930.0
55.583455999999998	28990.0
55.603407999999995	27670.0
55.620265000000003	28060.0
55.637275724275725	29760.0
55.657418743768694	29130.0
55.674413654618469	27410.0
55.69106	27720.0
55.707956000000003	28230.0
55.726557999999997	27880.0
55.744503999999999	28580.0
55.762186	28590.0
55.779536	29010.0
55.795760000000001	28920.0
55.813416000000004	28690.0
55.829665000000006	27610.0
55.847557999999999	28260.0
55.865570000000005	27320.0
55.881818000000003	26940.0
55.900460000000002	28910.0
55.916872127872125	28810.0
55.934934934934937	29070.0
55.952663999999999	28800.0
55.970524000000005	28170.0
55.989176999999998	28590.0
56.007247999999997	28660.0
56.024120000000003	27890.0
56.040736000000003	29520.0
56.059212000000002	27180.0
56.076768000000001	27330.0
56.093775999999998	28400.0
56.110784000000002	28830.0
56.127808000000002	28510.0
56.145883767535075	28690.0
56.164595999999996	28240.0
56.180025999999998	28870.0
56.198097000000004	28900.0
56.215859140859138	27520.0
56.233245245245243	29660.0
56.250889110889112	29370.0
56.268882882882885	27570.0
56.286369999999998	28210.0
56.304178	27840.0
56.321944000000002	28060.0
56.33822	28280.0
56.357408999999997	28600.0
56.375858000000001	28750.0
56.392070000000004	29180.0
56.409016000000001	28090.0
56.426023999999998	28380.0
56.443304000000005	27550.0
56.461865000000003	28250.0
56.478572	26930.0
56.496765234765235	28830.0
56.514607607607608	27240.0
56.534103999999999	27880.0
56.551127999999999	27580.0
56.567564999999995	28740.0
56.586046000000003	28590.0
56.602772000000002	27370.0
56.619937	28790.0
56.637183999999998	28830.0
56.655096	28290.0
56.673166999999999	28810.0
56.690238000000001	28740.0
56.708170000000003	29330.0
56.724397000000003	28510.0
56.742671999999999	27590.0
56.761288	28200.0
56.778627	27510.0
56.7962977022977	27580.0
56.811946946946946	27950.0
56.829419999999999	26560.0
56.848343999999997	28280.0
56.864072	27870.0
56.883220000000001	29850.0
56.901384	27180.0
56.915894000000002	28040.0
56.935119	28420.0
56.954352	27900.0
56.972391999999999	28530.0
56.987455999999995	28310.0
57.004926000000005	28770.0
57.024923999999999	29080.0
57.042653000000001	29250.0
57.057848	29720.0
57.07511388611389	28440.0
57.092468468468468	28460.0
57.110543999999997	27670.0
57.128764000000004	29290.0
57.145254000000001	28040.0
57.161583999999998	28220.0
57.179395999999997	28680.0
57.198318	29010.0
57.214710000000004	28590.0
57.233604	27720.0
57.249738000000001	28530.0
57.268872000000002	28730.0
57.287512462612163	28360.0
57.303658976930791	28520.0
57.320998000000003	28720.0
57.338727999999996	28160.0
57.354893999999994	27440.0
57.370252747252749	29480.0
57.388950950950949	29410.0
57.407776000000005	27710.0
57.425457999999999	27570.0
57.441332000000003	27610.0
57.461020000000005	27670.0
57.478824000000003	28720.0
57.495848000000002	27730.0
57.512855999999999	28370.0
57.529756000000006	28010.0
57.545478000000003	27430.0
57.566533999999997	28370.0
57.582148000000004	29480.0
57.600236000000002	28270.0
57.618671328671333	27720.0
57.63606806806807	27160.0
57.651462537462535	28510.0
57.669650650650645	28140.0
57.688608000000002	28110.0
57.706007999999997	27190.0
57.722265	28250.0
57.739837999999999	28900.0
57.757047999999998	28650.0
57.778623634558095	28360.0
57.797042042042037	29010.0
57.812156000000002	28200.0
57.829965000000001	28550.0
57.846298000000004	28640.0
57.864643999999998	27780.0
57.883136	26780.0
57.900143999999997	27980.0
57.917160839160836	28750.0
57.934678678678679	28460.0
57.952748251748254	27530.0
57.969564564564564	27320.0
57.986916999999998	27620.0
58.005752000000001	27860.0
58.021591999999998	28750.0
58.041819999999994	28200.0
58.060217999999999	28920.0
58.078252000000006	28320.0
58.093295999999995	28230.0
58.110447999999998	28630.0
58.127912000000002	29210.0
58.144962	28660.0
58.165675999999998	28400.0
58.180969999999995	28660.0
58.198298000000001	28950.0
58.215336000000001	28960.0
58.232573426573431	27520.0
58.249759759759762	28030.0
58.267852000000005	27190.0
58.286225999999999	28230.0
58.301774000000002	27580.0
58.320272000000003	28030.0
58.337488	27750.0
58.357402999999998	27550.0
58.371691999999996	28300.0
58.391002	28030.0
58.410756999999997	28190.0
58.428260000000002	28400.0
58.444562437562439	28470.0
58.461976976976977	27520.0
58.479584000000003	27740.0
58.496608000000002	28820.0
58.514217000000002	27900.0
58.53095004995005	26020.0
58.548371371371367	28330.0
58.566446999999997	28230.0
58.582810000000002	28400.0
58.599688	27620.0
58.616695999999997	28070.0
58.632747999999999	27000.0
58.650728000000001	27690.0
58.667735999999998	27300.0
58.685212	28920.0
58.703767999999997	26730.0
58.721498000000004	28250.0
58.738935999999995	28550.0
58.755783999999998	28600.0
58.773265000000002	28000.0
58.789210000000004	28180.0
58.805837162837165	28330.0
58.82432	28510.0
58.841847999999999	28050.0
58.860605999999997	28830.0
58.876950000000001	28150.0
58.895873999999999	28940.0
58.909968999999997	27750.0
58.928273180458625	27860.0
58.947347041123372	26460.0
58.961708708708706	27450.0
58.979219999999998	27750.0
58.997862000000005	27630.0
59.013883999999997	27090.0
59.031514999999999	27790.0
59.048023999999998	28090.0
59.065047999999997	27630.0
59.084820000000001	27400.0
59.101545454545452	28060.0
59.118888999999996	27130.0
59.13608	28580.0
59.151201999999998	27030.0
59.171112000000001	27480.0
59.187909999999995	28350.0
59.202261	28600.0
59.220348999999999	27820.0
59.238939999999999	27740.0
59.257199	28360.0
59.272191999999997	29210.0
59.290999999999997	27200.0
59.309182	28470.0
59.325232	27700.0
59.342239999999997	27710.0
59.359951000000002	27780.0
59.377259740259738	27500.0
59.394250749250745	27850.0
59.410378378378375	28070.0
59.429225225225224	27850.0
59.444361361361366	27840.0
59.464162000000002	26930.0
59.479645999999995	28920.0
59.498570000000001	27670.0
59.515822	28520.0
59.532065999999993	27060.0
59.549599999999998	27620.0
59.566333999999998	28310.0
59.582850999999998	27350.0
59.599029999999999	27640.0
59.617753999999998	28770.0
59.636893106893105	27790.0
59.652906000000002	29490.0
59.670285429141721	27790.0
59.687463999999991	28960.0
59.704471999999996	27840.0
59.72137813440321	27310.0
59.735919999999993	28840.0
59.756067000000002	28150.0
59.770329999999994	27610.0
59.787147999999995	27710.0
59.804536999999996	26510.0
59.821240000000003	28230.0
59.840139999999998	28000.0
59.857163	28410.0
59.874631999999998	27650.0
59.890990000000002	28370.0
59.909122000000004	28040.0
59.925879999999999	27800.0
59.940972027972023	28280.0
59.961359999999992	28930.0
59.978711711711711	27560.0
59.996629999999996	27260.0
60.012054054054062	27690.0
60.031579999999998	27580.0
60.048247999999994	27980.0
60.066783999999998	28370.0
60.083068000000004	27680.0
60.098815999999999	27900.0
60.116802000000007	28010.0
60.134832000000003	29330.0
60.153703999999998	27610.0
60.169827000000005	27920.0
60.185872000000003	27360.0
60.203701999999993	27620.0
60.221772999999999	29280.0
60.2398123752495	27910.0
60.255924924924926	26770.0
60.272928000000007	28300.0
60.290056999999997	28880.0
60.308145000000003	26880.0
60.325223999999999	28300.0
60.339975999999993	27080.0
60.357749999999996	27920.0
60.376883999999997	27970.0
60.393986055776892	27550.0
60.409448795180722	27620.0
60.427931999999998	26930.0
60.445365000000002	28000.0
60.462834999999998	26940.0
60.482557557557563	28330.0
60.498335664335663	28510.0
60.514160839160837	28650.0
60.533112000000003	28160.0
60.548206999999998	26910.0
60.566294999999997	27380.0
60.583970000000001	28120.0
60.600959000000003	27880.0
60.619549999999997	27860.0
60.635596000000007	29760.0
60.652313999999997	27080.0
60.669269999999997	28300.0
60.688403999999998	27960.0
60.704973999999993	28050.0
60.722689999999993	28730.0
60.739519999999992	27960.0
60.757127000000004	27070.0
60.774319999999996	28040.0
60.788454000000002	26540.0
60.809359999999998	26980.0
60.828007999999997	27890.0
60.841645999999997	27680.0
60.859940000000002	28350.0
60.876205999999996	27240.0
60.895054999999999	27780.0
60.911000000000001	27670.0
60.928352000000004	26280.0
60.946431999999994	28140.0
60.964030000000001	27530.0
60.982118	28120.0
61.000188999999999	27940.0
61.016699999999993	27740.0
61.03266	27800.0
61.050434434434443	27670.0
61.068507000000004	26810.0
61.084544000000001	28390.0
61.101648999999995	27400.0
61.120040000000003	29260.0
61.139136000000001	28220.0
61.154305000000008	27880.0
61.170950000000005	27700.0
61.189038000000004	27270.0
61.207108999999996	27440.0
61.225719999999995	27680.0
61.243059999999993	27980.0
61.259004999999995	28630.0
61.276410000000006	26860.0
61.293703999999998	27810.0
61.311568999999992	27370.0
61.329640000000005	28760.0
61.347727999999996	27000.0
61.362845154845147	27120.0
61.381853	27900.0
61.399941000000005	27440.0
61.417540000000002	28730.0
61.434381999999999	28250.0
61.451718999999997	26460.0
61.467667999999996	27970.0
61.486801999999997	27960.0
61.504847999999996	27680.0
61.521856000000007	26840.0
61.538842315369259	27960.0
61.555891675025073	28060.0
61.574526000000006	27780.0
61.592790000000001	26650.0
61.609009999999998	28830.0
61.626948999999996	27170.0
61.645018981018985	27080.0
61.662967999999999	28120.0
61.680348000000002	26330.0
61.698233766233763	27620.0
61.713303999999994	27890.0
61.730624999999996	27420.0
61.748313686313686	28320.0
61.767016000000005	28120.0
61.786280000000005	28480.0
61.803142857142859	27750.0
61.81976529588767	28590.0
61.837851999999998	27880.0
61.855104000000004	28190.0
61.873894000000007	27800.0
61.890190000000004	27680.0
61.906153000000003	27500.0
61.924095000000001	28100.0
61.940717282717287	27460.0
61.961365999999998	28060.0
61.978405999999993	27730.0
61.993850000000002	28810.0
62.012596000000002	28070.0
62.030231999999998	27920.0
62.048270000000002	27690.0
62.065100100100096	27970.0
62.0832047952048	27070.0
62.10129129129129	26930.0
62.117534999999997	27950.0
62.134327999999996	26960.0
62.152231999999998	27110.0
62.173180000000009	27860.0
62.188391000000003	27800.0
62.206375999999999	27690.0
62.223679320679324	27570.0
62.241968	27430.0
62.257400000000004	27930.0
62.275422000000006	27190.0
62.294834000000002	26340.0
62.313369999999999	28400.0
62.330391999999996	26790.0
62.347064000000003	27220.0
62.363824999999999	28070.0
62.381205999999999	28360.0
62.399294000000005	28280.0
62.415675000000007	28660.0
62.435251999999998	26530.0
62.453523999999994	26490.0
62.471525000000007	27900.0
62.487372000000001	28300.0
62.503239999999998	27700.0
62.523371628371628	27830.0
62.540452999999999	27340.0
62.559265000000003	27520.0
62.576030969030967	27270.0
62.594585170340679	28830.0
62.611587999999998	28010.0
62.627679999999998	27060.0
62.645356	28220.0
62.663444000000005	27720.0
62.679925000000004	26660.0
62.697586000000001	27360.0
62.716596000000003	27320.0
62.735730000000004	27240.0
62.753720000000001	27630.0
62.769903999999997	27510.0
62.787799999999997	28280.0
62.804566433566436	27040.0
62.821418000000001	26850.0
62.840188000000005	27420.0
62.857411411411412	26510.0
62.873872000000006	27470.0
62.892544999999998	27340.0
62.911506000000003	28410.0
62.928230000000006	27950.0
62.943430000000006	28070.0
62.961544000000004	27250.0
62.980696000000002	26710.0
62.994220000000006	27440.0
63.009970000000003	28190.0
63.026805999999993	27570.0
63.04025	27520.0
63.051820000000006	28030.0
63.066267999999994	28410.0
