11.131984000000001	56130.0
11.171057000000001	55930.0
11.127360000000001	56340.0
11.180448	55720.0
11.147920000000001	55480.0
11.133704	54040.0
11.16086	53160.0
11.139168	53000.0
11.166156530408774	54810.0
11.159210631895686	52290.0
11.135149999999999	55150.0
11.151076	55260.0
11.149545454545455	55200.0
11.150603603603605	53330.0
11.170360000000001	55300.0
11.137127999999999	54220.0
11.142804999999999	53010.0
11.160244755244754	55250.0
11.135826826826827	55380.0
11.1829	54400.0
11.138624999999999	53460.0
11.134972000000001	54740.0
11.169280000000001	53780.0
11.127128000000001	52790.0
11.182409999999999	54390.0
11.14651948051948	53240.0
11.134840840840841	54410.0
11.159970000000001	53970.0
11.137725	53410.0
11.166055	55030.0
11.1578	53240.0
11.135897102897102	53490.0
11.152153153153153	53980.0
11.148435000000001	53500.0
11.150650000000001	54860.0
11.169814000000001	53650.0
11.135999999999999	51940.0
11.144535464535464	52480.0
11.158354354354353	54190.0
11.135352000000001	52600.0
11.183270189431704	53470.0
11.136074222668004	52290.0
11.1379	52550.0
11.166459999999999	53550.0
11.126795000000001	56280.0
11.182542	52490.0
11.143800000000001	53280.0
11.136584000000001	53360.0
11.159380000000001	53920.0
11.136973026973028	53340.0
11.167009009009009	53550.0
11.15612	53450.0
11.136785	52730.0
11.153789999999999	52710.0
11.147209999999999	53280.0
11.15122	53400.0
11.170081	52270.0
11.13592	53930.0
11.147344	52880.0
11.1571	53180.0
11.134858999999999	51730.0
11.182589999999999	53180.0
11.133573999999999	53790.0
11.140945	52800.0
11.166649	51300.0
11.126580000000001	52860.0
11.182872	53410.0
11.14099	51030.0
11.139165834165834	51330.0
11.159743743743745	50540.0
11.136516	52140.0
11.16723	52460.0
11.155400999999999	50960.0
11.138034965034965	52380.0
11.154276276276276	51820.0
11.146470000000001	51900.0
11.151522	51580.0
11.16854	52610.0
11.135541999999999	52250.0
11.149325000000001	51100.0
11.156238999999999	51460.0
11.134868131868132	52900.0
11.181394394394394	52240.0
11.132105000000001	50810.0
11.144776999999999	50430.0
11.16479	50410.0
11.124534465534465	51390.0
11.165849849849849	49980.0
11.153213000000001	51060.0
11.129200000000001	52160.0
11.163855999999999	51180.0
11.139635	51280.0
11.156193	51160.0
11.15836	48620.0
11.13495	49080.0
11.150265000000001	49770.0
11.15165	51350.0
11.146398601398602	50360.0
11.165972972972973	50230.0
11.1412	49610.0
11.13885	51490.0
11.163500000000001	51070.0
11.134646	50160.0
11.173815000000001	51150.0
11.145174825174825	49850.0
11.127912912912912	50100.0
11.174607607607609	49840.0
11.126805000000001	48270.0
11.174232	49490.0
11.151100000000001	49700.0
11.129960000000001	48770.0
11.161485000000001	50980.0
11.138357000000001	48420.0
11.161619999999999	50060.0
11.15899000999001	49300.0
11.134837837837837	50910.0
11.150782	48740.0
11.14997	48100.0
11.148898000000001	48520.0
11.168374999999999	47390.0
11.139094999999999	50720.0
11.14132	48870.0
11.161643356643356	49000.0
11.135051051051052	49610.0
11.178246	48820.0
11.140829999999999	48870.0
11.130806	47870.0
11.171785	50330.0
11.126544000000001	50200.0
11.178900000000001	48280.0
11.148363999999999	48470.0
11.132378486055778	47980.0
11.161689378757515	47410.0
11.138657314629258	48930.0
11.165381999999999	48740.0
11.158325	48130.0
11.134763000000001	48600.0
11.15132	47710.0
11.148816	47360.0
11.150774999999999	46160.0
11.169281	48320.0
11.137032967032967	48830.0
11.142251251251251	49500.0
11.15972	49330.0
11.134967999999999	49030.0
11.18028	47440.0
11.138263999999999	47880.0
11.132755	47280.0
11.169883	46040.0
11.126300000000001	46780.0
11.181728000000001	48390.0
11.145250000000001	46600.0
11.133158	47710.0
11.160120000000001	46670.0
11.136248	47200.0
11.16689	47890.0
11.156916000000001	47470.0
11.135859999999999	46890.0
11.152225999999999	46910.0
11.147120879120878	47830.0
11.151717717717718	44920.0
11.16886	45660.0
11.135999999999999	48570.0
11.145119999999999	47740.0
11.157572	47650.0
11.13654	47060.0
11.18219	48650.0
11.13519	47140.0
11.13841	46030.0
11.167	45900.0
11.125153846153845	47500.0
11.183628628628629	46440.0
11.142008000000001	48290.0
11.13805	46400.0
11.159574000000001	47550.0
11.135254999999999	46820.0
11.167021999999999	46470.0
11.15428	46280.0
11.137571428571428	47400.0
11.154113113113114	45790.0
11.145489	46070.0
11.15138	46200.0
11.167225999999999	45320.0
11.135349999999999	45390.0
11.148600999999999	45670.0
11.154919999999999	46230.0
11.135672	46760.0
11.180598401598402	46200.0
11.132249249249249	44910.0
11.145	48490.0
11.163917999999999	45220.0
11.124844999999999	45110.0
11.181955	45710.0
11.13898	44340.0
11.143180000000001	46720.0
11.161300000000001	45000.0
11.135916083916085	46010.0
11.168198198198198	46650.0
11.153924	46340.0
11.142925	45850.0
11.159958999999999	45420.0
11.14832	45590.0
11.156376	46190.0
11.172285	45770.0
11.144088	46240.0
11.164350000000001	46300.0
11.165562	47350.0
11.149455	44850.0
11.19618	46150.0
11.148096903096903	44630.0
11.176612612612614	45320.0
11.187805000000001	45150.0
11.150677	44740.0
11.21452	44870.0
11.168470529470529	44270.0
11.189304	44610.0
11.203667667667668	45480.0
11.17792	44920.0
11.217249252243271	44370.0
11.203319959879639	42480.0
11.183462	43810.0
11.21621	44660.0
11.216998001998002	44640.0
11.22418918918919	45280.0
11.251037	45400.0
11.21794	46710.0
11.228935999999999	43660.0
11.256293706293706	44790.0
11.231461461461462	44190.0
11.294750000000001	45130.0
11.247285999999999	45630.0
11.244299999999999	43880.0
11.300595617529881	45000.0
11.245541832669323	46420.0
11.331429718875501	44040.0
11.285504999999999	43060.0
11.275366	45070.0
11.32274	44540.0
11.292958	44540.0
11.348224999999999	44860.0
11.340363999999999	42690.0
11.31326	43060.0
11.346579999999999	43540.0
11.344505	44330.0
11.360692	44490.0
11.395580000000001	43240.0
11.349026	43610.0
11.37106	42810.0
11.400722	42820.0
11.370800000000001	42760.0
11.460776000000001	42580.0
11.387524475524476	42910.0
11.395979979979979	43840.0
11.462199999999999	43760.0
11.386039999999999	42470.0
11.509270000000001	44070.0
11.442102999999999	43540.0
11.43328	43460.0
11.492672000000001	44760.0
11.446925	43350.0
11.52455	43510.0
11.510630000000001	42880.0
11.478073999999999	43440.0
11.522730000000001	43530.0
11.513222000000001	43500.0
11.53584	43650.0
11.584448	43690.0
11.522415000000001	45160.0
11.551651	44510.0
11.585774225774225	42600.0
11.547003003003004	43900.0
11.664639999999999	43510.0
11.570856000000001	42420.0
11.583159999999999	43580.0
11.662704000000002	42400.0
11.559780000000002	42710.0
11.719226000000003	43460.0
11.629600000000002	42420.0
11.627151999999999	41830.0
11.695874999999999	41630.0
11.632121999999999	41730.0
11.728159999999999	42380.0
11.710263999999999	44330.0
11.673774999999999	42060.0
11.729403999999999	42730.0
11.712219999999999	41510.0
11.735747999999999	41650.0
11.79265	41790.0
11.719199800199799	43220.0
11.757433433433434	43000.0
11.79124	42560.0
11.736025	42200.0
11.877491000000001	42170.0
11.763870000000001	40880.0
11.785014	43640.0
11.87396	43470.0
11.744487999999999	42670.0
11.93596	42910.0
11.828303999999999	41300.0
11.824025000000001	42230.0
11.907808000000001	40890.0
11.82442	42800.0
11.937768	43070.0
11.914384999999999	41200.0
11.871739999999999	42850.0
11.937779999999998	43310.0
11.910816183816184	44760.0
11.936	44380.0
12.004861999999999	42710.0
11.918299999999999	39330.0
11.964730000000001	41510.0
12.002925000000001	42100.0
11.930301	43550.0
12.097880000000002	42760.0
11.967904000000001	40870.0
11.990605	43050.0
12.097093000000001	42310.0
11.934129999999998	42250.0
12.159499999999998	42770.0
12.038999999999998	42670.0
12.029750999999999	44020.0
12.13106	43540.0
12.025177822177822	41220.0
12.154702702702702	41910.0
12.132636363636363	44600.0
12.078895895895895	44600.0
12.156169999999999	44360.0
12.122465	42990.0
12.146583999999999	44540.0
12.2286	43930.0
12.129520000000001	43130.0
12.179571428571428	42760.0
12.227492492492493	43950.0
12.137219999999999	42850.0
12.331488	44210.0
12.185035000000001	44720.0
12.203385000000001	44140.0
12.343639999999999	44780.0
12.136104	44340.0
12.403799999999999	42990.0
12.266385999999999	44220.0
12.252300000000002	44500.0
12.383030000000002	42990.0
12.250853146853148	44530.0
12.397775571002981	45130.0
12.379228228228229	44050.0
12.314945619335347	44890.0
12.414555	44360.0
12.374853146853146	44530.0
12.392677677677678	45690.0
12.494248000000001	45130.0
12.38687	45860.0
12.445014	43370.0
12.531960000000002	46690.0
12.407287999999999	46210.0
12.514735	45740.0
12.540015	46160.0
12.380280000000001	46000.0
12.658402000000001	44790.0
12.459225	45330.0
12.563385999999999	46550.0
12.629142857142858	48150.0
12.458156156156157	47280.0
12.666135000000001	46370.0
12.573808	47130.0
12.602559999999999	47600.0
12.685939999999999	46310.0
12.575935000000001	47170.0
12.660681	48800.0
12.6945	47010.0
12.641664	48140.0
12.741539999999999	47650.0
12.695606	47760.0
12.64354	49880.0
12.813478	48070.0
12.672025	49020.0
12.789356	49160.0
12.81612	50280.0
12.621192000000001	49410.0
12.927155844155845	51250.0
12.704610389610391	50480.0
12.830120120120121	51910.0
12.89733	51200.0
12.694579999999998	50610.0
12.923728000000001	52970.0
12.820139999999999	53060.0
12.856857142857143	52850.0
12.942901901901903	54630.0
12.812571	53590.0
12.900399999999999	55900.0
12.934511999999998	54000.0
12.882614999999999	56270.0
12.990012999999999	55600.0
12.9314	54470.0
12.875135999999999	55700.0
13.053075	57780.0
12.906635000000001	57670.0
13.038518962075846	58870.0
13.058016032064128	57910.0
12.851000000000001	59560.0
13.177223000000001	59780.0
12.93802	60060.0
13.080256	61630.0
13.146755000000001	62550.0
12.929684	63110.0
13.16961	64620.0
13.060983999999999	65870.0
13.113065000000001	68160.0
13.202173	66210.0
13.062199999999999	67090.0
13.159239999999999	66120.0
13.196225	69580.0
13.147233	70610.0
13.261550000000002	70820.0
13.194088000000001	72140.0
13.138645	76490.0
13.331115884115883	73590.0
13.176486486486485	77230.0
13.318083999999999	78360.0
13.323	81130.0
13.112874000000001	81550.0
13.439649999999999	85150.0
13.206410000000002	85390.0
13.345055	87230.0
13.406446000000001	86920.0
13.18788	88910.0
13.432495999999999	87900.0
13.322495	89150.0
13.370520000000001	90380.0
13.4541	92670.0
13.312868	90540.0
13.410685000000001	94860.0
13.443701000000001	96250.0
13.393820000000002	98690.0
13.504579420579422	96270.0
13.437807807807808	97130.0
13.386972999999999	98940.0
13.56934	99060.0
13.417186000000001	100830.0
13.55345	100550.0
13.564725999999999	102650.0
13.364559999999999	101730.0
13.685064000000001	103420.0
13.44872	103000.0
13.595857000000002	105010.0
13.651390000000001	105530.0
13.442290000000002	107430.0
13.686610000000002	107330.0
13.576238	105820.0
13.625999999999999	107140.0
13.708556	107520.0
13.570910000000001	108140.0
13.670634	109610.0
13.709231768231767	108650.0
13.663987987987987	109200.0
13.774145000000001	108530.0
13.714846	108920.0
13.664199999999999	109720.0
13.845623999999999	110090.0
13.711774999999999	111040.0
13.846505000000001	111800.0
13.865289999999998	110180.0
13.662602	110480.0
13.985809999999999	112090.0
13.763042000000002	113230.0
13.89348	111590.0
13.971298804780877	114990.0
13.749484939759038	115920.0
13.993920000000001	117080.0
13.893749999999999	114470.0
13.932876	117110.0
14.024988023952096	118260.0
13.888322645290581	116420.0
13.976320000000001	120210.0
14.013287999999999	118390.0
13.9681	118400.0
14.073440999999999	120130.0
14.01314	118820.0
13.954242000000001	120620.0
14.136300000000002	116650.0
14.001418000000001	117890.0
14.11904	120730.0
14.147492	122650.0
13.942815000000001	123240.0
14.24967	122680.0
14.1639	122160.0
14.012280000000001	121250.0
14.243754999999998	121490.0
14.081424999999999	121350.0
14.1982	122300.0
14.240507492507493	124760.0
14.121495495495497	122110.0
14.243791	122710.0
14.19919	123910.0
14.217532	120510.0
14.302605	121590.0
14.228945	121140.0
14.249779999999998	123410.0
14.313695999999998	121230.0
14.2317	121700.0
14.365107999999999	123020.0
14.332579999999998	122860.0
14.259499999999999	122470.0
14.432274999999999	124380.0
14.246051999999999	118900.0
14.424840000000001	121030.0
14.421031999999999	122160.0
14.293425000000001	122520.0
14.498376623376624	119480.0
14.328384384384385	120870.0
14.452796000000001	120090.0
14.483695000000001	119450.0
14.391918	120800.0
14.50746	123030.0
14.44524	121410.0
14.470130000000001	121180.0
14.548693999999999	121830.0
14.486419999999999	121550.0
14.518839999999999	120850.0
14.559000000000001	119430.0
14.480708	123240.0
14.611559999999999	121400.0
14.5718	120250.0
14.533665000000001	123880.0
14.67112	121280.0
14.483979999999999	121170.0
14.684573426573426	121920.0
14.652203796203798	122690.0
14.563933933933935	119020.0
14.743499999999999	120580.0
14.560371999999999	121180.0
14.703709999999999	119600.0
14.719747999999999	120630.0
14.64852	118220.0
14.756724	121530.0
14.676784999999999	118270.0
14.714409999999999	118160.0
14.788	121130.0
14.726711999999999	116880.0
14.771699999999999	120480.0
14.794749999999999	117260.0
14.7182	120100.0
14.864054000000001	116040.0
14.8072	117540.0
14.783923076923076	117430.0
14.914354354354355	118480.0
14.722171999999999	117230.0
14.938434999999998	116810.0
14.884171	118640.0
14.815600000000002	115710.0
14.990596000000002	117380.0
14.79283	117130.0
14.958557000000001	116660.0
14.954559999999999	116620.0
14.893856000000001	115630.0
15.007005000000001	116120.0
14.916281999999999	114940.0
14.963209999999998	116490.0
15.032328	118550.0
14.967974999999999	115820.0
15.018557000000001	118360.0
15.030339999999999	117810.0
14.957319999999999	118230.0
15.108507492507492	114200.0
15.040896896896896	117580.0
15.040529999999999	117890.0
15.154938	114530.0
14.956175000000002	114890.0
15.191958000000001	116130.0
15.109999999999999	114740.0
15.072872000000002	116370.0
15.23752	118050.0
15.031323	118300.0
15.20865	115560.0
15.187372	119910.0
15.13926	119510.0
15.247726	119580.0
15.14766	118180.0
15.201580000000002	119570.0
15.264075	119890.0
15.203213	119710.0
15.264322677322678	119000.0
15.268984984984986	117850.0
15.199780000000001	119620.0
15.348725999999999	114620.0
15.270239999999999	120650.0
15.285791999999999	118640.0
15.389865	115460.0
15.191965999999999	118080.0
15.437150000000001	119120.0
15.325994	118040.0
15.323135000000001	120680.0
15.469934	118020.0
15.263120000000001	116170.0
15.452736	118130.0
15.410905000000001	118430.0
15.384867999999999	119720.0
15.489850000000001	119760.0
15.382390000000001	119890.0
15.446425000000001	119140.0
15.496558441558442	119210.0
15.441233233233232	116870.0
15.513664	118560.0
15.502210000000002	120900.0
15.439349	121400.0
15.584720000000001	121600.0
15.495839999999999	121820.0
15.539664999999999	123290.0
15.621838	124230.0
15.4391	124290.0
15.676031999999999	126790.0
15.549144999999999	124110.0
15.576753	125540.0
15.699029999999999	129480.0
15.507568000000001	129630.0
15.690160000000001	130210.0
15.637756	131120.0
15.632199999999999	133180.0
15.72717365269461	133970.0
15.665998997995992	131460.0
15.671509	136330.0
15.7369	137880.0
15.691231999999999	134920.0
15.707909999999998	137170.0
15.751079999999998	139700.0
15.69618	140880.0
15.786716	144140.0
15.776811188811189	146030.0
15.730138138138139	147130.0
15.846450000000001	147950.0
15.726260000000002	146540.0
15.843605	149450.0
15.853292999999999	149630.0
15.75704	148520.0
15.909864000000001	154370.0
15.792654999999998	154280.0
15.878210000000001	151750.0
15.906615384615385	154090.0
15.843766766766766	155140.0
15.926325	155430.0
15.884577	155360.0
15.90788	155960.0
15.961808	154780.0
15.919229999999999	157360.0
15.945171999999999	157070.0
15.97255	159290.0
15.928958	160140.0
16.02346	160320.0
15.996475	157750.0
15.970400000000001	159120.0
16.068135999999999	158040.0
15.951379999999999	158940.0
16.089404000000002	161850.0
16.062390000000001	158870.0
16.004317999999998	159690.0
16.135456543456542	160350.0
16.013635635635634	161260.0
16.12256	159140.0
16.123207999999998	159250.0
16.083824999999997	163030.0
16.162717999999998	161670.0
16.10331	155130.0
16.141358	160780.0
16.190065000000001	162020.0
16.149084999999999	160440.0
16.187160000000002	161480.0
16.201888	160790.0
16.163685000000001	160100.0
16.260071	154610.0
16.213756243756244	156960.0
16.220954954954955	156040.0
16.299045000000003	156760.0
16.181832	157590.0
16.335223776223774	160680.0
16.275878878878878	158730.0
16.265385385385386	154900.0
16.374123000000001	156390.0
16.242190000000001	152910.0
16.366493999999999	155710.0
16.34685	153590.0
16.328365000000002	151050.0
16.405200000000001	151330.0
16.338984	152060.0
16.386054999999999	148430.0
16.423335999999999	150530.0
16.39049	148930.0
16.439177999999998	149010.0
16.436405000000001	147690.0
16.400765999999997	144940.0
16.496299999999998	146380.0
16.448755999999999	142780.0
16.473322677322678	146840.0
16.534546546546544	145150.0
16.41713	143710.0
16.575163999999997	142130.0
16.502134999999999	138980.0
16.510702999999999	139410.0
16.605545454545453	140590.0
16.474858299595141	139820.0
16.604150000000001	140720.0
16.580055999999999	137660.0
16.572759999999999	138140.0
16.643518	134890.0
16.578479999999999	134710.0
16.626312000000002	131650.0
16.6585	134790.0
16.634332000000001	130980.0
16.685939999999999	130300.0
16.678243999999999	128740.0
16.65025	127360.0
16.741674325674325	125110.0
16.695339339339341	127040.0
16.729837	124060.0
16.778479999999998	123560.0
16.674279601990051	122990.0
16.823718592964823	121690.0
16.757374000000002	119810.0
16.77834	115280.0
16.851838000000001	117300.0
16.745124999999998	116600.0
16.859666000000001	115770.0
16.833959999999998	114540.0
16.838764000000001	114960.0
16.892533466533468	108710.0
16.840786786786786	111200.0
16.88514	113090.0
16.908685999999999	111600.0
16.889880000000002	109260.0
16.932365634365635	110140.0
16.92806306306306	109920.0
16.914279999999998	108160.0
16.982125	109160.0
16.939509000000001	106780.0
16.979179999999999	105200.0
17.008475999999998	104210.0
16.9391	107080.0
17.058176	104500.0
16.99184	105530.0
17.031824	104640.0
17.081099999999999	105240.0
17.000807999999999	102620.0
17.10022	103670.0
17.061222000000001	101530.0
17.080015	102690.0
17.126663000000001	99940.0
17.083759999999998	99910.0
17.129736000000001	100940.0
17.140988011988014	98640.0
17.132307307307308	99930.0
17.178900000000002	98350.0
17.169438	98140.0
17.161825	96490.0
17.225562	96260.0
17.19472	99350.0
17.195623999999999	96350.0
17.258510000000001	94250.0
17.183338000000003	96450.0
17.282109999999999	96490.0
17.256450000000001	93790.0
17.232624999999999	93090.0
17.327481000000002	94480.0
17.23996	93690.0
17.328503999999999	93080.0
17.326235	90740.0
17.306733999999999	91550.0
17.371620379620378	92990.0
17.331777777777777	89220.0
17.366375000000001	89570.0
17.401137000000002	89030.0
17.373543369890331	87820.0
17.408988966900704	87790.0
17.425449999999998	89210.0
17.405695999999999	84340.0
17.477149999999998	84750.0
17.449331999999998	87220.0
17.459425	85760.0
17.516798999999999	87490.0
17.444559999999999	85560.0
17.542632000000001	84440.0
17.524549999999998	83920.0
17.507414000000001	84140.0
17.587910000000001	84700.0
17.507563999999999	82710.0
17.587015000000001	80970.0
17.584558441558443	84560.0
17.567164164164165	82980.0
17.623203999999998	82190.0
17.589369999999999	81110.0
17.619281999999998	81500.0
17.648800000000001	79910.0
17.630972	81510.0
17.662675	80380.0
17.670742000000001	79710.0
17.652799999999999	78830.0
17.714071999999998	80280.0
17.696495000000002	80850.0
17.703096000000002	77920.0
17.75619	77010.0
17.691687999999999	78180.0
17.781575	77570.0
17.763514000000001	79600.0
17.746359999999999	78650.0
17.829796203796203	77370.0
17.754590590590592	78080.0
17.830211000000002	75120.0
17.831990000000001	76020.0
17.81316	76370.0
17.870550000000001	75420.0
17.840417000000002	74300.0
17.869	76760.0
17.901271999999999	77490.0
17.882928286852589	75430.0
17.914121242484971	74950.0
17.930432865731465	73660.0
17.912666000000002	76250.0
17.968534999999999	74140.0
17.955126	74140.0
17.958359999999999	73270.0
18.01238	73290.0
17.953875	72970.0
18.035999999999998	72700.0
18.023361361361363	73920.0
18.002396396396396	71460.0
18.08802	72140.0
18.018605000000001	71170.0
18.087119999999999	71150.0
18.092496000000001	69220.0
18.075845000000001	71830.0
18.131639	69020.0
18.10275	71720.0
18.133801999999999	70490.0
18.165675	71510.0
18.149366999999998	68990.0
18.179559999999999	67030.0
18.191804000000001	69240.0
18.178405000000001	68130.0
18.236196	65510.0
18.223140000000001	67230.0
18.227964035964035	67630.0
18.277414414414416	66020.0
18.224430000000002	68270.0
18.302199999999999	66500.0
18.292392	68190.0
18.274285000000003	68390.0
18.355519000000001	65370.0
18.2898	66400.0
18.360147999999999	66480.0
18.370234765234766	67090.0
18.351824824824824	66000.0
18.408300000000001	65150.0
18.381536000000001	66130.0
18.411080000000002	64420.0
18.445101000000001	66780.0
18.431799999999999	65090.0
18.462194	63490.0
18.47663	65460.0
18.463663	64540.0
18.518081918081919	62840.0
18.50748948948949	64830.0
18.509349999999998	64940.0
18.562548	62680.0
18.511569999999999	63230.0
18.58859	62120.0
18.583159999999999	64070.0
18.560312	63830.0
18.637080000000001	62930.0
18.581344000000001	63200.0
18.6416	63500.0
18.651609000000001	61820.0
18.639000000000003	63980.0
18.687650000000001	63080.0
18.664804999999998	60710.0
18.68956	60150.0
18.71932	60970.0
18.705711999999998	62240.0
18.728840159840157	61170.0
18.745264264264264	59590.0
18.73753	62320.0
18.780355999999998	58380.0
18.7746	61770.0
18.780479	59020.0
18.827759999999998	58430.0
18.78256	59820.0
18.854890000000001	60110.0
18.883779999999998	61510.0
18.826599999999999	59250.0
18.897592	58090.0
18.888574999999999	58800.0
18.898011	56270.0
18.940799999999999	59290.0
18.917159999999999	58100.0
18.955349999999999	54300.0
18.968772999999999	57190.0
18.972922077922078	58450.0
19.003831831831832	57190.0
19.000310000000002	57400.0
19.009755999999999	54950.0
19.043479999999999	57450.0
19.042975999999999	55980.0
19.062299999999997	56110.0
19.080088999999997	55040.0
19.06418	55990.0
19.114272	55900.0
19.111675000000002	54750.0
19.120089	55140.0
19.161560000000001	55230.0
19.127288	53400.0
19.179919999999999	52890.0
19.178515000000001	54520.0
19.18225	53670.0
19.223099999999999	53830.0
19.2028	54790.0
19.23890909090909	52460.0
19.255361361361363	51970.0
19.258284	52990.0
19.289249999999999	52840.0
19.290320000000001	54510.0
19.301080000000002	51360.0
19.332046000000002	50440.0
19.331	52000.0
19.351042	52780.0
19.371919999999999	51000.0
19.359456000000002	50930.0
19.40326	52780.0
19.40137	50730.0
19.413599999999999	50910.0
19.448665342601785	51130.0
19.418381330685204	49890.0
19.466588469184888	50700.0
19.464607902735562	49780.0
19.474213786213785	49550.0
19.506582582582581	49180.0
19.489019000000003	50130.0
19.52431	49640.0
19.538709741550697	48850.0
19.545577464788732	49520.0
19.57368	49050.0
19.573840000000001	48260.0
19.587264000000001	48470.0
19.616175000000002	46480.0
19.617409000000002	49770.0
19.64021	47400.0
19.65654	47850.0
19.648160000000001	48180.0
19.689878	46310.0
19.687239999999999	48490.0
19.704036000000002	47470.0
19.732740000000003	47030.0
19.706084000000001	48740.0
19.758197802197802	45880.0
19.754686686686689	47360.0
19.766824999999997	47120.0
19.793209999999998	46850.0
19.780759999999997	45700.0
19.813448000000001	46570.0
19.82368	46710.0
19.832106	46220.0
19.861799999999999	46250.0
19.862818000000001	45800.0
19.87745	45940.0
19.904449	45080.0
19.905739999999998	45830.0
19.931288000000002	44530.0
19.945734999999999	44600.0
19.939457000000001	45870.0
19.982770000000002	46020.0
19.972404595404598	44010.0
19.995916916916915	47560.0
20.023013000000002	43700.0
20.003	45520.0
20.052454545454545	46290.0
20.03780680680681	45170.0
20.060853000000002	45000.0
20.084440000000001	44580.0
20.076045999999998	44460.0
20.110610000000001	45260.0
20.115328000000002	44130.0
20.126740000000002	45710.0
20.149584000000001	45800.0
20.147974999999999	43530.0
20.163281000000001	44020.0
20.182829999999999	45260.0
20.183078000000002	46290.0
20.208705000000002	43800.0
20.217399	46100.0
20.216584415584414	43580.0
20.261984984984984	43830.0
20.250220000000002	44330.0
20.283715999999998	45790.0
20.307750000000002	45540.0
20.284122	44190.0
20.342254999999998	44390.0
20.325953000000002	45140.0
20.354959999999998	44490.0
20.378675999999999	44940.0
20.369229999999998	45650.0
20.407302999999999	44530.0
20.409929999999999	44250.0
20.424769999999999	44140.0
20.450074999999998	46400.0
20.450568000000001	44390.0
20.470840000000003	45120.0
20.491928000000001	44000.0
20.492692307692309	43590.0
20.520735735735737	44300.0
20.53078	44260.0
20.531310000000001	44010.0
20.568905000000001	45160.0
20.557144999999998	44410.0
20.588999999999999	45540.0
20.606168	43830.0
20.591265	44180.0
20.641720999999997	43040.0
20.624890000000001	43300.0
20.650584000000002	43240.0
20.672114999999998	43670.0
20.665261999999998	42160.0
20.687919999999998	42790.0
20.710096	44010.0
20.714749999999999	42980.0
20.739964999999998	41840.0
20.751580000000001	41770.0
20.762816183816184	41930.0
20.790254254254254	43370.0
20.800999999999998	42520.0
20.814259999999997	42950.0
20.835912	42550.0
20.835799999999999	43290.0
20.868167	43530.0
20.877599999999997	42880.0
20.884876000000002	41490.0
20.918175000000002	41600.0
20.904259	41850.0
20.939519999999998	42570.0
20.951032000000001	41870.0
20.956325	39740.0
20.985595	41680.0
20.982759999999999	42050.0
21.005991999999999	41520.0
21.022749999999998	42270.0
21.029758241758241	42090.0
21.049966966966966	40510.0
21.057147999999998	43200.0
21.068490000000001	42590.0
21.089058999999999	40610.0
21.09573	42610.0
21.11026	42080.0
21.126459999999998	41030.0
21.127139	39890.0
21.156000000000002	41860.0
21.161368	40960.0
21.171939999999999	40490.0
21.196258999999998	43380.0
21.184380000000001	41810.0
21.220556000000002	40930.0
21.224745000000002	42130.0
21.234537	40780.0
21.257298701298701	43710.0
21.255054054054053	41790.0
21.27834965034965	42090.0
21.292736736736739	41780.0
21.301300000000001	41210.0
21.325952000000001	40640.0
21.335650000000001	42040.0
21.351941	40970.0
21.375319999999999	40820.0
21.38288	39970.0
21.402694999999998	41190.0
21.420030000000001	40650.0
21.423749999999998	42180.0
21.456202000000001	41550.0
21.460255	43500.0
21.481103000000001	41910.0
21.506340000000002	42670.0
21.496503999999998	42140.0
21.536529999999999	41650.0
21.542584999999999	41910.0
21.556036963036963	42070.0
21.583476476476477	41220.0
21.579700000000003	40410.0
21.608261000000002	42530.0
21.62068	41150.0
21.631744000000001	41940.0
21.654965000000001	42790.0
21.662167	41030.0
21.677600000000002	41370.0
21.698	42320.0
21.703135	41420.0
21.721409999999999	41060.0
21.7377	41790.0
21.740079999999999	43450.0
21.770205000000001	41570.0
21.773355000000002	42320.0
21.788970000000003	41930.0
21.812566	41580.0
21.806539460539462	43360.0
21.84077722277722	40370.0
21.843839839839841	43450.0
21.858824000000002	41670.0
21.881625	42510.0
21.880561	41730.0
21.905280000000001	41990.0
21.917045999999999	40700.0
21.92943	41600.0
21.951262	41780.0
21.956600000000002	41220.0
21.969712000000001	41470.0
21.989335000000001	41180.0
21.997748999999999	42480.0
22.018149999999999	41440.0
22.034886	41980.0
22.040965	42890.0
22.073414	42830.0
22.077877122877123	42100.0
22.096222222222224	41420.0
22.12135	42020.0
22.112713999999997	42700.0
22.152740000000001	41440.0
22.156766000000001	41290.0
22.174499999999998	42730.0
22.199328999999999	42600.0
22.196200000000001	42850.0
22.225475999999997	42270.0
22.239054999999997	41410.0
22.248918	43830.0
22.271699999999999	43450.0
22.280206	41880.0
22.295315000000002	44020.0
22.315341	43400.0
22.324200000000001	43240.0
22.344504000000001	41710.0
22.358644999999999	43420.0
22.361012987012987	44050.0
22.39020920920921	43970.0
22.393915999999997	43630.0
22.412105	43890.0
22.435665	44680.0
22.431720000000002	45200.0
22.465992	44850.0
22.467925000000001	43540.0
22.480277999999998	44250.0
22.505240000000001	43010.0
22.50609	44000.0
22.529254999999999	43970.0
22.539373999999999	46200.0
22.552160000000001	44430.0
22.573799999999999	44120.0
22.580729999999999	45570.0
22.594898000000001	46090.0
22.616499999999998	45090.0
22.624007992007993	44670.0
22.636567567567567	44770.0
22.653386000000001	46520.0
22.658239999999999	47030.0
22.680239999999998	43700.0
22.696660000000001	45490.0
22.702916251246261	47100.0
22.724933333333336	46300.0
22.724379899497489	45720.0
22.750240201005028	47140.0
22.765828485456368	45770.0
22.770495531281032	47200.0
22.791770392749246	46370.0
22.797569999999997	46210.0
22.816406593406594	45660.0
22.836104104104102	44800.0
22.843926	46690.0
22.861065	45110.0
22.874188	47560.0
22.888987012987013	46890.0
22.910577577577577	47910.0
22.922619999999998	47560.0
22.935352999999999	48100.0
22.95617	48220.0
22.968336000000001	48160.0
22.991795	48440.0
23.00367	49980.0
23.01512	49000.0
23.038575999999999	47800.0
23.04655	48020.0
23.067494	49350.0
23.08474	49400.0
23.095701999999999	49770.0
23.117875000000002	50770.0
23.122787000000002	48100.0
23.14002	49420.0
23.159147999999998	50210.0
23.168221778221778	50590.0
23.185511511511514	50490.0
23.199300000000001	50830.0
23.213044	49260.0
23.231279999999998	50590.0
23.242441999999997	50470.0
23.25572	50130.0
23.273935999999999	52050.0
23.282094999999998	50550.0
23.303122999999999	52810.0
23.319020000000002	50640.0
23.326928000000002	51650.0
23.348299999999998	52680.0
23.352648000000002	53180.0
23.375520000000002	51280.0
23.392775999999998	52440.0
23.400195	54700.0
23.424436	54900.0
23.43374	53080.0
23.451307692307694	55800.0
23.467420420420421	54360.0
23.477176	55360.0
23.4956	56120.0
23.508208	55130.0
23.522625000000001	54800.0
23.541855000000002	56800.0
23.552869999999999	56070.0
23.565687999999998	56900.0
23.583205	57760.0
23.592806	58710.0
23.609960000000001	57230.0
23.625892	58010.0
23.637875000000001	60740.0
23.658384615384616	59400.0
23.663638638638638	61230.0
23.684603603603602	59730.0
23.698090000000001	58590.0
23.707861138861137	61460.0
23.728316316316317	61750.0
23.738336	62550.0
23.755644999999998	62650.0
23.772152000000002	62220.0
23.781549999999999	62450.0
23.798448	64180.0
23.811885	64200.0
23.826661000000001	63940.0
23.84628	65340.0
23.858884	65660.0
23.872855000000001	65410.0
23.891902000000002	65710.0
23.901400000000002	67800.0
23.920217999999998	67050.0
23.936574999999998	67360.0
23.947047999999999	69500.0
23.968720000000001	70470.0
23.977703296703297	70840.0
23.998648351648349	69430.0
24.01399099099099	71160.0
24.021229999999999	71930.0
24.043892	70870.0
24.054359999999999	74380.0
24.071687000000001	73040.0
24.087499999999999	74310.0
24.097216	75310.0
24.112704999999998	75620.0
24.126013	75560.0
24.1402	76790.0
24.158777999999998	78290.0
24.171904999999999	75440.0
24.185541999999998	78920.0
24.203600000000002	80830.0
24.213256000000001	79810.0
24.233599999999999	81590.0
24.247591408591408	82480.0
24.258357357357358	83600.0
24.28182	83490.0
24.291595000000001	86740.0
24.307779	86630.0
24.327740000000002	85100.0
24.335243999999999	87810.0
24.358815	88150.0
24.366985	90980.0
24.380749999999999	90550.0
24.397635999999999	92810.0
24.409549999999999	90930.0
24.428175	95900.0
24.440239999999999	95250.0
24.450703999999998	95050.0
24.467835000000001	98960.0
24.481336000000002	100020.0
24.493400000000001	100430.0
24.509219999999999	101500.0
24.521494505494505	103490.0
24.539619619619621	102030.0
24.553080000000001	105890.0
24.560639999999999	106600.0
24.579104999999998	105750.0
24.591481000000002	106210.0
24.603870000000001	109580.0
24.625665999999999	112360.0
24.629684999999998	112070.0
24.648634000000001	114070.0
24.664000000000001	116350.0
24.675272	118380.0
24.69492	119940.0
24.705285	121330.0
24.721029999999999	122040.0
24.738992	123860.0
24.751664999999999	127700.0
24.768208000000001	126050.0
24.783517482517482	129320.0
24.795541541541539	128920.0
24.813575	133240.0
24.824324000000001	136790.0
24.838979999999999	134040.0
24.859726546906188	137570.0
24.86606513026052	139160.0
24.887131	140230.0
24.8994	145550.0
24.908919999999998	145610.0
24.929790000000001	149340.0
24.935485	149850.0
24.9496	149260.0
24.962426000000001	155440.0
24.973305	155600.0
24.991554000000001	158030.0
25.001300000000001	158890.0
25.013404000000001	162250.0
25.027909999999999	162220.0
25.039681318681318	168290.0
25.054858858858861	167730.0
25.068531999999998	170360.0
25.080624999999998	176280.0
25.099578000000001	176470.0
25.111240000000002	177180.0
25.122568000000001	179120.0
25.142664999999997	182310.0
25.152328999999998	189020.0
25.168800000000001	193550.0
25.187462	195960.0
25.197945000000001	196140.0
25.216940000000001	199000.0
25.225200000000001	203140.0
25.245595999999999	205170.0
25.260270000000002	208920.0
25.272084	217880.0
25.292750000000002	217880.0
25.305290709290709	221190.0
25.321521521521522	228090.0
25.337938000000001	232930.0
25.350240000000003	235980.0
25.368272000000001	243180.0
25.385825000000001	247170.0
25.397786	246390.0
25.41329	254410.0
25.425948000000002	256950.0
25.442345	265900.0
25.464683000000001	271730.0
25.474520000000002	275570.0
25.491471999999998	280230.0
25.506405000000001	285960.0
25.514973000000001	288520.0
25.53875	294930.0
25.544510000000002	300060.0
25.558679999999999	306130.0
25.573105000000002	313760.0
25.58511088911089	317380.0
25.604369369369369	326330.0
25.616320000000002	335550.0
25.631957	337670.0
25.647410000000001	349240.0
25.659264	351740.0
25.675450000000001	355040.0
25.690415999999999	361690.0
25.70298	374260.0
25.720980000000001	384150.0
25.73499	388400.0
25.750451000000002	395830.0
25.76914	404570.0
25.776698	410800.0
25.794425	423540.0
25.808564000000001	426780.0
25.82	437320.0
25.837136000000001	451430.0
25.850657342657342	457090.0
25.866566566566565	463750.0
25.881960000000003	470980.0
25.894905999999999	490300.0
25.91516	495250.0
25.926669	502990.0
25.941400000000002	513320.0
25.95758	526500.0
25.972925	535850.0
25.991016999999999	548310.0
26.006730000000001	568260.0
26.018730000000001	576880.0
26.033694999999998	593580.0
26.048444	597960.0
26.06156	611220.0
26.077728	627580.0
26.087610000000002	637580.0
26.104358000000001	651990.0
26.117549450549451	664030.0
26.128021	679120.0
26.148033999999999	691110.0
26.156255255255257	702380.0
26.17248	717070.0
26.187180000000001	731630.0
26.198415000000001	748530.0
26.217490999999999	759600.0
26.230029999999999	774130.0
26.244196000000002	795290.0
26.259050000000002	807350.0
26.271324	828170.0
26.287559999999999	840360.0
26.302023999999999	863830.0
26.313314999999999	880830.0
26.329718	898350.0
26.342769999999998	909220.0
26.356114000000002	935560.0
26.371142857142857	949310.0
26.383069069069069	967540.0
26.402200000000001	981640.0
26.413727999999999	1003120.0
26.427099999999999	1019500.0
26.44614	1040580.0
26.454279999999997	1061050.0
26.471378000000001	1086130.0
26.485409999999998	1098640.0
26.497971	1119280.0
26.5154	1150700.0
26.528392	1166340.0
26.543875	1191290.0
26.559654999999999	1219960.0
26.572890000000001	1239140.0
26.588158	1269420.0
26.604089999999999	1289190.0
26.618192000000001	1315730.0
26.63344	1342340.0
26.648375624375621	1366280.0
26.66364064064064	1391190.0
26.679970000000001	1421480.0
26.690549999999998	1452490.0
26.706937999999997	1482930.0
26.72466	1496090.0
26.736153999999999	1538210.0
26.75712	1566560.0
26.768944000000001	1601200.0
26.786435000000001	1623760.0
26.802071999999999	1660130.0
26.815000000000001	1707240.0
26.831712712712712	1723330.0
26.84375	1762360.0
26.857032	1792480.0
26.872859999999999	1830700.0
26.886384	1859140.0
26.901215000000001	1896190.0
26.916675324675325	1934420.0
26.930230230230229	1960380.0
26.944104000000003	2008600.0
26.956130000000002	2046060.0
26.971187	2082430.0
26.9894	2121450.0
27.001431999999998	2161070.0
27.016680000000001	2219180.0
27.031569999999999	2258800.0
27.04121	2294670.0
27.061202000000002	2343200.0
27.073895	2383360.0
27.091473000000001	2425240.0
27.103840000000002	2482210.0
27.116808000000002	2522800.0
27.135950000000001	2562780.0
27.149446999999999	2607620.0
27.164339999999999	2656850.0
27.180884115884115	2699540.0
27.194414414414414	2742750.0
27.208766000000001	2798070.0
27.224160000000001	2848830.0
27.238271999999998	2881090.0
27.253175000000002	2948540.0
27.267158000000002	3002910.0
27.282	3037810.0
27.298414000000001	3099390.0
27.307254999999998	3149790.0
27.326926	3222570.0
27.343779999999999	3262850.0
27.356264000000003	3307560.0
27.377230000000001	3384710.0
27.386253	3423210.0
27.401789999999998	3488660.0
27.417974000000001	3540950.0
27.431849999999997	3588610.0
27.448086	3614380.0
27.460472527472525	3698940.0
27.476632632632633	3753350.0
27.493359999999999	3796630.0
27.508054999999999	3836940.0
27.524799999999999	3916430.0
27.540740259740257	3970370.0
27.554704704704704	4010000.0
27.570551999999999	4074810.0
27.5852	4159530.0
27.60004	4211730.0
27.617460000000001	4243630.0
27.629983000000003	4324780.0
27.647870000000001	4379730.0
27.663743999999998	4411980.0
27.675284999999999	4483580.0
27.693373000000001	4527020.0
27.705960000000001	4578840.0
27.722696000000003	4601760.0
27.736538461538458	4674040.0
27.749874874874873	4712030.0
27.767600000000002	4754280.0
27.779138	4798120.0
27.792794999999998	4862070.0
27.808391999999998	4894900.0
27.824179999999998	4930650.0
27.839380000000002	4991620.0
27.852340000000002	5042950.0
27.864955000000002	5058660.0
27.880650000000003	5101890.0
27.896922077922078	5159070.0
27.909813813813813	5175080.0
27.923898000000001	5218540.0
27.937880000000003	5261380.0
27.954792000000001	5311250.0
27.969910000000002	5303840.0
27.983288999999996	5364750.0
27.999490000000002	5390310.0
28.011974025974023	5422320.0
28.026123123123121	5448650.0
28.042885999999999	5496110.0
28.056139999999999	5539080.0
28.071444	5544710.0
28.084220000000002	5576240.0
28.098828999999999	5627000.0
28.113259999999997	5646190.0
28.126045999999999	5680000.0
28.141404999999999	5715700.0
28.155917000000002	5749180.0
28.169599999999999	5754720.0
28.186279999999996	5814740.0
28.20027	5859140.0
28.213855000000002	5860650.0
28.22794	5870300.0
28.242239999999999	5930220.0
28.260493506493507	5954360.0
28.272989010989008	5963300.0
28.287270541082162	5998750.0
28.301579158316631	6019930.0
28.314950000000003	6038840.0
28.332663	6052600.0
28.345790000000001	6072250.0
28.360511999999996	6074310.0
28.375024999999997	6052110.0
28.388618000000001	6072480.0
28.401959999999999	6096390.0
28.417064	6035600.0
28.430540000000001	6012120.0
28.444946000000002	6041780.0
28.461199999999998	6007990.0
28.476834	5988330.0
28.491970000000002	5975380.0
28.504991	5958990.0
28.518940000000004	5923700.0
28.535541458541459	5887410.0
28.547462462462466	5874880.0
28.561989000000001	5840590.0
28.577839999999998	5793570.0
28.589417999999998	5787480.0
28.607524999999995	5761600.0
28.620978000000001	5689960.0
28.635200000000001	5654940.0
28.652808	5646660.0
28.666204999999998	5611040.0
28.683002999999999	5584680.0
28.696982999999999	5571850.0
28.710660000000001	5562890.0
28.726746000000002	5526180.0
28.741150000000001	5506860.0
28.755032	5517570.0
28.77028	5483970.0
28.785105000000001	5465040.0
28.799394605394603	5444420.0
28.814603603603601	5447320.0
28.831769999999999	5399550.0
28.848037999999999	5396310.0
28.861890000000002	5393790.0
28.878195999999999	5356850.0
28.894974999999999	5318660.0
28.907485999999995	5322510.0
28.924639999999997	5307840.0
28.939912000000003	5271710.0
28.955159999999999	5236700.0
28.970392	5238170.0
28.984059999999999	5200750.0
28.999613999999998	5145270.0
29.013035000000002	5135790.0
29.026057999999999	5135760.0
29.0412	5062410.0
29.056280000000001	5036230.0
29.072090000000003	5043340.0
29.087848151848153	4994440.0
29.101725999999999	4954730.0
29.115781781781781	4959930.0
29.130724999999998	4923900.0
29.145538999999999	4873900.0
29.161519999999999	4833520.0
29.176407999999999	4829510.0
29.1905	4790240.0
29.209153846153846	4739570.0
29.223435435435434	4723680.0
29.237729729729729	4707490.0
29.250154999999999	4634080.0
29.26246222664016	4608260.0
29.277424547283704	4592220.0
29.293463999999997	4544280.0
29.30743	4477900.0
29.321455	4474430.0
29.336399999999998	4460090.0
29.352825174825174	4385950.0
29.367209209209207	4351720.0
29.381619000000001	4360780.0
29.397359999999999	4303100.0
29.412591999999997	4266000.0
29.42784	4265600.0
29.442755000000002	4221430.0
29.458400000000001	4176980.0
29.475663999999998	4141440.0
29.4878	4126990.0
29.503285999999999	4075440.0
29.519959999999998	4032470.0
29.531607999999999	4005420.0
29.549714999999996	3994940.0
29.561243999999999	3936960.0
29.575349999999997	3911500.0
29.59384	3876430.0
29.607334999999999	3847060.0
29.621951999999997	3819640.0
29.637888111888113	3789870.0
29.653426426426424	3773320.0
29.668074999999998	3723240.0
29.681241	3694640.0
29.697709999999997	3685320.0
29.714005999999998	3656760.0
29.726809999999997	3613670.0
29.741239	3581200.0
29.756800000000002	3579840.0
29.772168000000004	3526610.0
29.788925000000003	3506270.0
29.801655	3495250.0
29.816600000000001	3470570.0
29.835148000000004	3419210.0
29.848595	3395350.0
29.864779000000002	3399910.0
29.879100000000001	3338510.0
29.893380000000004	3312150.0
29.910194805194802	3281950.0
29.924155155155155	3240910.0
29.9405	3156560.0
29.956232	3117790.0
29.972135000000002	3004490.0
29.988319000000001	2792010.0
30.003959999999999	2564590.0
30.019192	2428130.0
30.034904999999998	2343140.0
30.050671999999999	2261640.0
30.065920000000002	2229450.0
30.080508000000002	2200550.0
30.094400000000004	2127190.0
30.109178	2085930.0
30.123059999999999	2065500.0
30.13898	2017350.0
30.15353	1982900.0
30.170666000000001	1949770.0
30.187820000000002	1936350.0
30.200233766233765	1880010.0
30.217108108108111	1863130.0
30.230857999999998	1843000.0
30.245800000000003	1814670.0
30.262536000000004	1768980.0
30.277574999999999	1754870.0
30.294483	1742610.0
30.310760000000002	1710920.0
30.325430000000001	1680590.0
30.340240000000001	1670330.0
30.355471999999999	1637700.0
30.371559999999999	1614220.0
30.387951999999999	1594360.0
30.402225000000001	1590500.0
30.415986	1555740.0
30.432220000000001	1541240.0
30.446093999999999	1530480.0
30.462427572427572	1511000.0
30.478860860860863	1489740.0
30.488679999999999	1466750.0
30.504864000000001	1464700.0
30.521065	1437970.0
30.534558000000001	1425110.0
30.548750000000002	1420500.0
30.563832000000001	1400800.0
30.579079999999998	1377400.0
30.593605	1373820.0
30.608559999999997	1378360.0
30.623179999999998	1345290.0
30.63691	1327460.0
30.651788999999997	1327400.0
30.667049999999996	1317690.0
30.681751999999999	1296240.0
30.697000000000003	1290440.0
30.711577999999999	1294270.0
30.724919999999997	1274700.0
30.738708291708292	1264000.0
30.753946946946947	1259650.0
30.769055000000002	1244300.0
30.783259999999999	1239930.0
30.796672000000001	1215940.0
30.811919999999997	1218760.0
30.825258000000002	1197700.0
30.840399999999999	1191160.0
30.854779999999998	1197530.0
30.869879999999998	1187170.0
30.885112000000003	1171320.0
30.89894	1169070.0
30.914242757242757	1159300.0
30.92921921921922	1149830.0
30.943505000000002	1142450.0
30.959360000000004	1134520.0
30.974608	1127500.0
30.986675000000002	1121470.0
31.000524950099802	1111670.0
31.017272545090179	1104740.0
31.030794000000004	1091710.0
31.046994999999999	1083200.0
31.062414101290965	1080490.0
31.075276938569992	1073050.0
31.091012000000003	1055690.0
31.10181	1056480.0
31.118946000000001	1060030.0
31.136099999999999	1043680.0
31.148726	1030390.0
31.164535000000001	1030300.0
31.178297999999998	1027500.0
31.194679999999998	1019880.0
31.210392000000002	1017300.0
31.224989999999998	1018490.0
31.239284999999999	1000810.0
31.253007999999998	994000.0
31.269500000000001	1001600.0
31.285671328671331	992750.0
31.299012012012014	984800.0
31.313876000000004	987080.0
31.330360000000002	986500.0
31.345305	976720.0
31.359840000000002	971290.0
31.374687999999999	971990.0
31.388320000000004	974620.0
31.403843000000002	964140.0
31.421849999999999	967110.0
31.438032000000003	968710.0
31.453279999999999	962190.0
31.469418999999998	944080.0
31.484760000000001	956530.0
31.499180000000003	955670.0
31.515004999999999	949220.0
31.531189000000001	942830.0
31.544709999999998	944190.0
31.562048951048951	937410.0
31.575745745745746	938090.0
31.589485999999997	941750.0
31.60472	937430.0
31.620208000000002	924440.0
31.636775	925720.0
31.651729	936540.0
31.667059999999999	919780.0
31.681114000000001	916440.0
31.697120000000002	926300.0
31.712645999999999	922290.0
31.729600000000001	912770.0
31.744779999999999	909040.0
31.759095000000002	912560.0
31.777182999999997	908080.0
31.789829999999998	899400.0
31.806515999999998	907430.0
31.821224999999998	900470.0
31.837039000000001	891160.0
31.852508491508491	899760.0
31.86909009009009	894940.0
31.884999999999998	891680.0
31.899077999999999	884090.0
31.91348	892730.0
31.928711999999997	885690.0
31.943960000000001	880900.0
31.959579000000002	871380.0
31.975439999999999	883960.0
31.990963999999998	878140.0
32.006430000000002	864020.0
32.020940000000003	865250.0
32.039549999999998	867530.0
32.055530000000005	852330.0
32.069935000000001	861310.0
32.086104999999996	864110.0
32.1004	842360.0
32.115591999999999	841820.0
32.12823376623377	850610.0
32.143885885885886	842500.0
32.161629999999995	835660.0
32.177540459540459	838750.0
32.19346946946947	839200.0
32.20902197802198	830190.0
32.22369369369369	826180.0
32.238512	831780.0
32.254244999999997	826770.0
32.269992000000002	822500.0
32.285240000000002	808100.0
32.300471999999999	819640.0
32.316015	807510.0
32.331952000000001	811270.0
32.3474	804490.0
32.363279999999996	803080.0
32.377575	797130.0
32.392026000000001	795110.0
32.409149850149852	805260.0
32.423415584415586	795550.0
32.438638638638636	791860.0
32.453004999999997	796040.0
32.468940000000003	800470.0
32.482807999999999	786710.0
32.499049999999997	787090.0
32.512801000000003	791400.0
32.527709999999999	788300.0
32.543894000000002	783420.0
32.558460159362546	783070.0
32.573728915662649	778120.0
32.589599999999997	773810.0
32.603487999999999	767260.0
32.617865000000002	775720.0
32.634048999999997	766740.0
32.649749999999997	756740.0
32.664030000000004	767470.0
32.678787212787213	760990.0
32.695802	746690.0
32.711885885885884	747380.0
32.726143999999998	751210.0
32.737580000000001	748560.0
32.754505999999999	740220.0
32.769919999999999	746950.0
32.784329999999997	741070.0
32.797850000000004	728640.0
32.814813000000001	736290.0
32.82884	729710.0
32.843111999999998	727860.0
32.857774999999997	719210.0
32.872054999999996	718130.0
32.886839999999999	715920.0
32.901188000000005	710510.0
32.916505000000001	716550.0
32.932857999999996	717000.0
32.947400000000002	707440.0
32.963020979020982	704030.0
32.975471471471472	708900.0
32.991825999999996	702290.0
33.008759999999995	699490.0
33.023992	698390.0
33.039255000000004	707150.0
33.055439	699960.0
33.069800000000001	695240.0
33.082336000000005	694850.0
33.095550000000003	696550.0
33.110431999999996	688270.0
33.125680000000003	683610.0
33.140230000000003	690360.0
33.15643	682450.0
33.170631	681360.0
33.185720000000003	684620.0
33.200396000000005	678680.0
33.215454999999999	665710.0
33.231552447552446	669260.0
33.245589589589592	673040.0
33.260227999999998	665760.0
33.274335000000001	651930.0
33.290518999999996	663000.0
33.306240000000003	663870.0
33.319679999999998	644830.0
33.334105000000001	655640.0
33.350255000000004	657470.0
33.364550000000001	639750.0
33.377907999999998	638560.0
33.393875000000001	640990.0
33.410058999999997	646730.0
33.423140000000004	629710.0
33.436969030969031	630340.0
33.454009009009013	632590.0
33.469555	624280.0
33.483260000000001	626330.0
33.497129999999999	622590.0
33.512406593406595	616520.0
33.52903603603604	612640.0
33.544200000000004	603330.0
33.557279999999999	618030.0
33.572794999999999	600340.0
33.589598000000002	595860.0
33.602940000000004	607880.0
33.616267999999998	591980.0
33.629955000000002	588840.0
33.646273000000001	586090.0
33.664279999999998	588960.0
33.677607999999999	580870.0
33.690950000000001	579270.0
33.706909000000003	575110.0
33.723109999999998	579070.0
33.739294000000001	573870.0
33.752555000000001	568480.0
33.768366	568700.0
33.78359040959041	563390.0
33.796690690690689	555430.0
33.812354999999997	557400.0
33.827958000000002	560680.0
33.8431	549860.0
33.859431999999998	548790.0
33.87397	549400.0
33.888526000000006	542980.0
33.904640000000001	537110.0
33.91818	536290.0
33.932639999999999	534480.0
33.948222999999999	528890.0
33.9664	522460.0
33.985329999999998	528550.0
33.999625000000002	511210.0
34.012051	512900.0
34.025320000000001	514420.0
34.042808000000001	511550.0
34.056989999999999	501130.0
34.071043956043958	499180.0
34.086035035035039	504670.0
34.101272000000002	495500.0
34.115916083916083	494150.0
34.130198198198201	497160.0
34.144999999999996	490430.0
34.160684000000003	481830.0
34.176479999999998	481460.0
34.191355000000001	481460.0
34.205649999999999	475620.0
34.219929999999998	469050.0
34.234439999999999	476170.0
34.250172999999997	464790.0
34.268270916334657	465940.0
34.286092369477906	463150.0
34.301400000000001	461700.0
34.316631999999998	458480.0
34.331865134865133	454950.0
34.348858	455950.0
34.364357357357356	458310.0
34.379579420579425	454840.0
34.395575575575577	451730.0
34.411071999999997	449690.0
34.425674999999998	448120.0
34.441713858424727	440400.0
34.458326980942829	445550.0
34.473027999999999	442610.0
34.488189999999996	438020.0
34.504104999999996	436250.0
34.519480000000001	437990.0
34.535679999999999	432070.0
34.550240000000002	430820.0
34.565905999999998	433240.0
34.582889999999999	429570.0
34.59883	424710.0
34.613275000000002	423040.0
34.62945854145854	419650.0
34.645643356643355	417980.0
34.660910910910907	412230.0
34.677929999999996	415510.0
34.690880999999997	413080.0
34.708010000000002	407020.0
34.723872	408710.0
34.738424999999999	411970.0
34.752057999999998	402880.0
34.766600000000004	403980.0
34.782935999999999	402230.0
34.798575	397760.0
34.812854999999999	393640.0
34.827970000000001	393860.0
34.843792000000001	390980.0
34.858725	389860.0
34.873806000000002	387810.0
34.890300000000003	391070.0
34.904233766233766	390420.0
34.917110110110109	384940.0
34.933309000000001	381570.0
34.949480000000001	380370.0
34.964712000000006	378120.0
34.976219999999998	371940.0
34.992078999999997	373730.0
35.007439999999995	372150.0
35.023463999999997	365150.0
35.038919999999997	365990.0
35.052758000000004	367420.0
35.0687	360520.0
35.082826000000004	354530.0
35.097990000000003	359920.0
35.114618999999998	356300.0
35.128979999999999	352580.0
35.143416000000002	353860.0
35.160205000000005	353730.0
35.175433566433568	349050.0
35.18876976976977	343570.0
35.202329999999996	343330.0
35.216974999999998	343900.0
35.233286	336940.0
35.250120000000003	341880.0
35.263543999999996	339830.0
35.279744999999998	333420.0
35.294055	331260.0
35.307459999999999	330920.0
35.324998000000001	331410.0
35.339129999999997	328220.0
35.354699000000004	322140.0
35.370899999999999	327120.0
35.385128000000002	320720.0
35.399075000000003	320460.0
35.415026000000005	318290.0
35.429630000000003	316780.0
35.442467999999998	314120.0
35.45746253746254	307790.0
35.473861861861863	315680.0
35.48912	308430.0
35.504351999999997	308020.0
35.520049999999998	309910.0
35.536831999999997	308210.0
35.552079999999997	301680.0
35.567312000000001	302750.0
35.582525000000004	297640.0
35.596805000000003	293570.0
35.61204	294820.0
35.626379999999997	299230.0
35.642365000000005	297870.0
35.656954999999996	289480.0
35.672750000000001	287950.0
35.686827999999998	290910.0
35.704099999999997	283310.0
35.718890999999999	280240.0
35.734629370629371	285780.0
35.749649649649648	281480.0
35.76437	278010.0
35.780255000000004	279760.0
35.795290000000001	278430.0
35.811457627118642	272680.0
35.827347652347655	269080.0
35.841678678678676	277920.0
35.854195586760277	269480.0
35.870848000000002	267600.0
35.884444999999999	270490.0
35.900554999999997	267690.0
35.914850000000001	269040.0
35.931956	262280.0
35.946424999999998	261920.0
35.959858000000004	259250.0
35.976399999999998	261110.0
35.992784	258230.0
36.006164999999996	256250.0
36.022470529470532	254920.0
36.038144144144141	249450.0
36.053553999999998	254560.0
36.068210000000001	248220.0
36.082472000000003	245520.0
36.098140000000001	245650.0
36.113579999999999	245760.0
36.127549999999999	243510.0
36.142263	242410.0
36.159680000000002	243220.0
36.174729999999997	241780.0
36.188755	237910.0
36.201740000000001	238720.0
36.220599999999997	239440.0
36.234879999999997	232240.0
36.24823	233330.0
36.264249	233630.0
36.279599999999995	231360.0
36.293216783216785	224460.0
36.307321321321318	227720.0
36.322311999999997	223600.0
36.337560000000003	224510.0
36.352792000000001	223030.0
36.369170000000004	225230.0
36.385789000000003	224690.0
36.400579999999998	219710.0
36.41433	217090.0
36.429375	219410.0
36.444251000000001	216140.0
36.458320000000001	215050.0
36.475480000000005	215790.0
36.489405000000005	216330.0
36.502465999999998	211120.0
36.519350000000003	211780.0
36.533630000000002	214060.0
36.547924999999999	210500.0
36.562205000000006	212510.0
36.580082917082919	211680.0
36.593925925925923	207290.0
36.609684999999999	207620.0
36.624355000000001	205780.0
36.640070000000001	205060.0
36.655591999999999	200390.0
36.672070000000005	200500.0
36.687505000000002	203710.0
36.702831168831167	199050.0
36.719486486486488	196290.0
36.736224999999997	191160.0
36.752786	195810.0
36.768950000000004	191270.0
36.783230000000003	192800.0
36.798699999999997	188700.0
36.816243999999998	186350.0
36.828099999999999	180490.0
36.842838161838159	179510.0
36.861660660660661	174200.0
36.875954954954956	174990.0
36.891200000000005	172440.0
36.906432000000002	167920.0
36.921680000000002	164420.0
36.936912	162190.0
36.952919999999999	162160.0
36.969103999999994	158260.0
36.984639999999999	156130.0
36.999872000000003	150570.0
37.016829999999999	146220.0
37.031785999999997	145340.0
37.047024999999998	145810.0
37.063831999999998	141470.0
37.077939999999998	138900.0
37.092307999999996	134820.0
37.109845	132210.0
37.126029000000003	130920.0
37.142416583416583	127600.0
37.159117117117113	124680.0
37.173614999999998	124820.0
37.189751999999999	119960.0
37.204999999999998	121100.0
37.220231999999996	117150.0
37.234575	114420.0
37.251425999999995	112240.0
37.266960000000005	109440.0
37.285240000000002	109480.0
37.299295000000001	108760.0
37.313004999999997	103890.0
37.328539999999997	104040.0
37.345296000000005	103900.0
37.360349999999997	99970.0
37.375585999999998	97870.0
37.391449999999999	96460.0
37.405347999999996	97090.0
37.420358641358639	92470.0
37.43758058058058	92690.0
37.453559999999996	92210.0
37.470688000000003	90580.0
37.484319999999997	90150.0
37.500036999999999	85210.0
37.519649999999999	86820.0
37.532035999999998	86760.0
37.549189999999996	83990.0
37.562697999999997	83210.0
37.576900000000002	83440.0
37.592803999999994	82270.0
37.605944999999998	80770.0
37.621189000000001	81410.0
37.636049999999997	80280.0
37.649707999999997	79600.0
37.664200000000001	78880.0
37.679959000000004	78810.0
37.693760000000005	79910.0
37.705178821178826	74770.0
37.718534534534534	75810.0
37.733381000000001	76630.0
37.74606	75760.0
37.759630000000001	74900.0
37.774120000000003	77520.0
37.788909090909087	75770.0
37.801882882882879	75750.0
37.819624000000005	78540.0
37.831075000000006	73090.0
37.845354999999998	75720.0
37.859649999999995	76490.0
37.876515999999995	74930.0
37.891224999999999	74840.0
37.906271999999994	75430.0
37.920079999999999	75930.0
37.932063999999997	74860.0
37.947249999999997	75900.0
37.962646353646356	74750.0
37.978002002002	75980.0
37.992747999999999	75250.0
38.006525000000003	78110.0
38.021191999999999	76990.0
38.036439999999999	76080.0
38.051963999999998	76530.0
38.067185000000002	76230.0
38.079954999999998	76770.0
38.094697302697298	78090.0
38.11171871871872	78540.0
38.127715000000002	76080.0
38.140118999999999	76630.0
38.156319999999994	79140.0
38.170679999999997	77960.0
38.184109999999997	76390.0
38.199888999999999	78500.0
38.215319999999998	78070.0
38.229107999999997	78070.0
38.243746268656714	78610.0
38.259002010050253	80570.0
38.274279999999997	78590.0
38.288448000000002	79300.0
38.302759999999999	79380.0
38.318866	79460.0
38.334850000000003	81240.0
38.348446000000003	78750.0
38.361710578842313	80430.0
38.376927855711422	81900.0
38.392400000000002	81350.0
38.407823999999998	81130.0
38.419890000000002	80460.0
38.436968999999998	81570.0
38.453140000000005	82290.0
38.466467999999999	81120.0
38.481639999999999	82200.0
38.497739000000003	83100.0
38.512287712287716	82890.0
38.526576576576581	80610.0
38.543050000000001	82780.0
38.557477999999996	82700.0
38.570819999999998	83670.0
38.585894000000003	83310.0
38.602094999999998	83050.0
38.616330999999995	83250.0
38.629599999999996	83530.0
38.645447999999995	85130.0
38.661829999999995	83840.0
38.675454999999999	83930.0
38.690249999999999	84670.0
38.706030000000005	83030.0
38.720015000000004	83500.0
38.732711999999999	85030.0
38.748019999999997	81640.0
38.764180000000003	83730.0
38.778475	83860.0
38.79548951048951	84210.0
38.809178178178179	86250.0
38.825796000000004	84320.0
38.840625000000003	86320.0
38.853451	85600.0
38.86992	82640.0
38.884847999999998	86000.0
38.899944999999995	83970.0
38.915591999999997	85780.0
38.928879999999999	83510.0
38.943398000000002	82120.0
38.961109999999998	87210.0
38.976858	84890.0
38.990499999999997	87030.0
39.005283999999996	85380.0
39.021075000000003	85890.0
39.035668999999999	83600.0
39.051978021978016	84880.0
39.068976976976977	86840.0
39.08420979020979	86600.0
39.097524475524473	85240.0
39.111798798798802	86010.0
39.123463999999998	84530.0
39.143149999999999	84130.0
39.157100999999997	84270.0
39.170949999999998	86620.0
39.185912000000002	85260.0
39.199255000000001	83680.0
39.215739999999997	85430.0
39.231560000000002	87830.0
39.247347999999995	84940.0
39.262785000000001	82670.0
39.277543000000001	85410.0
39.294250000000005	84420.0
39.307926000000002	84300.0
39.321080000000002	85170.0
39.336308691308687	81840.0
39.351856287425143	83550.0
39.368858575727181	83330.0
39.385040000000004	83750.0
39.400254745254742	82610.0
39.414535464535462	84150.0
39.431594594594593	84680.0
39.446125000000002	84700.0
39.460405000000002	82130.0
39.477040000000002	83000.0
39.491980000000005	82260.0
39.509014999999998	81310.0
39.521369999999997	81520.0
39.535029999999999	83690.0
39.549588	82090.0
39.565899999999999	80430.0
39.582258000000003	81170.0
39.596400000000003	82040.0
39.611626373626372	81220.0
39.626564564564568	81590.0
39.642397000000003	81410.0
39.660730000000001	79680.0
39.673915999999998	78430.0
39.690725	77960.0
39.705072000000001	78710.0
39.720320000000001	77660.0
39.735551999999998	77020.0
39.750800000000005	76540.0
39.765155	75550.0
39.780280000000005	77710.0
39.796293999999996	76750.0
39.812494999999998	76560.0
39.826618000000003	75790.0
39.84252	75000.0
39.860839999999996	73740.0
39.875540000000001	74090.0
39.888951999999996	74020.0
39.904642357642359	73160.0
39.921225225225228	71530.0
39.938034999999999	72900.0
39.953604999999996	70350.0
39.968420000000002	71540.0
39.983967999999997	69990.0
39.997805	68120.0
40.014223000000001	67080.0
40.032049999999998	66440.0
40.046307999999996	67220.0
40.059650000000005	67040.0
40.077612999999999	66710.0
40.092199999999998	66430.0
40.107312	64330.0
40.124130000000001	63900.0
40.137580999999997	65770.0
40.154109999999996	64760.0
40.168987999999999	62460.0
40.184104895104895	61150.0
40.199744744744748	61570.0
40.214500000000001	61290.0
40.231492000000003	61470.0
40.247860000000003	59500.0
40.261068999999999	60900.0
40.276959999999995	59590.0
40.292453999999999	61450.0
40.308010000000003	59090.0
40.321839000000004	59170.0
40.337919999999997	59540.0
40.353079999999999	58280.0
40.367449999999998	57170.0
40.384585999999999	56480.0
40.398020000000002	57720.0
40.414876	54030.0
40.428689999999996	54480.0
40.445953000000003	55630.0
40.461100000000002	53350.0
40.475369630369627	54140.0
40.489621513944222	53620.0
40.506304522613064	53670.0
40.523350000000001	54610.0
40.537526	51890.0
40.551735000000001	52900.0
40.567104999999998	51260.0
40.581760000000003	54440.0
40.597304000000001	50990.0
40.613240000000005	51160.0
40.628906000000001	51810.0
40.645040000000002	49790.0
40.656952000000004	53220.0
40.672274999999999	51790.0
40.688405000000003	49510.0
40.7027	50460.0
40.719775999999996	49600.0
40.735999999999997	51130.0
40.753042084168335	48160.0
40.766267267267267	49220.0
40.78013	49320.0
40.793730000000004	49140.0
40.808999	48290.0
40.825800000000001	47050.0
40.840727999999999	47680.0
40.855584999999998	47960.0
40.870398000000002	47670.0
40.88579	48660.0
40.902068	46760.0
40.915725000000002	47750.0
40.930272000000002	48300.0
40.945959999999999	46170.0
40.962574850299404	45450.0
40.976969969969971	47890.0
40.992215999999999	47080.0
41.007464464464462	45460.0
41.022711711711715	46850.0
41.037010989010987	46640.0
41.052190190190188	47890.0
41.069120000000005	44940.0
41.083087999999996	46530.0
41.097919999999995	44090.0
41.113849000000002	44160.0
41.129389610389609	44460.0
41.144625625625629	44100.0
41.159325000000003	44520.0
41.174619	44830.0
41.190820000000002	44020.0
41.206180000000003	43790.0
41.220840000000003	45070.0
41.236706000000005	43650.0
41.253050000000002	41880.0
41.267774000000003	44370.0
41.283974999999998	43850.0
41.299903096903101	44870.0
41.31426526526527	43170.0
41.329480000000004	44270.0
41.343775000000001	41630.0
41.360866000000001	41940.0
41.379799999999996	41630.0
41.392103999999996	42660.0
41.407515000000004	43020.0
41.420710999999997	42300.0
41.4345	42800.0
41.451388000000001	42680.0
41.467679999999994	42880.0
41.481240999999997	42700.0
41.496690000000001	40610.0
41.513391999999996	40620.0
41.528224999999999	41140.0
41.543239	40600.0
41.558800000000005	43250.0
41.573624000000002	40850.0
41.58914685314685	40830.0
41.602818818818818	41770.0
41.618209999999998	40370.0
41.634230000000002	41670.0
41.648664335664336	42160.0
41.66673426573427	41780.0
41.68203903903904	39820.0
41.696379999999998	40920.0
41.712336327345312	40310.0
41.726152304609215	41550.0
41.7425	40850.0
41.756126000000002	40740.0
41.769170000000003	40370.0
41.784318999999996	40250.0
41.799399999999999	41220.0
41.814703999999999	40730.0
41.829974999999997	39670.0
41.844672000000003	40230.0
41.859544455544452	39360.0
41.873819819819822	38600.0
41.888399999999997	38370.0
41.903404999999999	39020.0
41.917519999999996	40010.0
41.931376	39820.0
41.948190000000004	39040.0
41.961591999999996	39170.0
41.976839999999996	40100.0
41.992072	38980.0
42.006425	39200.0
42.022399	40680.0
42.037799999999997	40500.0
42.053784	39240.0
42.067164999999996	40080.0
42.084139999999998	41040.0
42.100760000000001	39440.0
42.114305999999999	39020.0
42.128754999999998	39860.0
42.143991017964069	38920.0
42.159539078156314	38440.0
42.175952000000002	39610.0
42.190224999999998	38990.0
42.203708999999996	37810.0
42.220599999999997	39290.0
42.238729999999997	39440.0
42.253025000000001	39260.0
42.267479000000002	38310.0
42.283680000000004	37790.0
42.299863999999999	38000.0
42.31512	38560.0
42.331249	38980.0
42.346599999999995	39640.0
42.361832	38720.0
42.377834999999997	38600.0
42.393312000000002	38270.0
42.408560000000001	36930.0
42.425004995004997	38250.0
42.442162162162163	38820.0
42.458272000000001	38330.0
42.473520000000001	36610.0
42.487485999999997	36290.0
42.502124999999999	38690.0
42.518577999999998	38380.0
42.532759999999996	36850.0
42.548480000000005	38100.0
42.562405000000005	36970.0
42.575465999999999	38070.0
42.592710000000004	36860.0
42.610588	37230.0
42.623930000000001	38000.0
42.638205000000006	37440.0
42.655199999999994	38230.0
42.670631999999998	37250.0
42.686684999999997	37330.0
42.702869	37120.0
42.71763936063936	37030.0
42.731915000000001	39710.0
42.746219219219221	38080.0
42.760505000000002	36970.0
42.775840000000002	36730.0
42.791080000000001	37120.0
42.805374999999998	37560.0
42.820408999999998	37760.0
42.836939999999998	36900.0
42.852665999999999	37780.0
42.866230000000002	37360.0
42.882992000000002	36960.0
42.898224428997018	36950.0
42.913283987915406	36150.0
42.927765000000001	36110.0
42.943949000000003	36650.0
42.955400000000004	37770.0
42.972235999999995	36590.0
42.988520479520481	36050.0
43.003102102102105	36430.0
43.018920000000001	37470.0
43.034392000000004	36790.0
43.048974999999999	35470.0
43.064489000000002	36590.0
43.080689999999997	36000.0
43.095829999999999	36790.0
43.110125000000004	37610.0
43.125686000000002	36530.0
43.1417	35760.0
43.156312	37160.0
43.170990000000003	36380.0
43.185265999999999	37050.0
43.20203696303696	36320.0
43.217258258258262	37530.0
43.232615000000003	37860.0
43.248705000000001	34970.0
43.262999999999998	36530.0
43.279167832167836	36190.0
43.294478478478482	37150.0
43.311425999999997	36090.0
43.326149999999998	36540.0
43.341191999999999	36700.0
43.35501	36580.0
43.371673000000001	36120.0
43.387300000000003	36120.0
43.401007999999997	36600.0
43.415399999999998	36340.0
43.431108999999999	34750.0
43.44688	35430.0
43.462494	34840.0
43.478025000000002	34020.0
43.492305000000002	36060.0
43.507097000000002	35960.0
43.522910000000003	35270.0
43.537937062937061	34820.0
43.556486486486484	35670.0
43.570832000000003	36160.0
43.586084999999997	35800.0
43.602269	34500.0
43.61938	34960.0
43.635653999999995	36020.0
43.648595	37240.0
43.663271999999999	33950.0
43.67924	36490.0
43.695976237623761	35530.0
43.712560606060606	33550.0
43.727654999999999	35930.0
43.743009999999998	36040.0
43.757747999999999	35030.0
43.772394999999996	35800.0
43.788578999999999	36500.0
43.803419999999996	33790.0
43.817542457542459	35220.0
43.834663663663662	35530.0
43.849545999999997	35230.0
43.866099999999996	34500.0
43.879632000000001	35670.0
43.894934999999997	35520.0
43.911104999999999	34850.0
43.925400000000003	35250.0
43.943328000000001	35100.0
43.958855999999997	35530.0
43.973284999999997	34820.0
43.991440000000004	36470.0
44.006864135864141	35290.0
44.022503503503501	34910.0
44.03802985074627	35460.0
44.05443819095477	34710.0
44.071095	34320.0
44.087278999999995	33800.0
44.102599999999995	33190.0
44.117265734265736	35520.0
44.133198198198201	33690.0
44.149751999999999	33670.0
44.164749999999998	34280.0
44.179434000000001	34820.0
44.196100000000001	33660.0
44.214497999999999	34040.0
44.227953326713006	33270.0
44.243080080080084	33730.0
44.258343343343341	33660.0
44.27641348088531	34260.0
44.291049999999998	33460.0
44.305329999999998	33750.0
44.322724999999998	32960.0
44.340085999999999	33440.0
44.355199999999996	33970.0
44.370111999999999	33680.0
44.385359999999999	33270.0
44.401110778443112	33950.0
44.417801603206414	33400.0
44.433630000000001	33740.0
44.449505000000002	34190.0
44.465857999999997	33570.0
44.479799999999997	34550.0
44.495531468531468	33950.0
44.512267267267269	34080.0
44.527512000000002	33380.0
44.542759999999994	32400.0
44.557991999999999	33450.0
44.573239999999998	32330.0
44.588471999999996	32450.0
44.601880000000001	33410.0
44.619568000000001	32900.0
44.63355	34220.0
44.649986000000006	32590.0
44.662030000000001	34470.0
44.675911999999997	32820.0
44.691149850149849	33910.0
44.70521221221221	33820.0
44.718019999999996	33170.0
44.731872000000003	32990.0
44.746675000000003	34040.0
44.760155844155847	34170.0
44.772890890890892	33280.0
44.786831999999997	34910.0
44.801825000000001	32140.0
44.815481518481519	32980.0
44.82754654654655	33180.0
44.842903999999997	33860.0
44.858974999999994	33590.0
44.873272	33960.0
44.88852	31950.0
44.901907999999999	33500.0
44.918750000000003	34040.0
44.932577999999999	32830.0
44.949805194805194	33050.0
44.962780780780783	33880.0
44.976275000000001	33630.0
44.991191999999998	33540.0
45.00526	33510.0
45.020214000000003	33580.0
45.035424999999996	33780.0
45.050598999999998	34230.0
45.066800000000001	32590.0
45.081223999999999	33640.0
45.094185000000003	33080.0
45.109855000000003	32840.0
45.124990000000004	33110.0
45.142268000000001	33330.0
45.155610000000003	33010.0
45.169139000000001	34050.0
45.185300000000005	33840.0
45.199580000000005	33990.0
45.214800000000004	33680.0
45.230894105894102	34920.0
45.242957957957955	34270.0
45.260640000000002	34730.0
45.273820000000001	33940.0
45.287970059880237	33070.0
45.303867735470945	33390.0
45.318279720279719	33360.0
45.333257257257259	33240.0
45.347461000000003	33270.0
45.363	34550.0
45.379628000000004	34570.0
45.393324999999997	33350.0
45.407911999999996	34740.0
45.423159999999996	33070.0
45.438816000000003	34640.0
45.455640000000002	33900.0
45.470286999999999	33280.0
45.481188811188808	33380.0
45.497336336336339	34890.0
45.512599599599596	34330.0
45.525978000000002	34840.0
45.542839999999998	35240.0
45.557480000000005	33770.0
45.572560000000003	33550.0
45.587792	33870.0
45.601660000000003	35690.0
45.617556	35120.0
45.634115000000001	34090.0
45.647563999999996	33660.0
45.662999999999997	34530.0
45.680683999999999	33540.0
45.69567	34100.0
45.708998000000001	34720.0
45.723890000000004	34470.0
45.741191999999998	33940.0
45.756433133732536	35390.0
45.771642642642639	35480.0
45.786905905905904	35000.0
45.802224000000002	36230.0
45.818349999999995	34330.0
45.831678000000004	34410.0
45.848739999999999	34240.0
45.863230000000001	33730.0
45.877525000000006	35820.0
45.893378999999996	35160.0
45.908839999999998	34980.0
45.923379999999995	34010.0
45.939609999999995	34090.0
45.956138861138861	34190.0
45.970144144144143	34910.0
45.984534000000004	33970.0
46.001190000000001	33290.0
46.017918999999999	35140.0
46.033760000000001	33930.0
46.048363636363632	34990.0
46.062228228228228	34430.0
46.077688999999999	35440.0
46.093890000000002	35120.0
46.110073999999997	34540.0
46.126049999999999	35260.0
46.139459000000002	34370.0
46.155659999999997	34810.0
46.169048000000004	35020.0
46.185044999999995	35550.0
46.201228999999998	35740.0
46.215850000000003	35290.0
46.230871999999998	34920.0
46.244034999999997	35490.0
46.262233999999999	35330.0
46.277200000000001	34010.0
46.291384000000001	36310.0
46.307079999999999	34150.0
46.321807348560078	34980.0
46.337703219315891	35040.0
46.354059059059054	35800.0
46.368040000000001	33920.0
46.383538999999999	35460.0
46.399070787637086	36520.0
46.41305115346038	35090.0
46.430250000000001	34570.0
46.447154999999995	34580.0
46.461480000000002	35310.0
46.476711999999999	34350.0
46.490090000000002	35100.0
46.504305000000002	35150.0
46.521120000000003	35710.0
46.535879999999999	34830.0
46.552410000000002	35180.0
46.566033898305086	33500.0
46.580290258449303	35850.0
46.594833167825222	35900.0
46.610849746192891	35400.0
46.627104104104106	35330.0
46.64282	35440.0
46.658180000000002	35160.0
46.672840000000001	34400.0
46.687755000000003	34800.0
46.702860000000001	35080.0
46.719107999999999	34690.0
46.733149999999995	33670.0
46.749904999999998	35410.0
46.76444	35250.0
46.781447999999997	35170.0
46.794789999999999	34120.0
46.810928999999994	34300.0
46.826240000000006	34890.0
46.841472000000003	33870.0
46.856720000000003	35620.0
46.874940000000002	35370.0
46.889099999999999	34790.0
46.905375624375623	34060.0
46.920464464464466	34820.0
46.934355000000004	34360.0
46.950180000000003	33920.0
46.965006000000002	35060.0
46.979469999999999	34140.0
46.995505000000001	34560.0
47.011400000000002	34520.0
47.028535999999995	34420.0
47.041817365269459	34080.0
47.057805611222442	33650.0
47.07347	34750.0
47.091230000000003	34800.0
47.105525	33030.0
47.119804999999999	35310.0
47.133146853146854	34220.0
47.150038000000002	33450.0
47.166362362362356	34760.0
47.180146853146852	34270.0
47.195745745745747	34290.0
47.211232000000003	33780.0
47.227134999999997	33750.0
47.242711999999997	33550.0
47.257960000000004	33740.0
47.273703999999995	34550.0
47.289439999999999	34540.0
47.304672000000004	32990.0
47.32029	33610.0
47.335508000000004	33340.0
47.349125000000001	33820.0
47.363843625498006	32550.0
47.380534136546189	34440.0
47.398980000000002	33300.0
47.413105000000002	32910.0
47.425666	33150.0
47.442819999999998	33550.0
47.458072000000001	32580.0
47.475093906093903	35160.0
47.489702702702701	32130.0
47.504800000000003	34130.0
47.521536000000005	33650.0
47.537984999999999	32590.0
47.552855000000001	32550.0
47.567149999999998	33490.0
47.581992	32950.0
47.598269999999999	33320.0
47.61353146853147	33080.0
47.628968968968969	32930.0
47.644835999999998	33810.0
47.658200000000001	33350.0
47.673985999999999	33860.0
47.690219999999997	34370.0
47.704093999999998	33030.0
47.720295	34380.0
47.736216783216783	33610.0
47.749663663663668	34170.0
47.765863863863864	33150.0
47.781119999999994	33840.0
47.797249000000001	32640.0
47.811750000000004	32570.0
47.827634000000003	32370.0
47.843834999999999	33010.0
47.858604999999997	34130.0
47.874220000000001	34470.0
47.889792	34000.0
47.90504	31740.0
47.919238	32360.0
47.933990000000001	33770.0
47.950595999999997	33740.0
47.966999999999999	33660.0
47.982231999999996	35090.0
47.996639999999999	33460.0
48.010640000000002	33650.0
48.029141858141863	32930.0
48.044905905905907	33430.0
48.058350000000004	33000.0
48.072672000000004	33670.0
48.087920000000004	34000.0
48.106939999999994	33340.0
48.122399999999999	32770.0
48.135075999999998	32690.0
48.153099999999995	32890.0
48.166840999999998	33350.0
48.182069999999996	33610.0
48.196929999999995	32490.0
48.213684999999998	33420.0
48.228937999999999	33430.0
48.24436	33120.0
48.261023999999999	33450.0
48.276375000000002	33100.0
48.290278000000001	33350.0
48.304934065934063	34610.0
48.321219219219216	33510.0
48.33598305084746	33880.0
48.352321965897687	34560.0
48.36938	33050.0
48.385564000000002	34130.0
48.401540000000004	33500.0
48.412963999999995	33500.0
48.42915	33130.0
48.445334000000003	33360.0
48.459825000000002	32910.0
48.476526	33050.0
48.492919999999998	31980.0
48.509104000000001	32910.0
48.524640000000005	34640.0
48.540489000000001	33700.0
48.555549999999997	33850.0
48.570352	32050.0
48.585599999999999	32630.0
48.601251748251748	34290.0
48.616690690690689	32310.0
48.631644000000001	33150.0
48.648415	33650.0
48.665317999999999	32530.0
48.679610000000004	32380.0
48.696987999999997	33690.0
48.710710000000006	34080.0
48.727657342657338	33150.0
48.740986013986017	33860.0
48.757183183183187	32120.0
48.770669999999996	33160.0
48.788283	32570.0
48.804769999999998	34380.0
48.817906000000001	33120.0
48.833154999999998	34510.0
48.850673	33620.0
48.868160000000003	32370.0
48.882992015968064	33600.0
48.896336673346696	34300.0
48.911586	33050.0
48.928310000000003	34650.0
48.944112000000004	34160.0
48.959025000000004	32790.0
48.973592000000004	33590.0
48.989080000000001	33340.0
49.005072000000006	34230.0
49.020609999999998	33460.0
49.037455000000001	33140.0
49.0518	34540.0
49.067030000000003	33720.0
49.081325	34980.0
49.098326	34890.0
49.11204	34380.0
49.127803999999998	33970.0
49.144005	33990.0
49.158754999999999	33390.0
49.175047952047947	33960.0
49.189702702702704	33380.0
49.204775000000005	34550.0
49.220959000000001	34800.0
49.235720000000001	33720.0
49.251640000000002	34530.0
49.268389999999997	32820.0
49.282728999999996	33340.0
49.299219999999998	32970.0
49.315629999999999	33800.0
49.329924999999996	34700.0
49.344792999999996	32510.0
49.362399999999994	33540.0
49.375779999999999	33650.0
49.390100000000004	33220.0
49.409139999999994	33850.0
49.42456	33710.0
49.439791999999997	33180.0
49.456655344655346	32380.0
49.470734734734734	33090.0
49.4848	34160.0
49.501095999999997	34190.0
49.516374999999996	33710.0
49.532962999999995	33370.0
49.547890000000002	33670.0
49.562193999999998	33890.0
49.578395	33840.0
49.593805000000003	32950.0
49.608440000000002	32970.0
49.624547999999997	32710.0
49.642164999999999	34670.0
49.658152000000001	35120.0
49.673249999999996	32250.0
49.687632000000001	32920.0
49.70299	32360.0
49.720126	34100.0
49.737279999999998	33590.0
49.748021978021981	32560.0
49.767162162162165	33140.0
49.780621000000004	33520.0
49.79609	32750.0
49.812274000000002	33880.0
49.829149999999998	34340.0
49.843150999999999	34970.0
49.859020000000001	33430.0
49.876044	32980.0
49.891275	33210.0
49.906866000000001	34280.0
49.922850000000004	33220.0
49.937814000000003	33440.0
49.953719999999997	31640.0
49.968952000000002	33790.0
49.984200000000001	33400.0
49.999583999999999	33050.0
50.015678321678323	34380.0
50.031009009009011	34510.0
50.048129353233833	32440.0
50.060443781094527	32770.0
50.077445783132532	33790.0
50.094556886227544	32010.0
50.106833500501509	33810.0
50.123668000000002	33630.0
50.139600000000002	33670.0
50.155509000000002	33240.0
50.170450000000002	33810.0
50.185312000000003	32730.0
50.199490000000004	33940.0
50.216227000000003	33930.0
50.23404	32530.0
50.24888	32340.0
50.26352	32730.0
50.277861000000001	33550.0
50.292499999999997	33730.0
50.312026973026974	33640.0
50.326620620620616	33650.0
50.342711999999999	33110.0
50.357959999999999	32160.0
50.373215999999999	33640.0
50.390369999999997	31970.0
50.403838	32310.0
50.418050000000001	32270.0
50.435617999999998	33600.0
50.450625000000002	34150.0
50.465631999999999	31490.0
50.480879999999999	32770.0
50.495480000000001	32690.0
50.51153	33450.0
50.528666000000001	33230.0
50.544342657342654	32310.0
50.560387387387387	33430.0
50.57732	33300.0
50.592199800199801	32610.0
50.606489489489483	32900.0
50.621283999999996	31300.0
50.637689999999999	32880.0
50.654040999999999	32390.0
50.666870000000003	33660.0
50.683053999999998	31930.0
50.699239999999996	32990.0
50.714472000000001	32300.0
50.72972	33380.0
50.744951999999998	33080.0
50.75855	33690.0
50.776539999999997	32590.0
50.79195	32580.0
50.806911999999997	33450.0
50.821525000000001	32820.0
50.838152999999998	32520.0
50.853560000000002	32230.0
50.868364	32590.0
50.885446553446556	33690.0
50.902342342342344	33700.0
50.916550000000001	33980.0
50.930436	31710.0
50.94708	33960.0
50.962519	32830.0
50.978720000000003	32240.0
50.994792000000004	32580.0
51.009909999999998	33550.0
51.023289000000005	34280.0
51.039490000000001	33460.0
51.053829999999998	32660.0
51.069875000000003	33710.0
51.088540000000002	32680.0
51.105260000000001	34330.0
51.119247999999999	33230.0
51.134644999999999	32680.0
51.148918000000002	31560.0
51.16401998001998	32910.0
51.181830830830833	32980.0
51.197929999999999	33220.0
51.213045999999999	33130.0
51.229399999999998	33140.0
51.244631999999996	32120.0
51.259880000000003	32360.0
51.275626000000003	31550.0
51.292569999999998	33120.0
51.308915999999996	31930.0
51.325494999999997	32520.0
51.338273000000001	32360.0
51.356340000000003	31730.0
51.372523999999999	31680.0
51.387800000000006	32320.0
51.403908999999999	32720.0
51.420940000000002	32420.0
51.43573	32420.0
51.451495000000001	31890.0
51.467667332667332	31280.0
51.483234234234232	32040.0
51.499063999999997	31020.0
51.513629999999999	33160.0
51.529940000000003	31370.0
51.547199999999997	31840.0
51.561627999999999	31490.0
51.575324999999999	31520.0
51.591140000000003	33150.0
51.60942	31620.0
51.625604000000003	31380.0
51.641310000000004	32460.0
51.654871999999997	30630.0
51.670049999999996	31820.0
51.684392467789891	31080.0
51.701393458870164	31170.0
51.719529648241206	32190.0
51.733313253012049	31310.0
51.747467532467532	32110.0
51.763958456973292	33150.0
51.777529828109202	31170.0
51.793414414414414	31250.0
51.809272	31740.0
51.823924999999996	31170.0
51.839846000000001	31420.0
51.853999999999999	33150.0
51.868587999999995	31450.0
51.885885000000002	31830.0
51.901355000000002	31060.0
51.91534	31140.0
51.929440677966099	31840.0
51.945827482447342	31270.0
51.962671999999998	31900.0
51.977800000000002	31940.0
51.992151999999997	31700.0
52.007374999999996	30970.0
52.021654999999996	33110.0
52.037794205794206	31630.0
52.050464464464461	30570.0
52.064525000000003	31340.0
52.082740000000001	32100.0
52.097360000000002	31590.0
52.112071999999998	31250.0
52.12603	31010.0
52.141148999999999	31730.0
52.155149999999999	32280.0
52.172545999999997	32340.0
52.189459999999997	32030.0
52.202511999999999	32310.0
52.218119999999999	31750.0
52.233367999999999	32110.0
52.247240000000005	31620.0
52.262689000000002	33250.0
52.278210000000001	31060.0
52.29119380619381	31740.0
52.308185185185188	33210.0
52.323405000000001	30540.0
52.337699999999998	32140.0
52.353843999999995	31470.0
52.369160000000001	33520.0
52.383555000000001	32050.0
52.39864	32170.0
52.415356000000003	32260.0
52.430425	31750.0
52.445352	31850.0
52.460599999999999	32020.0
52.476936000000002	31090.0
52.492069999999998	32820.0
52.506312000000001	31990.0
52.520740000000004	32040.0
52.535516000000001	31540.0
52.551724999999998	31640.0
52.566534465534467	34140.0
52.582288288288289	32620.0
52.596752000000002	32040.0
52.612124999999999	32930.0
52.628232000000004	31780.0
52.643450000000001	32460.0
52.657730000000001	32650.0
52.673894999999995	32000.0
52.687418000000001	31920.0
52.702439999999996	31550.0
52.718463999999997	31620.0
52.733919999999998	32670.0
52.749151999999995	31680.0
52.763100000000001	33510.0
52.778835999999998	32950.0
52.793770000000002	33030.0
52.808112000000001	31220.0
52.822900000000004	31940.0
52.838416000000002	33040.0
52.85446953046953	31680.0
52.869061061061061	31910.0
52.884320000000002	31490.0
52.899552	32790.0
52.9148	31000.0
52.930158999999996	32720.0
52.946040000000004	31020.0
52.958576000000001	32150.0
52.975729999999999	32610.0
52.991928999999999	31710.0
53.006350000000005	32040.0
53.023156	32400.0
53.038720000000005	32610.0
53.053940059940061	33230.0
53.069195195195192	32530.0
53.083779999999997	31410.0
53.099285000000002	32100.0
53.112684000000002	30900.0
53.127170829170829	30830.0
53.144767767767767	30270.0
53.160809999999998	31670.0
53.175605999999995	32470.0
53.192120000000003	31740.0
53.207080000000005	31210.0
53.221375000000002	31950.0
53.236362999999997	32140.0
53.254025316455696	29850.0
53.268847893114078	31790.0
53.283560000000001	31220.0
53.298791999999999	30870.0
53.315919999999998	30390.0
53.330379999999998	30670.0
53.34552	31810.0
53.359954999999999	30710.0
53.377221556886226	30160.0
53.39322244488978	31590.0
53.410445000000003	32070.0
53.425489510489513	28730.0
53.441072072072068	30890.0
53.457191999999999	30180.0
53.473835000000001	30780.0
53.490255000000005	30310.0
53.504919999999998	30460.0
53.520474	30550.0
53.5364	29400.0
53.551405000000003	31600.0
53.56606	30530.0
53.582241758241757	30570.0
53.598177177177178	29160.0
53.61162837162837	31030.0
53.627813186813185	30460.0
53.64307107107107	30890.0
53.658305694305689	31700.0
53.673549549549548	30570.0
53.690400000000004	30150.0
53.703014985014988	30370.0
53.720094094094094	30600.0
53.735198000000004	31230.0
53.750369999999997	30440.0
53.764868	30730.0
53.778725000000001	30270.0
53.794406000000002	30200.0
53.80988	30860.0
53.82544	30140.0
53.842874999999999	30110.0
53.856324000000001	30350.0
53.86891	31530.0
53.884729999999998	30390.0
53.899025000000002	30500.0
53.913479000000002	29680.0
53.929720000000003	31070.0
53.946856000000004	29410.0
53.961175000000004	30990.0
53.974558000000002	30580.0
53.989586413586409	30150.0
54.004027027027021	30930.0
54.021345000000004	30360.0
54.035191000000005	30810.0
54.050219999999996	30820.0
54.066403999999999	30210.0
54.07978	30400.0
54.094822999999998	31350.0
54.109639999999999	31290.0
54.124018	30180.0
54.141374999999996	30940.0
54.157558999999999	31410.0
54.172953313536901	30660.0
54.186394579562375	31710.0
