10.876170999999999	7120.0
10.9566	7460.0
10.89353846153846	7370.0
10.972083083083083	7730.0
10.910392	7080.0
10.923904	7150.0
10.943547000000001	7320.0
10.949708000000001	6640.0
10.969696000000001	6920.0
10.916001	6710.0
10.978736	7250.0
10.928824000000001	6910.0
11.011199	7010.0
10.967738000000001	6990.0
10.922637999999999	6880.0
11.032711000000001	6800.0
10.937760000000001	6870.0
11.054012	6590.0
10.977216350947158	6740.0
10.979530591775326	6370.0
11.025468	6840.0
11.009052736318408	6260.0
11.057866331658291	6140.0
10.991464000000001	6180.0
11.046101999999999	6140.0
11.017676646706587	6490.0
11.088637274549098	6460.0
11.059585999999999	6060.0
11.007772000000001	6160.0
11.113683999999999	5920.0
11.006538000000001	6050.0
11.16743	6450.0
11.078202334630351	6140.0
11.189210905349794	6460.0
11.130104000000001	6060.0
11.081212787212786	6040.0
11.169111111111111	5740.0
11.084166	5910.0
11.126706	5600.0
11.146810598626104	6340.0
11.190678899082569	5970.0
11.16784	5660.0
11.108994000000001	5740.0
11.20125	5530.0
11.10688	5610.0
11.272121	5910.0
11.162048	5500.0
11.145144	5830.0
11.250682999999999	5970.0
11.15654	5580.0
11.298346	5730.0
11.190685314685314	5580.0
11.235228228228229	5750.0
11.276084000000001	5750.0
11.227352	5810.0
11.284497999999999	5580.0
11.21757	5850.0
11.309009999999999	5540.0
11.262912	5340.0
11.292679999999999	5450.0
11.335129999999999	5480.0
11.212910000000001	5820.0
11.420565999999999	5300.0
11.267795	6220.0
11.359976	5420.0
11.35468	5200.0
11.298228	5650.0
11.416248	5750.0
11.339517482517483	5350.0
11.412689689689691	5550.0
11.350912000000001	5120.0
11.41432	5380.0
11.405051	5240.0
11.419504	5130.0
11.466370000000001	5310.0
11.344387000000001	5430.0
11.538884000000001	5550.0
11.385035999999999	5440.0
11.502132	5080.0
11.50216	5340.0
11.389603999999999	4790.0
11.573005999999998	4870.0
11.452319999999999	5750.0
11.550951999999999	5010.0
11.493721278721278	5100.0
11.51199099099099	4890.0
11.559241999999999	5670.0
11.534747999999999	5070.0
11.594812000000001	5150.0
11.48972	5010.0
11.639605	5200.0
11.548713999999999	5820.0
11.625862000000001	5060.0
11.657220000000001	4860.0
11.496504	4980.0
11.744192	5520.0
11.588875	4960.0
11.700136000000001	4710.0
11.669516000000002	5570.0
11.639208	4650.0
11.746988	4870.0
11.688649350649351	4730.0
11.776315789473685	4610.0
11.676989919354838	4890.0
11.800006	5160.0
11.753059642147118	4670.0
11.799692692692691	5290.0
11.857958793969848	5140.0
11.6808	5530.0
11.859517140058765	5560.0
11.700351378958119	4900.0
11.894444	5170.0
11.898904	4560.0
11.792731999999999	5350.0
11.975271000000001	4760.0
11.864604	5100.0
11.967318000000001	4550.0
11.890805194805194	5060.0
11.954282282282282	5240.0
11.970848	4800.0
11.970217000000002	4560.0
12.053104000000001	4840.0
11.882066000000002	5040.0
12.118269000000002	4710.0
11.957948	4660.0
12.063512000000001	4370.0
12.112811000000001	4950.0
11.924759999999999	4900.0
12.185416	4850.0
12.027643000000001	5290.0
12.141976	4620.0
12.195406464250734	4770.0
12.236948051948051	4600.0
12.173928425357873	5040.0
12.121105894105893	4590.0
12.219787787787787	4750.0
12.071843999999999	4730.0
12.253295999999999	4650.0
12.153848	4600.0
12.212258	4540.0
12.300164000000001	4280.0
12.039363000000002	4940.0
12.38696	4780.0
12.182488000000001	4350.0
12.302898000000001	4620.0
12.297419999999999	4720.0
12.213023999999999	5160.0
12.371416999999999	5050.0
12.2765	4430.0
12.386132	4670.0
12.26527972027972	4820.0
12.380078078078077	4640.0
12.345687999999999	4560.0
12.361798	4630.0
12.456744	4430.0
12.227687999999999	4590.0
12.546017000000001	4570.0
12.331651999999998	4460.0
12.454474000000001	4610.0
12.491378999999998	4600.0
12.326908	4860.0
12.561071999999999	4530.0
12.423036999999999	4840.0
12.53952	5170.0
12.456096000000001	4520.0
12.502669000000001	4650.0
12.541248	4670.0
12.516919080919081	4850.0
12.623542542542543	4420.0
12.424540000000002	4600.0
12.683306	4710.0
12.624365000000001	4870.0
12.417236000000001	4750.0
12.760571999999998	4520.0
12.490931999999999	4420.0
12.718921999999999	4770.0
12.661552	5180.0
12.577036	4650.0
12.730143999999999	4650.0
12.632327999999999	4440.0
12.774528999999999	4470.0
12.642636	4350.0
12.743877999999999	4550.0
12.69353946053946	3820.0
12.764522522522521	4890.0
12.836304	4250.0
12.620994999999999	5150.0
12.917524000000002	4360.0
12.662445999999999	4520.0
12.891573999999999	4420.0
12.877960000000002	4760.0
12.70632	4730.0
12.942086000000002	4620.0
12.785678000000001	4570.0
12.96016	4760.0
12.865224	4570.0
12.893175999999999	4630.0
12.928108	4800.0
12.940085999999999	4590.0
13.042828	4370.0
12.863472527472528	4750.0
13.087690690690691	4750.0
12.910303999999998	4230.0
13.090936000000001	4780.0
13.132774999999999	4500.0
12.894182547642929	4640.0
13.214600000000001	5030.0
12.997059999999999	4980.0
13.210972111553785	4340.0
13.138610441767067	4460.0
13.107609	4540.0
13.205818000000001	4310.0
13.162937999999999	4390.0
13.300633999999999	4740.0
13.149487999999998	3950.0
13.315935999999999	4240.0
13.194170829170828	4310.0
13.327405405405406	4870.0
13.363707999999999	4260.0
13.153098	4480.0
13.497711999999998	4790.0
13.195496	4720.0
13.446642000000001	4640.0
13.388514000000001	4530.0
13.302300000000001	5160.0
13.458959	4540.0
13.34468	4510.0
13.503383999999999	3970.0
13.379024999999999	4290.0
13.469899999999999	4550.0
13.415478	4100.0
13.486466	4030.0
13.562944	4300.0
13.373404595404596	4260.0
13.631557557557556	4510.0
13.387523999999999	4380.0
13.602108000000001	4520.0
13.591233000000001	3880.0
13.444775999999999	4560.0
13.649630109670985	4310.0
13.496330992978937	4120.0
13.657672000000002	4440.0
13.583400000000001	4200.0
13.600378000000001	4370.0
13.618995999999999	4490.0
13.652034090909089	4760.0
13.74255190677966	4240.0
13.590766	4440.0
13.65414990512334	4490.0
13.568681098204857	4170.0
13.764456456456456	4210.0
13.769607999999998	4380.0
13.620462999999999	4690.0
13.859526000000001	4610.0
13.652710000000001	4210.0
13.852591	4900.0
13.788535999999999	4420.0
13.776220000000002	4440.0
13.834742	4360.0
13.790209580838322	4410.0
13.899368737474949	4910.0
13.808753246753248	4460.0
13.925261261261261	4310.0
13.802703999999999	4900.0
13.933242	4380.0
13.952985999999999	3920.0
13.845203796203794	4480.0
14.062606606606607	4070.0
13.802660000000001	4580.0
14.04970977295163	4150.0
13.980831813576495	4370.0
13.951692000000001	4830.0
14.048772	4690.0
13.945831	4510.0
14.093983999999999	4460.0
14.016567999999999	4630.0
14.091669000000001	4300.0
14.021764000000001	3950.0
14.097704	4110.0
14.126942999999999	4870.0
14.049111999999999	4810.0
14.220751999999999	4390.0
13.99137062937063	4410.0
14.245320792079207	4700.0
14.166056000000001	3960.0
14.127651999999999	4270.0
14.261927999999999	4360.0
14.100688	4560.0
14.286187	4530.0
14.203942	4990.0
14.243742514970059	4830.0
14.2775	4240.0
14.233635999999999	4790.0
14.339151999999999	4670.0
14.20243	4810.0
14.342184	4650.0
14.297208000000001	4630.0
14.310644999999999	4340.0
14.438597402597404	4240.0
14.190287999999999	4410.0
14.463705000000001	4480.0
14.335432000000001	4590.0
14.402146	4750.0
14.435879	4280.0
14.334367999999998	4070.0
14.471067999999999	4460.0
14.410354	4580.0
14.501166000000001	4480.0
14.416812	4250.0
14.491838999999999	4740.0
14.489216000000001	4320.0
14.491311999999999	4330.0
14.601395999999999	4350.0
14.407334000000001	4170.0
14.638743999999999	4640.0
14.506860020140987	4620.0
14.576576000000001	4140.0
14.64655044955045	4320.0
14.504336336336337	4450.0
14.676544	4290.0
14.593969999999999	4330.0
14.680308	3870.0
14.636424	4100.0
14.654088	4510.0
14.696305000000001	4620.0
14.678856	4680.0
14.775672	4810.0
14.632398999999999	4850.0
14.802595999999999	4420.0
14.717695999999998	4340.0
14.761318000000001	4250.0
14.857963963963963	4970.0
14.676500000000001	4100.0
14.879138000000001	4370.0
14.773623130608177	4880.0
14.851015045135407	4340.0
14.851939	4930.0
14.815201195219123	4890.0
14.894704819277107	4770.0
14.85746	4540.0
14.942984000000001	4400.0
14.844728000000002	3910.0
14.951804347826085	4940.0
14.913730769230769	4430.0
14.936622	4360.0
15.035257999999999	4420.0
14.845215999999999	4030.0
15.071766233766233	4500.0
14.955267267267267	3980.0
15.029833999999999	4210.0
15.057495009980041	4090.0
14.973608216432867	4550.0
15.088136	5000.0
15.034535999999999	4350.0
15.113208	4300.0
15.052186000000001	4770.0
15.106668000000001	3980.0
15.108556	4670.0
15.112895999999999	4420.0
15.203144	4990.0
15.058122999999998	4760.0
15.240413999999999	4460.0
15.133243999999999	4100.0
15.197179820179821	4380.0
15.255822822822823	4900.0
15.14448	3630.0
15.285131000000002	4520.0
15.214212000000002	4160.0
15.285500000000001	4650.0
15.260304435483871	4640.0
15.268359999999999	4530.0
15.307976	4830.0
15.297384000000001	4410.0
15.376520000000001	4720.0
15.275172	4190.0
15.402483999999999	4590.0
15.332036	4720.0
15.378672000000002	4160.0
15.457229	4750.0
15.313021999999998	4560.0
15.484522388059702	4440.0
15.394578313253012	4790.0
15.468428428428428	4800.0
15.470143999999999	4770.0
15.443462999999999	4290.0
15.506974	4060.0
15.480331999999999	4820.0
15.552021999999999	4860.0
15.486552	4460.0
15.568396	4650.0
15.532022	4690.0
15.570051999999999	4320.0
15.631492	4670.0
15.513031	4810.0
15.685894416243656	4660.0
15.573127999999999	5130.0
15.654542457542457	4350.0
15.670561561561561	4300.0
15.619982	4870.0
15.703131226053641	4670.0
15.658774058577407	4350.0
15.732507999999999	4630.0
15.693244999999999	3740.0
15.73607	4470.0
15.729252000000001	4450.0
15.753564000000001	4430.0
15.7966	4490.0
15.723136	4700.0
15.841212723658051	4250.0
15.810203219315897	3800.0
15.786104	5010.0
15.876264000000001	4570.0
15.778272000000001	4910.0
15.894027972027972	4620.0
15.860033033033034	5230.0
15.880877999999999	4760.0
15.893151999999999	4650.0
15.884706999999999	4580.0
15.941416	4180.0
15.915272	4820.0
15.976771000000001	4160.0
15.916048000000002	4650.0
15.99372	4210.0
15.989282000000001	4930.0
15.968291999999998	4440.0
16.069752000000001	5080.0
15.941058	4580.0
16.085756	4600.0
16.044288000000002	4430.0
16.067001998001999	5010.0
16.105930930930931	4900.0
16.068087999999999	4750.0
16.148001999999998	4680.0
16.111048	4620.0
16.167822000000001	4600.0
16.123471000000002	4530.0
16.182596	4760.0
16.191867999999999	4650.0
16.172134	4830.0
16.26277	4840.0
16.137176	4540.0
16.293941	4410.0
16.234936000000001	4700.0
16.247568000000001	4660.0
16.311923	4740.0
16.234656000000001	4780.0
16.338892107892107	4200.0
16.296196196196195	4680.0
16.339728000000001	4830.0
16.328848000000001	4900.0
16.347076000000001	4850.0
16.381665999999999	4500.0
16.361604	4510.0
16.437861000000002	4440.0
16.344168	4300.0
16.461079999999999	4330.0
16.426694999999999	4860.0
16.422428	4710.0
16.512080000000001	4910.0
16.405418999999998	4430.0
16.531188	4440.0
16.488464	4440.0
16.520066933066932	4690.0
16.532318318318318	4630.0
16.520821999999999	4990.0
16.578344999999999	4900.0
16.551416	4890.0
16.616441584158416	4830.0
16.556701010101008	4860.0
16.632325999999999	4780.0
16.625775999999998	4350.0
16.616201596806388	4560.0
16.710464929859718	4890.0
16.584339999999997	4790.0
16.730267999999999	4600.0
16.682846000000001	4670.0
16.703146	4630.0
16.743031999999999	4410.0
16.7026	4260.0
16.778990009990007	4480.0
16.750763763763764	4720.0
16.80039	4580.0
16.767642000000002	4580.0
16.812861999999999	4870.0
16.827696	4650.0
16.820516000000001	4820.0
16.885824999999997	4170.0
16.797374000000001	4530.0
16.919052000000001	4520.0
16.87641	4820.0
16.893384000000001	4890.0
16.940872000000002	4720.0
16.889413000000001	4550.0
16.970182000000001	4580.0
16.942727999999999	5190.0
16.980337662337661	4980.0
16.970183000000002	4930.0
16.987990990990991	4410.0
17.013839000000001	4630.0
17.005458000000001	5040.0
17.063397999999999	4690.0
17.005904999999998	4500.0
17.093271999999999	4480.0
17.061744000000001	4510.0
17.080793	4870.0
17.137869999999999	4650.0
17.062985999999999	5290.0
17.164683	4710.0
17.124587999999999	4950.0
17.16348	4940.0
17.174206999999999	4870.0
17.17191	4780.0
17.210632367632368	4320.0
17.203619619619619	5110.0
17.249576000000001	5050.0
17.214335999999999	4490.0
17.275614000000001	4980.0
17.258416	5170.0
17.282242	4290.0
17.330285999999997	4710.0
17.258459999999999	5020.0
17.368919999999999	4210.0
17.318894999999998	5280.0
17.365954000000002	4690.0
17.381456	4580.0
17.365988999999999	4860.0
17.41696	5060.0
17.400607999999998	4270.0
17.45560839160839	4710.0
17.430084084084086	4550.0
17.456990000000001	4810.0
17.48799	4730.0
17.465136000000001	4630.0
17.535176	4890.0
17.47081	4640.0
17.5564	5030.0
17.548568	4680.0
17.532046999999999	4690.0
17.599615999999997	4860.0
17.545967999999998	4440.0
17.619054347826086	4720.0
17.602526315789476	5070.0
17.620024000000001	4480.0
17.635197999999999	4900.0
17.638684000000001	4270.0
17.676713286713284	5300.0
17.659511857707511	4790.0
17.712369807497467	4890.0
17.669314	5110.0
17.731576999999998	4630.0
17.738864	4620.0
17.718640000000001	5070.0
17.800364999999999	4900.0
17.727305999999999	4950.0
17.815736000000001	4730.0
17.803696000000002	4660.0
17.810559999999999	4800.0
17.844723999999999	4500.0
17.827867000000001	4810.0
17.880734	5100.0
17.861474000000001	4140.0
17.903636363636366	4510.0
17.886243243243246	4660.0
17.926704000000001	4860.0
17.946463000000001	4880.0
17.925357999999999	4580.0
18.001866	5530.0
17.928557999999999	4500.0
18.021515999999998	4990.0
18.008839999999999	5130.0
18.005534999999998	4850.0
18.057748	4800.0
18.025361277445111	4950.0
18.087843843843842	5250.0
18.07426126126126	5100.0
18.103456000000001	4710.0
18.102817999999999	4590.0
18.121873999999998	5220.0
18.155645354645355	4930.0
18.135740740740744	4940.0
18.199752	4910.0
18.147629370629371	5090.0
18.222645645645645	5090.0
18.225024000000001	5120.0
18.204930000000001	5010.0
18.275804000000001	4810.0
18.225376000000001	4650.0
18.297007999999998	5270.0
18.287158000000002	4760.0
18.304911999999998	5730.0
18.326274000000002	4900.0
18.327589	5380.0
18.370872000000002	4770.0
18.356183999999999	5290.0
18.408056943056941	5130.0
18.379975975975974	5110.0
18.433166	4660.0
18.447237999999999	5310.0
18.426232000000002	4390.0
18.509432	5100.0
18.444821999999998	4650.0
18.521402000000002	4980.0
18.519644	4700.0
18.523140999999999	5440.0
18.559671999999999	5060.0
18.543203999999999	4770.0
18.594000000000001	4910.0
18.584233999999999	5250.0
18.617193999999998	4720.0
18.610181000000001	4930.0
18.641096000000001	4830.0
18.663767232767235	5730.0
18.648214214214214	4920.0
18.708474000000002	5150.0
18.663310000000003	4970.0
18.726084	4990.0
18.728572	4980.0
18.723064000000001	5050.0
18.770028	4700.0
18.74681	4900.0
18.794	4390.0
18.787183000000002	5250.0
18.815975999999999	4830.0
18.825624000000001	4780.0
18.841280000000001	4890.0
18.875961999999998	4730.0
18.862639999999999	4710.0
18.919417582417584	4840.0
18.885525525525527	5390.0
18.944099999999999	5220.0
18.956826	5380.0
18.938549999999999	4650.0
19.005512	4540.0
18.966431	5150.0
19.026896000000001	4970.0
19.025684315684316	5140.0
19.039174174174175	4490.0
19.064128	4760.0
19.065636000000001	5070.0
19.100163999999999	5170.0
19.097168	5370.0
19.133412	5350.0
19.123760000000001	5450.0
19.159051999999999	5180.0
19.171857142857142	5290.0
19.166474474474477	4910.0
19.221104	5120.0
19.178967611336031	4740.0
19.233664000000001	5180.0
19.249779999999998	5260.0
19.243326	5210.0
19.291163999999998	5150.0
19.283437125748502	5480.0
19.32296392785571	5060.0
19.323216000000002	5280.0
19.346456	4450.0
19.353988000000001	5080.0
19.376412000000002	5480.0
19.403416	4870.0
19.386800000000001	5210.0
19.441168831168831	4970.0
19.413576576576578	5000.0
19.457905999999998	5250.0
19.471657999999998	4870.0
19.459060000000001	4910.0
19.508668	5020.0
19.489298999999999	5300.0
19.533536000000002	5420.0
19.53866	5380.0
19.554397999999999	5430.0
19.577335999999999	4900.0
19.5854	5030.0
19.620251	5060.0
19.609956	5260.0
19.655059999999999	5170.0
19.639980999999999	4870.0
19.676316	4740.0
19.699994005994007	5080.0
19.679703999999997	5410.0
19.740335999999999	4690.0
19.713486	4820.0
19.757014999999999	5130.0
19.763192	5150.0
19.767992	5010.0
19.797315000000001	5070.0
19.797338	4850.0
19.833359999999999	5420.0
19.829055999999998	4970.0
19.864723999999999	5160.0
19.865220000000001	5140.0
19.892779000000001	4850.0
19.921514000000002	4650.0
19.906141999999999	5680.0
19.966402597402599	5420.0
19.937224000000001	5040.0
19.988143999999998	5160.0
19.997886000000001	5420.0
19.997984000000002	5160.0
20.034772	5020.0
20.031003999999999	5590.0
20.065656000000001	4870.0
20.067916	4570.0
20.091266999999998	4840.0
20.101368000000001	5080.0
20.115003999999999	5140.0
20.139536	5030.0
20.140079999999998	5010.0
20.176311999999999	5150.0
20.161135999999999	5080.0
20.197960000000002	6010.0
20.20991809908999	5190.0
20.212353	5360.0
20.2559	5250.0
20.245715999999998	4990.0
20.285201000000001	5240.0
20.291937999999998	5060.0
20.311275449101796	4840.0
20.329001002004009	5650.0
20.341567999999999	5290.0
20.368472000000001	5040.0
20.372	5310.0
20.407965999999998	4870.0
20.403444	5050.0
20.436884000000003	5190.0
20.447620000000001	5160.0
20.454915999999997	5160.0
20.493898898898898	5720.0
20.478244	4830.0
20.519533999999997	5210.0
20.523686999999999	4740.0
20.539335999999999	4930.0
20.557479999999998	5320.0
20.566533	5270.0
20.591000000000001	5050.0
20.596579999999999	5010.0
20.621493000000001	5520.0
20.621687999999999	5320.0
20.648163999999998	4580.0
20.658999999999999	5110.0
20.665992000000003	5150.0
20.6963698630137	5150.0
20.683047999999999	4820.0
20.731000000000002	4930.0
20.733161161161163	5230.0
20.754112000000003	5120.0
20.774666	5180.0
20.776171999999999	5490.0
20.812999999999999	4860.0
20.819216000000001	5460.0
20.844272	4880.0
20.851293000000002	5160.0
20.874431999999999	4810.0
20.891999999999999	5060.0
20.904937	4710.0
20.934544000000002	5200.0
20.925848605577688	4910.0
20.967736947791163	5140.0
20.97124975222993	4940.0
20.991225806451613	4530.0
21.018617617617618	4800.0
21.013588000000002	5120.0
21.050463999999998	5020.0
21.054957999999999	5250.0
21.079608	4740.0
21.091214000000001	5250.0
21.105445	4980.0
21.131087999999998	5190.0
21.126224000000001	4830.0
21.157550000000001	5500.0
21.165033999999999	5660.0
21.183112000000001	5250.0
21.208624	5410.0
21.202324000000001	5540.0
21.242719999999998	5310.0
21.23573	5760.0
21.266384615384617	5390.0
21.282830000000001	5400.0
21.287892892892891	5210.0
21.316528000000002	5810.0
21.321055999999999	4950.0
21.349891	5290.0
21.360465999999999	5110.0
21.384518	5060.0
21.395050999999999	5320.0
21.411548	5280.0
21.441064000000001	5230.0
21.434234999999997	5420.0
21.474958000000001	5060.0
21.470198	4460.0
21.501984	5150.0
21.524272	5310.0
21.52555244755245	4950.0
21.561618618618617	4690.0
21.563468	5130.0
21.587592000000001	5180.0
21.600053000000003	4770.0
21.615843999999999	5640.0
21.634260000000001	5660.0
21.646664000000001	5360.0
21.67285	5460.0
21.677309999999999	4830.0
21.709641999999999	4860.0
21.71368	5480.0
21.733415999999998	5200.0
21.759775000000001	4910.0
21.759160000000001	5090.0
21.796882	4950.0
21.80033966033966	5170.0
21.826081081081082	5420.0
21.844383999999998	5040.0
21.856356000000002	5360.0
21.878565999999999	4530.0
21.889454000000001	5770.0
21.915025	5280.0
21.924751999999998	5320.0
21.946016	5010.0
21.956751000000001	5270.0
21.972466000000001	5490.0
21.997071999999999	5720.0
21.999058999999999	4730.0
22.036008000000002	5490.0
22.039496	4880.0
22.063012999999998	5950.0
22.082999999999998	5630.0
22.092020979020976	5570.0
22.118640640640638	5570.0
22.128447999999999	5510.0
22.153200000000002	5270.0
22.166489000000002	5690.0
22.186664	5700.0
22.201362	5240.0
22.217824	5380.0
22.242572000000003	5200.0
22.248000000000001	5450.0
22.280075999999998	5180.0
22.282091999999999	5360.0
22.305432	5170.0
22.328757	5230.0
22.330895999999999	5420.0
22.359392996108948	5480.0
22.36249434737924	4750.0
22.387	5400.0
22.402999999999999	5730.0
22.418212999999998	5930.0
22.436	5450.0
22.447759999999999	5470.0
22.46902	5050.0
22.479570000000002	5880.0
22.505118	5220.0
22.512841000000002	5250.0
22.531983999999998	5890.0
22.555296000000002	5110.0
22.557991999999999	5040.0
22.589093999999999	5410.0
22.593318	5290.0
22.615862	5740.0
22.633568	5830.0
22.645777222777223	5370.0
22.668052052052051	5470.0
22.678584000000001	5820.0
22.699912000000001	6050.0
22.710999999999999	6120.0
22.730919999999998	5630.0
22.74464	5190.0
22.761029000000001	5190.0
22.782934000000001	5280.0
22.786000000000001	4780.0
22.818372999999998	6570.0
22.82188	5960.0
22.843697302697304	5610.0
22.866	5480.0
22.873487999999998	5650.0
22.898893999999999	6120.0
22.908573426573426	5860.0
22.932162162162165	6080.0
22.946000000000002	5610.0
22.963632	6370.0
22.980456	5710.0
22.995559999999998	6230.0
23.020524999999999	6180.0
23.027000000000001	6140.0
23.056512000000001	6100.0
23.065655	5470.0
23.083891999999999	6200.0
23.108884000000003	5890.0
23.110388	6920.0
23.137392000000002	5720.0
23.150976	5890.0
23.168396999999999	6330.0
23.187374000000002	6340.0
23.20068931068931	6250.0
23.223506506506506	6940.0
23.23564	5850.0
23.256955999999999	6120.0
23.267690999999999	5860.0
23.288358000000002	6190.0
23.305634000000001	6020.0
23.319441558441561	6980.0
23.344598598598598	6330.0
23.346223999999999	6340.0
23.374638999999998	6380.0
23.384741999999999	6840.0
23.401346	6660.0
23.423521999999998	7090.0
23.432776	6640.0
23.454432000000001	7150.0
23.467956043956043	6700.0
23.486324324324325	6440.0
23.499155999999999	7250.0
23.517307000000002	7060.0
23.534744	6860.0
23.546447999999998	6620.0
23.568944000000002	7300.0
23.576576000000003	7140.0
23.600950000000001	7440.0
23.615209999999998	7220.0
23.627268000000001	7160.0
23.652148	7020.0
23.658275	7540.0
23.681014000000001	8320.0
23.692717999999999	7320.0
23.710025000000002	7880.0
23.725928	8040.0
23.740714285714287	7610.0
23.759496496496496	7680.0
23.769216350947158	7710.0
23.790645937813437	7610.0
23.799562000000002	8000.0
23.824476000000001	8200.0
23.837172000000002	8190.0
23.850622999999999	8830.0
23.879034000000001	7920.0
23.882743999999999	9030.0
23.910254000000002	9070.0
23.924688	8560.0
23.941488	8910.0
23.960692307692309	8720.0
23.973764705882353	8920.0
23.996735999999999	9550.0
24.010025974025972	8670.0
24.031090090090089	10070.0
24.043004	8730.0
24.063006000000001	9540.0
24.082704	9290.0
24.093722	8950.0
24.116182999999999	10080.0
24.122920000000001	9390.0
24.145720000000001	10530.0
24.161332000000002	9770.0
24.176871999999999	9370.0
24.199762	9940.0
24.207127	11310.0
24.229275999999999	10500.0
24.239708	9920.0
24.259256999999998	10550.0
24.273554000000001	11970.0
24.289434565434565	11540.0
24.30852952952953	10860.0
24.322672000000001	10830.0
24.345392	11520.0
24.353483999999998	11150.0
24.376415999999999	11490.0
24.392970000000002	11450.0
24.407463999999997	11900.0
24.430496000000002	11810.0
24.438511999999999	12400.0
24.461765	12840.0
24.476454	12620.0
24.493450000000003	12280.0
24.510323	13390.0
24.5246	13040.0
24.544384000000001	13510.0
24.556934065934065	13210.0
24.577648648648648	13270.0
24.588031999999998	14700.0
24.606241000000001	14370.0
24.623259999999998	13830.0
24.632583999999998	14650.0
24.657055	14150.0
24.663553999999998	15600.0
24.684794	15930.0
24.69801	16670.0
24.711756194251734	15610.0
24.729609485368314	16430.0
24.744339	16270.0
24.768356000000001	17100.0
24.783252000000001	17360.0
24.803362999999997	15920.0
24.815576	17930.0
24.830438561438559	17710.0
24.846020020020021	18600.0
24.857340000000001	18760.0
24.881450000000001	18400.0
24.888804999999998	18250.0
24.910336000000001	19890.0
24.925144	20430.0
24.940322000000002	20540.0
24.960498000000001	20010.0
24.97156	20590.0
24.990774000000002	21380.0
25.005252000000002	21070.0
25.024699999999999	21880.0
25.040124000000002	22150.0
25.054473999999999	23200.0
25.073528	23140.0
25.086923076923078	24080.0
25.104891891891892	24730.0
25.119176	25490.0
25.139219999999998	24070.0
25.153662000000001	25220.0
25.167760000000001	25530.0
25.188010000000002	26000.0
25.199787999999998	25640.0
25.218104	27380.0
25.234909999999999	27420.0
25.248726000000001	28700.0
25.266434	29390.0
25.282658000000001	29310.0
25.300704	30380.0
25.314688	29730.0
25.333762	30710.0
25.350542000000001	31870.0
25.369146853146855	32920.0
25.383330330330331	32810.0
25.397012	32280.0
25.419736	33690.0
25.43102	32650.0
25.451937999999998	34280.0
25.468958000000001	34160.0
25.483302000000002	35570.0
25.503343999999998	35940.0
25.517992	37230.0
25.536834489593659	37540.0
25.552362260343088	37460.0
25.570717999999999	36430.0
25.587451999999999	40620.0
25.605652694610775	38450.0
25.623959919839677	38630.0
25.637722277722279	41060.0
25.660099099099099	41940.0
25.673317999999998	42350.0
25.697013999999999	43200.0
25.711575999999997	44590.0
25.722687999999998	44360.0
25.742719000000001	44790.0
25.754826000000001	46930.0
25.775359999999999	46210.0
25.792048000000001	46590.0
25.806324	49450.0
25.822572000000001	47610.0
25.837849000000002	50090.0
25.857389221556886	50280.0
25.87306613226453	50600.0
25.892219999999998	50170.0
25.904415999999998	50040.0
25.921968031968031	52340.0
25.936362362362363	54340.0
25.952280000000002	53610.0
25.972936000000001	54180.0
25.986256000000001	55830.0
26.002856000000001	53330.0
26.017751999999998	55880.0
26.03462	55050.0
26.051545999999998	54490.0
26.065244	55960.0
26.083856999999998	56810.0
26.098424000000001	55620.0
26.117256000000001	55330.0
26.132110000000001	56810.0
26.150480000000002	57230.0
26.166732	56990.0
26.178000999000997	56960.0
26.200207207207207	59080.0
26.21256	58160.0
26.233364999999999	57600.0
26.249155999999999	58050.0
26.265577999999998	57660.0
26.285091000000001	58080.0
26.299191999999998	56780.0
26.317514970059882	58030.0
26.332639278557114	55250.0
26.350724550898203	57070.0
26.368166332665332	56890.0
26.383576000000001	55670.0
26.402031999999998	55250.0
26.417244	52150.0
26.436169	54710.0
26.450882	53220.0
26.466655344655344	53720.0
26.484451	53640.0
26.49708	52670.0
26.517016000000002	52810.0
26.530465	49440.0
26.546704000000002	48970.0
26.562296	49900.0
26.578841000000001	49270.0
26.594872000000002	49950.0
26.608864000000001	49630.0
26.626165	52150.0
26.638065999999998	49360.0
26.655760000000001	49000.0
26.672214	50770.0
26.688824	49870.0
26.701208000000001	50720.0
26.71883016983017	47560.0
26.735702	50160.0
26.750006000000003	50570.0
26.768077000000002	49970.0
26.785416000000001	48880.0
26.801235999999999	49540.0
26.818193999999998	49160.0
26.833944000000002	48890.0
26.849972000000001	50020.0
26.865414999999999	48720.0
26.883855999999998	47940.0
26.899255999999998	47940.0
26.915767000000002	46330.0
26.933838000000002	45090.0
26.949292	45560.0
26.968878999999998	44960.0
26.982075924075925	44750.0
27.002006006006006	44410.0
27.017964999999997	44120.0
27.034298	42640.0
27.052128	40600.0
27.068815000000001	39890.0
27.086296000000001	37570.0
27.104271999999998	36090.0
27.121198	34020.0
27.13861	32320.0
27.155846	30890.0
27.173216	26890.0
27.186404	25860.0
27.207215999999999	23320.0
27.224364999999999	22680.0
27.241264000000001	22370.0
27.261251748251748	21010.0
27.276601601601602	20300.0
27.296584000000003	20690.0
27.309536000000001	19250.0
27.328149	19200.0
27.346675999999999	19050.0
27.365154	19970.0
27.383610000000001	18950.0
27.397907999999997	17920.0
27.415996	18340.0
27.430161000000002	18230.0
27.448993999999999	17130.0
27.466669999999997	17950.0
27.482614999999999	17650.0
27.500368000000002	16670.0
27.512626746506985	16530.0
27.534309999999998	17080.0
27.545686939182449	15670.0
27.564606330365972	16240.0
27.581939148073022	16880.0
27.596976000000002	16040.0
27.611872000000002	15180.0
27.627576000000001	15870.0
27.645531999999999	15720.0
27.662494527363183	14780.0
27.679182914572863	15620.0
27.694631999999999	15570.0
27.712104	15560.0
27.730447000000002	15990.0
27.742540000000002	15500.0
27.760524	15620.0
27.776714999999999	15330.0
27.792704000000001	15250.0
27.809402597402595	14600.0
27.824403403403402	15150.0
27.843574	15440.0
27.856767999999999	14980.0
27.874137000000001	15040.0
27.890087999999999	14130.0
27.905749003984063	15080.0
27.922688755020079	14190.0
27.940052000000001	15080.0
27.957848000000002	14900.0
27.970410000000001	15580.0
27.987472	16010.0
28.004020000000001	14150.0
28.018103	14190.0
28.035898000000003	13750.0
28.050101999999999	14580.0
28.069814999999998	14800.0
28.085757242757243	14900.0
28.102450450450451	14270.0
28.120353999999999	14560.0
28.136732000000002	15060.0
28.155884	13910.0
28.171510999999999	14340.0
28.187715999999998	14220.0
28.203498507462683	14780.0
28.22178894472362	14510.0
28.239298701298704	13940.0
28.256085085085086	13880.0
28.273977000000002	14590.0
28.289216	14930.0
28.308104	15120.0
28.322206999999999	14850.0
28.340144000000002	14320.0
28.356967032967031	14610.0
28.373944944944945	14320.0
28.392536	14340.0
28.408208000000002	14560.0
28.426117999999999	13300.0
28.441139999999997	14370.0
28.456403999999999	14380.0
28.473614999999999	14550.0
28.493080000000003	14430.0
28.510520000000003	14960.0
28.523972000000004	15280.0
28.542986000000003	16460.0
28.559370000000001	15670.0
28.575378000000004	15050.0
28.594176000000004	14390.0
28.609811999999998	14600.0
28.628953999999997	13860.0
28.644653346653346	14820.0
28.661385385385383	14980.0
28.676817	15070.0
28.695351999999996	14610.0
28.711864000000002	15240.0
28.726865	14700.0
28.742809999999999	14670.0
28.755897999999998	14530.0
28.774620000000002	14670.0
28.790816	14570.0
28.806619999999999	15700.0
28.823535999999997	15100.0
28.840510000000002	14560.0
28.85642303969022	14810.0
28.87225025853154	15810.0
28.891031999999999	15530.0
28.908452547452548	14900.0
28.922955955955956	15290.0
28.939795999999998	15300.0
28.957082	14880.0
28.975114999999999	15300.0
28.989836327345309	15340.0
29.007012024048095	14270.0
29.024696000000002	15700.0
29.040909999999997	14770.0
29.058585999999998	15360.0
29.072972999999998	14610.0
29.089744000000003	15260.0
29.111767999999998	15060.0
29.128443000000001	15280.0
29.142958	16280.0
29.160331999999997	15460.0
29.176117000000001	16340.0
29.193818181818184	16020.0
29.211266266266264	14880.0
29.227873999999996	16260.0
29.243863999999999	15610.0
29.260888000000001	15280.0
29.277214999999998	15580.0
29.295391999999996	15960.0
29.312928000000003	16080.0
29.330807	15580.0
29.345141999999996	16400.0
29.362966	15700.0
29.381793000000002	15620.0
29.395735999999999	16540.0
29.411948000000002	15870.0
29.432012000000004	16720.0
29.446652000000004	15920.0
29.464286713286715	15990.0
29.480927927927926	16670.0
29.499568	17060.0
29.515384000000001	16110.0
29.534251000000001	16370.0
29.552410000000002	16200.0
29.566853999999999	16710.0
29.585598999999998	16370.0
29.602259999999998	15920.0
29.619167999999998	15820.0
29.636187000000003	16310.0
29.654183999999997	16090.0
29.671345999999996	17490.0
29.689617999999999	17460.0
29.707432000000001	17120.0
29.722247999999997	16370.0
29.740037999999998	17110.0
29.758256743256744	16610.0
29.775280280280281	16330.0
29.791715	17280.0
29.807270633397316	16130.0
29.823427974947812	17090.0
29.842649000000002	16360.0
29.862012000000004	17790.0
29.877571999999997	17230.0
29.895337000000001	17210.0
29.910956183057451	17070.0
29.930232	18410.0
29.945704477611937	17040.0
29.964780904522613	18800.0
29.983447999999999	17780.0
30.000114999999997	18380.0
30.01606	17790.0
30.033415584415582	18170.0
30.050957957957959	17850.0
30.067504	17250.0
30.084528000000002	18200.0
30.100814999999997	17320.0
30.116759999999996	17010.0
30.136959999999998	17930.0
30.151843	18730.0
30.169558000000002	18750.0
30.187531999999997	18380.0
30.202515000000002	18080.0
30.218788	18180.0
30.235507999999999	18370.0
30.249528999999999	18660.0
30.26831	18510.0
30.285105999999999	19290.0
30.302207792207795	17340.0
30.318153153153155	18130.0
30.334728000000002	18280.0
30.351065000000002	19190.0
30.367744000000002	18260.0
30.382373999999999	19570.0
30.398776000000002	19500.0
30.415784000000002	19160.0
30.431820000000002	19450.0
30.448849397590362	18330.0
30.467140000000001	19400.0
30.479559999999999	18480.0
30.499374	19170.0
30.514863999999999	17940.0
30.531888000000002	19070.0
30.547172000000003	17830.0
30.562892000000002	19400.0
30.580919080919081	19630.0
30.597929929929929	19230.0
30.614943999999998	18960.0
30.629724000000003	19030.0
30.645165000000002	18120.0
30.660236000000001	19540.0
30.677914171656688	19840.0
30.695014	18630.0
30.710152000000004	18440.0
30.728663999999998	19320.0
30.743438000000001	19710.0
30.762064000000002	20410.0
30.777816000000001	20170.0
30.792096000000001	20590.0
30.80866	20250.0
30.826143999999999	19620.0
30.841845154845156	20710.0
30.85713813813814	21010.0
30.874167999999997	20080.0
30.891176000000002	19950.0
30.906535999999999	19680.0
30.922319999999999	20890.0
30.937314000000001	19810.0
30.958209999999998	19430.0
30.974325999999998	20680.0
30.991833000000003	19890.0
31.005856000000001	19640.0
31.02102	19320.0
31.037957999999996	20200.0
31.055909999999997	20860.0
31.071411999999999	19560.0
31.086815000000001	20260.0
31.103344	20280.0
31.120357642357639	21010.0
31.13666066066066	21020.0
31.153383999999996	20460.0
31.169569999999997	20530.0
31.188217999999999	20000.0
31.203496000000001	20710.0
31.220447999999998	21220.0
31.237546999999996	21280.0
31.255607569721118	20120.0
31.273652610441768	21680.0
31.290652999999999	20780.0
31.305847999999997	20290.0
31.32516	20530.0
31.343123000000002	20300.0
31.357475999999998	20760.0
31.374742514970059	21420.0
31.393873873873872	21270.0
31.410132132132134	20360.0
31.428184000000002	20960.0
31.443913999999999	21430.0
31.462451999999999	21040.0
31.480626000000001	22230.0
31.498614999999997	21280.0
31.514768	21350.0
31.532855999999999	21040.0
31.551388999999997	22230.0
31.569822000000002	21310.0
31.584660079051382	22310.0
31.601209514170041	22430.0
31.617259999999998	21650.0
31.635960000000001	20980.0
31.654776000000002	21520.0
31.671110000000002	21790.0
31.689270729270731	22000.0
31.706812812812814	23080.0
31.722095999999997	22470.0
31.740703999999997	22080.0
31.758630799605132	22370.0
31.774642201834862	22360.0
31.793652000000002	22620.0
31.808895999999997	23010.0
31.826148000000003	22640.0
31.843619999999998	23560.0
31.861048999999998	22790.0
31.879075999999998	22730.0
31.895466000000003	21790.0
31.912976000000004	22480.0
31.929984000000001	22700.0
31.947696000000001	22480.0
31.96425374625375	23820.0
31.984276276276276	24690.0
32.001170000000002	22330.0
32.016173999999999	24030.0
32.039059999999999	23230.0
32.055019999999999	23070.0
32.070965000000001	23220.0
32.087298000000004	23120.0
32.105902	22770.0
32.124493999999999	23060.0
32.140912	23840.0
32.159168000000001	22240.0
32.176175999999998	23180.0
32.192609999999995	23180.0
32.207294000000005	23250.0
32.226019999999998	23900.0
32.245752000000003	24260.0
32.261580419580419	24770.0
32.277363363363364	24420.0
32.297125999999999	24360.0
32.310288	24410.0
32.327458	25480.0
32.345872	24100.0
32.360327999999996	24010.0
32.377877999999995	24800.0
32.395676000000002	24230.0
32.410969999999999	23540.0
32.427836999999997	23740.0
32.445907999999996	23100.0
32.463408000000001	24290.0
32.481067000000003	24080.0
32.495567999999999	23690.0
32.512225999999998	24200.0
32.531122877122876	22670.0
32.547558558558556	23640.0
32.564487999999997	24230.0
32.579526999999999	24090.0
32.597409999999996	23650.0
32.614001999999999	24310.0
32.633094	24220.0
32.648544000000001	24010.0
32.665915999999996	23980.0
32.681932000000003	24650.0
32.696584000000001	24950.0
32.713070000000002	23320.0
32.730817999999999	24570.0
32.746631999999998	23890.0
32.764103999999996	25590.0
32.779283	23410.0
32.797310756972109	24330.0
32.81283450351053	24810.0
32.830676676676681	24410.0
32.84966	24680.0
32.865727999999997	26070.0
32.882394000000005	24920.0
32.898446	23700.0
32.916575999999999	24820.0
32.930776000000002	23770.0
32.948208000000001	24280.0
32.965807999999996	24950.0
32.982816	24020.0
33.001666	23590.0
33.017814000000001	24930.0
33.034596999999998	23990.0
33.048648	25980.0
33.066624000000004	24780.0
33.082951048951053	25030.0
33.100897897897894	25470.0
33.118809571286143	25010.0
33.134130391173521	26920.0
33.152575999999996	24410.0
33.168711999999999	25660.0
33.187043000000003	23700.0
33.202357999999997	26860.0
33.220883999999998	24800.0
33.238014	24970.0
33.252896	24540.0
33.269676000000004	24350.0
33.287056	25500.0
33.304817999999997	24850.0
33.319634000000001	24190.0
33.337794820717136	25450.0
33.354156626506018	25090.0
33.373103960396037	25210.0
33.388970677451972	25390.0
33.406144000000005	25140.0
33.422969999999999	25740.0
33.438654	25040.0
33.455156000000002	25920.0
33.473432000000003	24800.0
33.489215999999999	24440.0
33.506737999999999	25990.0
33.523092000000005	25160.0
33.541179	24370.0
33.555743999999997	25660.0
33.574359999999999	25620.0
33.592295999999997	26030.0
33.605727999999999	25980.0
33.624243999999997	26050.0
33.641360360360359	27550.0
33.660260000000001	24110.0
33.676367999999997	25460.0
33.693376000000001	25280.0
33.709562000000005	25510.0
33.723731999999998	24950.0
33.740217999999999	24750.0
33.757495999999996	24340.0
33.775559999999999	25660.0
33.794455999999997	25700.0
33.812117999999998	25190.0
33.828769999999999	24950.0
33.845495999999997	24090.0
33.862504000000001	24540.0
33.882252000000001	25630.0
33.897594000000005	26370.0
33.914475524475527	24410.0
33.929553553553554	25550.0
33.946415000000002	24800.0
33.962584	25440.0
33.980184000000001	25750.0
33.998615999999998	25490.0
34.015210000000003	24670.0
34.032603999999999	25150.0
34.049574	25940.0
34.066871999999996	26400.0
34.084019999999995	25240.0
34.101427000000001	25460.0
34.118678642714571	25290.0
34.133150300601201	25870.0
34.149736000000004	26070.0
34.167727999999997	25440.0
34.184719280719278	26220.0
34.200761761761761	25090.0
34.218132000000004	24940.0
34.236807999999996	24770.0
34.254117000000001	26260.0
34.272188	24860.0
34.288992	25610.0
34.305837999999994	24870.0
34.323864	26160.0
34.343360000000004	25220.0
34.360534000000001	25990.0
34.378103718199611	25010.0
34.394251533742327	25910.0
34.415290999999996	24230.0
34.430141999999996	25670.0
34.448963999999997	24330.0
34.464036999999998	25620.0
34.481982017982013	25220.0
34.499556556556556	25420.0
34.518011999999999	24930.0
34.532024	24800.0
34.549425999999997	24250.0
34.566615000000006	24950.0
34.584072000000006	25450.0
34.600951999999999	24000.0
34.618358000000001	25700.0
34.634716000000004	25030.0
34.651885999999998	24750.0
34.668315	24060.0
34.684260000000002	25920.0
34.702116000000004	23960.0
34.721164999999999	25210.0
34.737183999999999	25500.0
34.754067932067933	25420.0
34.770003003003005	24930.0
34.786752	24390.0
34.805247999999999	24360.0
34.821865000000003	25030.0
34.838718	23270.0
34.856805999999999	25320.0
34.872553000000003	24440.0
34.888947999999999	24380.0
34.905619999999999	24990.0
34.923107000000002	23430.0
34.940343999999996	24510.0
34.955572000000004	25030.0
34.974298000000005	24720.0
34.993312000000003	23680.0
35.00732	23900.0
35.023403980099502	25380.0
35.040357429718874	24390.0
35.057370808678499	24010.0
35.074626395939084	23590.0
35.092059999999996	23830.0
35.108488000000001	24460.0
35.125495999999998	21900.0
35.142504000000002	24780.0
35.159528000000002	23860.0
35.176535999999999	24300.0
35.195111999999995	23180.0
35.21172	23100.0
35.226754	25990.0
35.244524950099795	24240.0
35.258722000000006	23780.0
35.278514999999999	22740.0
35.294623999999999	23510.0
35.312555444555443	23620.0
35.331773773773776	22890.0
35.347017999999998	23240.0
35.363720430107527	23330.0
35.379969293756396	24380.0
35.398248000000002	23420.0
35.415120000000002	22840.0
35.433078000000002	23020.0
35.447074000000001	23120.0
35.464364000000003	23530.0
35.481776000000004	22510.0
35.498784000000001	23700.0
35.515808	24190.0
35.5328008008008	22300.0
35.549824000000001	22260.0
35.567382000000002	23590.0
35.586132999999997	22880.0
35.60055544455544	22470.0
35.617979979979978	22470.0
35.636034000000002	23100.0
35.652397999999998	22180.0
35.669370000000001	21970.0
35.685935999999998	21150.0
35.702944000000002	23440.0
35.720716000000003	21620.0
35.737165000000005	22970.0
35.753984000000003	22390.0
35.770070000000004	21600.0
35.789014999999999	22380.0
35.805152	22300.0
35.823792000000005	22620.0
35.839055999999999	21570.0
35.855809999999998	21760.0
35.873035964035964	21560.0
35.891705705705711	22120.0
35.908104000000002	21790.0
35.924112000000001	19930.0
35.941848999999998	22100.0
35.958876000000004	21860.0
35.975866000000003	21170.0
35.990893	21210.0
36.008831999999998	21370.0
36.025320000000001	21510.0
36.044118000000005	22420.0
36.058238000000003	20850.0
36.076248	22780.0
36.093397000000003	20530.0
36.111671999999999	21340.0
36.130288	21220.0
36.146633999999999	20120.0
36.163084915084916	20820.0
36.180861861861864	20450.0
36.197856999999999	21230.0
36.215344000000002	21720.0
36.231720000000003	19700.0
36.247665000000005	21740.0
36.265158	20070.0
36.284084	20170.0
36.301415999999996	20740.0
36.316322803553803	21190.0
36.334476000000002	20850.0
36.352182999999997	20000.0
36.366771999999997	20940.0
36.385488000000002	20170.0
36.402777	20610.0
36.421445759368837	20160.0
36.439189463019247	20790.0
36.454997997997999	20590.0
36.470407999999999	20320.0
36.484372	19880.0
36.503881	20220.0
36.521135999999998	19250.0
36.538395999999999	20340.0
36.556466999999998	19430.0
36.572710000000001	19590.0
36.590626	20660.0
36.609492000000003	19350.0
36.622872000000001	18880.0
36.642192000000001	20140.0
36.661465	19440.0
36.677115999999998	18340.0
36.693086000000001	18890.0
36.709893999999998	20560.0
36.725252747252746	19290.0
36.742855855855851	19690.0
36.759554000000001	19130.0
36.777132000000002	19260.0
36.796284	20240.0
36.811413000000002	20070.0
36.827824	19180.0
36.847631999999997	19660.0
36.865847000000002	18770.0
36.880918000000001	20000.0
36.898887999999999	19490.0
36.915533999999994	18840.0
36.931635999999997	18820.0
36.950927999999998	19040.0
36.967936000000002	18610.0
36.986246000000001	18970.0
37.002970029970029	19050.0
37.018863013698628	18870.0
37.036227226202662	19650.0
37.054359281437129	18960.0
37.070507014028053	18910.0
37.085396000000003	17820.0
37.105559999999997	18280.0
37.120232999999999	18460.0
37.138064	18870.0
37.155224000000004	19450.0
37.173833999999999	18080.0
37.18891	17870.0
37.205902000000002	18390.0
37.224815	19090.0
37.241911999999999	19010.0
37.259720000000002	17580.0
37.276176	18920.0
37.292027972027974	18250.0
37.310115115115117	17750.0
37.328215999999998	18110.0
37.345223999999995	17650.0
37.363076	17530.0
37.379365	18010.0
37.396263999999995	18400.0
37.415287999999997	18130.0
37.432133999999998	17840.0
37.446871999999999	17480.0
37.461743999999996	17380.0
37.480064999999996	17910.0
37.497011999999998	17090.0
37.514572000000001	16740.0
37.531759000000001	17410.0
37.550908	17590.0
37.567223776223777	17380.0
37.58275975975976	17980.0
37.600138000000001	17070.0
37.616669999999999	16070.0
37.633296442687751	16860.0
37.648639676113362	16260.0
37.666456000000004	16850.0
37.683557999999998	16870.0
37.70241	16490.0
37.71837	17160.0
37.734315000000002	16500.0
37.750544000000005	16820.0
37.766523999999997	16940.0
37.78322	16110.0
37.801636000000002	16440.0
37.818145999999999	17480.0
37.833812999999999	16190.0
37.851603396603394	17560.0
37.868915915915913	16370.0
37.883282999999999	15610.0
37.902225999999999	16000.0
37.919688000000001	15650.0
37.935715000000002	16720.0
37.951615384615387	16490.0
37.966603396603396	14800.0
37.983217434869736	16390.0
38.002510000000001	15580.0
38.019364000000003	15050.0
38.037776000000001	15930.0
38.053511999999998	16790.0
38.068807999999997	16740.0
38.086917999999997	15230.0
38.103596000000003	14650.0
38.119159840159845	14880.0
38.136592592592592	15030.0
38.154668000000001	15460.0
38.169272727272727	15520.0
38.187756756756755	15130.0
38.204903999999999	16070.0
38.221869999999996	15660.0
38.237813186813185	15530.0
38.253930930930927	15100.0
38.271712000000001	14260.0
38.289732000000001	14640.0
38.304358000000001	14980.0
38.321570000000001	14860.0
38.338015999999996	15270.0
38.356151999999994	15730.0
38.374017946161516	14890.0
38.39034068136273	14760.0
38.407060060060061	14700.0
38.423270000000002	15660.0
38.439215000000004	15300.0
38.457048	14140.0
38.474135999999994	15610.0
38.492136000000002	15050.0
38.508876000000001	15500.0
38.524762000000003	14020.0
38.543393000000002	14150.0
38.558183999999997	13980.0
38.575596000000004	13710.0
38.592314000000002	13890.0
38.608738000000002	15090.0
38.62567	13860.0
38.642256000000003	14210.0
38.662080000000003	14920.0
38.678741258741262	13260.0
38.696124124124125	14150.0
38.711516000000003	14300.0
38.729285999999995	14310.0
38.747335999999997	14440.0
38.76426	14550.0
38.780811999999997	14360.0
38.799742999999999	14290.0
38.814932000000006	13710.0
38.832056000000001	13320.0
38.847619000000002	13730.0
38.865960000000001	13160.0
38.882448000000004	14190.0
38.901820000000001	13110.0
38.918501999999997	13690.0
38.933770000000003	13920.0
38.949703296703298	14380.0
38.966501501501504	14870.0
38.985344000000005	13870.0
39.001564999999999	13650.0
39.018543999999999	12590.0
39.035567999999998	13820.0
39.052414999999996	13760.0
39.068584000000001	13600.0
39.085608000000001	13150.0
39.102967	13430.0
39.12021	12880.0
39.135213999999998	13920.0
39.151738000000002	13140.0
39.169663999999997	13230.0
39.189360000000001	12060.0
39.204771999999998	13170.0
39.219909999999999	13200.0
39.240142857142857	13000.0
39.25405105105105	12790.0
39.271727999999996	12090.0
39.289816000000002	13450.0
39.307331999999995	12500.0
39.321131999999999	11830.0
39.339570000000002	12740.0
39.356116999999998	12820.0
39.374175648702597	12010.0
39.391829659318638	11510.0
39.408365000000003	12640.0
39.424309999999998	12640.0
39.440888000000001	13720.0
39.457215000000005	12280.0
39.473904000000005	12740.0
39.492544000000002	12310.0
39.509051948051948	12850.0
39.525942942942947	13040.0
39.542968000000002	12090.0
39.560915000000001	11990.0
39.576984000000003	11730.0
39.593820000000001	12350.0
39.609765000000003	12610.0
39.626338000000004	12150.0
39.644425999999996	12250.0
39.661615000000005	11510.0
39.678063999999999	11960.0
39.696224000000001	12030.0
39.713464999999999	11710.0
39.729410000000001	12080.0
39.746885999999996	11270.0
39.765777999999997	12100.0
39.781376000000002	12050.0
39.797205794205794	12150.0
39.813198	11030.0
39.83211	11200.0
39.848208	11860.0
39.865618000000005	11700.0
39.883960000000002	11480.0
39.900576000000001	11730.0
39.917864999999999	10990.0
39.934263999999999	11190.0
39.950251999999999	11410.0
39.966296	11540.0
39.984591999999999	11110.0
40.000203999999997	11010.0
40.016336000000003	11480.0
40.034177999999997	10590.0
40.052266000000003	11350.0
40.069360639360639	10850.0
40.086407999999999	11500.0
40.104407999999999	11330.0
40.121113999999999	10730.0
40.136852000000005	10570.0
40.154892000000004	11060.0
40.171137999999999	10600.0
40.189059999999998	11340.0
40.204552	11030.0
40.221558000000002	10680.0
40.239503999999997	11010.0
40.258502	10270.0
40.273651999999998	10580.0
40.289543999999999	10720.0
40.309111999999999	10190.0
40.326576000000003	10630.0
40.342610000000001	10380.0
40.35962962962963	10240.0
40.377313000000001	10540.0
40.391952000000003	10380.0
40.411103999999995	10840.0
40.429074	10100.0
40.445726000000001	10480.0
40.464269999999999	10040.0
40.480215000000001	10590.0
40.497791999999997	10860.0
40.514512000000003	9510.0
40.531407000000002	9730.0
40.548009999999998	10830.0
40.564768000000001	9360.0
40.58522	10020.0
40.599088000000002	9890.0
40.614820000000002	10080.0
40.633800800800806	9240.0
40.650824	9580.0
40.667847999999999	9570.0
40.684855999999996	9990.0
40.702770229770231	9580.0
40.721143143143145	10160.0
40.737757999999999	9690.0
40.753927999999995	10490.0
40.771160000000002	10430.0
40.788072999999997	9820.0
40.804628000000001	9870.0
40.822716	9560.0
40.838354000000002	9470.0
40.854984000000002	9090.0
40.872008000000001	9710.0
40.891016999999998	9430.0
40.908767232767232	9640.0
40.922161161161164	9280.0
40.940438	9520.0
40.958556000000002	9200.0
40.975360000000002	9540.0
40.994333999999995	9250.0
41.009660000000004	9120.0
41.026128	9930.0
41.043135999999997	9560.0
41.061411999999997	9480.0
41.077772000000003	9340.0
41.094936999999994	8870.0
41.111359999999998	9330.0
41.129095999999997	9200.0
41.144314000000001	9340.0
41.163181999999999	9080.0
41.177324675324677	8980.0
41.195102102102098	8520.0
41.211672	8950.0
41.230823999999998	8980.0
41.249296000000001	9130.0
41.266697999999998	8400.0
41.283411999999998	9040.0
41.300899000000001	9020.0
41.318760000000005	8860.0
41.334720000000004	8470.0
41.353509000000003	9220.0
41.367514	8460.0
41.386760000000002	9000.0
41.402614	9140.0
41.419423999999999	8820.0
41.437391999999996	8500.0
41.452820000000003	8220.0
41.472999999999999	8520.0
41.487692692692697	8210.0
41.505777000000002	8460.0
41.522815999999999	8750.0
41.539752	9060.0
41.558064999999999	8350.0
41.574544000000003	8610.0
41.591568000000002	8300.0
41.608575999999999	8360.0
41.627032	8480.0
41.644608000000005	7630.0
41.660764999999998	7960.0
41.67671	9080.0
41.693648000000003	9120.0
41.713574000000001	8430.0
41.728871999999996	8220.0
41.747349650349648	8840.0
41.762683683683683	8200.0
41.779409999999999	8580.0
41.796802	8260.0
41.816156999999997	7940.0
41.832292000000002	7720.0
41.848315999999997	7540.0
41.865776000000004	8270.0
41.882109999999997	8400.0
41.898808000000002	8040.0
41.916617000000002	8470.0
41.932096000000001	8150.0
41.950703999999995	8230.0
41.968847000000004	7980.0
41.986917999999996	7590.0
42.004652	7620.0
42.019896000000003	8100.0
42.036412587412585	7980.0
42.052838838838838	7600.0
42.071936000000001	7720.0
42.089812000000002	7370.0
42.107469999999999	8090.0
42.123975999999999	7740.0
42.140983999999996	7350.0
42.159383999999996	7510.0
42.174011999999998	7500.0
42.192465999999996	7860.0
42.210926000000001	7210.0
42.228997	8110.0
42.244067932067935	7990.0
42.26214014014014	7120.0
42.280226999999996	8040.0
42.297716000000001	7970.0
42.313381618381619	7260.0
42.331445445445446	7650.0
42.347608000000001	7900.0
42.363959999999999	7930.0
42.382665000000003	7160.0
42.398609999999998	7200.0
42.415846000000002	6740.0
42.432514999999995	7540.0
42.448459999999997	7600.0
42.466904	7960.0
42.486038000000001	7160.0
42.501356000000001	7240.0
42.519252000000002	7140.0
42.534376999999999	7500.0
42.552447999999998	7190.0
42.570327999999996	6780.0
42.587336000000001	7160.0
42.603671328671325	7420.0
42.620550550550547	7690.0
42.638914999999997	7560.0
42.656906467661692	7030.0
42.674203015075378	7350.0
42.691718000000002	6880.0
42.709423999999999	7010.0
42.726447999999998	7560.0
42.743456000000002	7360.0
42.761921722113506	6780.0
42.776574642126789	7290.0
42.792527	7260.0
42.810503999999995	7110.0
42.827686	6980.0
42.845314999999999	6730.0
42.862679999999997	6370.0
42.882214785214785	6630.0
42.898156156156155	6770.0
42.913635999999997	6980.0
42.930146000000001	7080.0
42.946413999999997	6590.0
42.964615999999999	6970.0
42.981919999999995	6890.0
42.998643356643356	6220.0
43.01566166166166	6550.0
43.034524000000005	6830.0
43.048752999999998	6890.0
43.070703999999999	6390.0
43.087403999999999	6570.0
43.101735999999995	6910.0
43.118510000000001	6300.0
43.135960000000004	6690.0
43.155414999999998	7010.0
43.171777222777223	7270.0
43.188312312312313	7260.0
43.205367000000003	6600.0
43.222210000000004	6450.0
43.240203999999999	6830.0
43.258597000000002	6830.0
43.275864000000006	7000.0
43.292888000000005	6520.0
43.310826999999996	6900.0
43.326909999999998	6160.0
43.344044000000004	6720.0
43.362935999999998	6040.0
43.380127999999999	6980.0
43.397967999999999	6360.0
43.414975999999996	6260.0
43.431609999999999	6520.0
43.448438561438564	5700.0
43.465507507507503	6040.0
43.483151999999997	6330.0
43.499164	6690.0
43.516438000000001	6860.0
43.535572000000002	7020.0
43.553087999999995	6690.0
43.571857999999999	5720.0
43.586272000000001	5980.0
43.604135999999997	7030.0
43.622207000000003	6570.0
43.639876000000001	6830.0
43.655563999999998	5710.0
43.673915000000001	6770.0
43.690184000000002	6370.0
43.708759999999998	6380.0
43.726863000000002	6090.0
43.742729270729271	6300.0
43.760818818818819	6450.0
43.775691999999999	6420.0
43.791967999999997	5930.0
43.810823999999997	6220.0
43.826633999999999	6300.0
43.843303999999996	6340.0
43.861286	6300.0
43.878377999999998	6090.0
43.897260000000003	6200.0
43.913516000000001	6040.0
43.931587	6440.0
43.948836	5980.0
43.965422000000004	5990.0
43.982812000000003	6070.0
43.998815999999998	5830.0
44.01532967032967	6500.0
44.03163063063063	5990.0
44.049464	6260.0
44.068641999999997	5560.0
44.084153000000001	6400.0
44.101348000000002	5880.0
44.119436	5870.0
44.137506999999999	5950.0
44.152577999999998	5990.0
44.170665999999997	6150.0
44.188737000000003	5830.0
44.206136000000001	5960.0
44.222183999999999	5750.0
44.240615999999996	6210.0
44.258451999999998	6100.0
44.275691999999999	5770.0
44.292197000000002	5740.0
44.308447552447554	5850.0
44.326018018018019	5410.0
44.342965	5740.0
44.361291999999999	5610.0
44.380444000000004	5860.0
44.397736000000002	5760.0
44.413760000000003	5860.0
44.429864000000002	5060.0
44.448665000000005	5660.0
44.46461	5230.0
44.481045999999999	5810.0
44.498815999999998	5730.0
44.516188	6440.0
44.534275999999998	5740.0
44.550382999999997	5600.0
44.568080000000002	5870.0
44.585643356643359	5670.0
44.602571571571573	5730.0
44.618415999999996	5530.0
44.636544000000001	5590.0
44.653064999999998	5890.0
44.670877999999995	5570.0
44.689892430278881	6060.0
44.703915000000002	5900.0
44.720108000000003	5620.0
44.737819999999999	5380.0
44.754016	5710.0
44.771640718562871	5940.0
44.789651302605208	5670.0
44.806497	5850.0
44.822552000000002	5290.0
44.839792000000003	5600.0
44.856203000000001	5640.0
44.874172827172828	5500.0
44.8920999000999	5560.0
44.909130260521039	5500.0
44.925260000000002	5040.0
44.943116000000003	5920.0
44.95722	6040.0
44.978183999999999	5430.0
44.995070000000005	5470.0
45.011216000000005	5450.0
45.028224000000002	5740.0
45.046231999999996	5460.0
45.063300999999996	5710.0
45.077718000000004	5850.0
45.094769999999997	5740.0
45.110714999999999	5190.0
45.129235999999999	5830.0
45.146609390609392	5530.0
45.161790790790789	5510.0
45.18168	5720.0
45.19847	5690.0
45.217298000000007	5040.0
45.230383999999994	5650.0
45.247408	5800.0
45.264868999999997	5510.0
45.283781999999995	5090.0
45.298448	5480.0
45.316138000000002	5330.0
45.333655999999998	5520.0
45.350423999999997	5340.0
45.367964999999998	5710.0
45.385097999999999	5560.0
45.403185999999998	5500.0
45.417651999999997	4950.0
45.434314685314689	5210.0
45.451565565565566	5870.0
45.470398000000003	4860.0
45.484662	4990.0
45.503646000000003	5080.0
45.521212000000006	5290.0
45.534459999999996	5150.0
45.551559999999995	5950.0
45.570782999999999	5630.0
45.586018000000003	5050.0
45.603270000000002	5080.0
45.620657999999999	5450.0
45.638704000000004	5280.0
45.654511999999997	4660.0
45.670735999999998	5140.0
45.687744000000002	4930.0
45.704755244755241	5710.0
45.722634634634638	4990.0
45.741632000000003	5750.0
45.755844000000003	4800.0
45.772866999999998	5420.0
45.791052000000001	4960.0
45.809670000000004	4740.0
45.825374000000004	5280.0
45.841167999999996	5270.0
45.858888	5040.0
45.875895999999997	5170.0
45.893397999999998	4650.0
45.910927999999998	5340.0
45.927935999999995	5380.0
45.94426	4920.0
45.961716000000003	4870.0
45.978165000000004	5380.0
45.996716283716289	5130.0
46.014944944944943	5190.0
46.029958167330676	4850.0
46.047024	5050.0
46.064175999999996	4570.0
46.082247000000002	4790.0
46.099809999999998	5590.0
46.116405999999998	4740.0
46.134477000000004	5290.0
46.151215999999998	4860.0
46.166620000000002	4900.0
46.184277999999999	5270.0
46.201509999999999	4710.0
46.218865999999998	4940.0
46.236031620553362	5130.0
46.253149797570849	4640.0
46.269306693306696	5400.0
46.286215215215215	4390.0
46.302224000000002	4920.0
46.319403999999999	5320.0
46.338115000000002	4470.0
46.354264000000001	5020.0
46.371019999999994	4520.0
46.387295999999999	4840.0
46.405486000000003	4970.0
46.422496000000002	5230.0
46.437857000000001	4550.0
46.455928	5170.0
46.474664000000004	5200.0
46.493086999999996	5240.0
46.508836000000002	4370.0
46.525407999999999	4980.0
46.544218000000001	4770.0
46.561408591408586	4940.0
46.578476000000002	4710.0
46.596274000000001	5230.0
46.611618	4750.0
46.629269999999998	5030.0
46.645495999999994	5380.0
46.662847999999997	4610.0
46.680120000000002	4770.0
46.697478000000004	5490.0
46.715009999999999	4890.0
46.730969999999999	4570.0
46.746915000000001	4770.0
46.765032000000005	4640.0
46.782608000000003	5090.0
46.798765000000003	4540.0
46.816538000000001	4970.0
46.833632367632369	5030.0
46.849696999999999	5190.0
46.867767999999998	4750.0
46.885856000000004	4810.0
46.903233999999998	4750.0
46.918703999999998	5330.0
46.936444000000002	4480.0
46.953893999999998	5650.0
46.970227999999999	5250.0
46.987220000000001	4570.0
47.004387000000001	4570.0
47.022458	4810.0
47.038311377245513	4360.0
47.054809619238476	4550.0
47.069232	4920.0
47.087703999999995	5740.0
47.106820179820183	4460.0
47.122756000000003	4900.0
47.138124000000005	4630.0
47.156172000000005	4750.0
47.170392	4750.0
47.189236000000001	4720.0
47.206935999999999	4920.0
47.224378000000002	5100.0
47.242466	4520.0
47.257731999999997	5020.0
47.273608000000003	4910.0
47.289631999999997	5360.0
47.307517999999995	4590.0
47.323396000000002	5020.0
47.340926000000003	4860.0
47.356174000000003	4900.0
47.378059940059941	4970.0
47.394073073073073	4380.0
47.411358	5120.0
47.42991	4770.0
47.446386000000004	5340.0
47.463494000000004	5170.0
47.480295999999996	4820.0
47.499167999999997	4890.0
47.515665000000006	4770.0
47.532184000000001	4830.0
47.549208	5120.0
47.568318999999995	4490.0
47.584696000000001	5140.0
47.602904000000002	4980.0
47.622038000000003	5070.0
47.640217999999997	4350.0
47.654323000000005	5280.0
47.674121121121125	4550.0
47.689160000000001	5260.0
47.705743999999996	4980.0
47.724336000000001	4950.0
47.742011999999995	4900.0
47.759174000000002	4840.0
47.774836999999998	4940.0
47.793432000000003	5320.0
47.812584000000001	5180.0
47.827812000000002	4710.0
47.844138000000001	5250.0
47.862226	5100.0
47.880296999999999	5240.0
47.899272000000003	4810.0
47.913584	5020.0
47.933464999999998	4620.0
47.9495024975025	5090.0
47.966671671671669	4760.0
47.984757000000002	4620.0
48.002544	4790.0
48.019916000000002	4540.0
48.037576000000001	4580.0
48.054583999999998	5070.0
48.071608000000005	4360.0
48.089216999999998	4920.0
48.105295999999996	4930.0
48.122376000000003	5030.0
48.140447000000002	4740.0
48.159371999999998	4660.0
48.176687999999999	4830.0
48.190753000000001	5300.0
48.210704	5080.0
48.227834165834167	5010.0
48.245722722722725	4780.0
48.262509999999999	4340.0
48.279066	4480.0
48.296776000000001	4980.0
48.313783999999998	4930.0
48.331296000000002	5030.0
48.348815999999999	4900.0
48.366427572427568	5260.0
48.385198198198196	4410.0
48.402856	4470.0
48.421471999999994	4670.0
48.436284000000001	4680.0
48.454758000000005	4950.0
48.471904000000002	4060.0
48.489159999999998	4430.0
48.509573000000003	4690.0
48.523941058941062	4880.0
48.540955955955951	4620.0
48.558597999999996	5190.0
48.577357999999997	4940.0
48.594570000000004	4540.0
48.612017999999999	4860.0
48.629460000000002	4950.0
48.645420000000001	4410.0
48.664819999999999	5060.0
48.680047999999999	4570.0
48.700178000000001	4390.0
48.716334000000003	4510.0
48.734048000000001	4130.0
48.750127999999997	4670.0
48.767206999999999	5080.0
48.785144000000003	4870.0
48.802362637362634	4720.0
48.820424424424424	4670.0
48.838183999999998	4970.0
48.85558941058941	5030.0
48.873207207207209	4950.0
48.889195999999998	4510.0
48.905825999999998	5160.0
48.923896999999997	4520.0
48.941968000000003	4820.0
48.95852	4860.0
48.975296	4590.0
48.994092000000002	3870.0
49.010370000000002	4830.0
49.028335999999996	5200.0
49.045344	5150.0
49.062812000000001	4660.0
49.081954000000003	5170.0
49.097379620379627	4450.0
49.115072072072074	5240.0
49.132614000000004	4830.0
49.149815999999994	4520.0
49.167919999999995	4770.0
49.185046999999997	4670.0
49.201810000000002	4570.0
49.220641999999998	4780.0
49.236152999999995	4850.0
49.255036000000004	5030.0
49.270711999999996	4330.0
49.287535999999996	4650.0
49.307510000000001	5250.0
49.323568000000002	5050.0
49.340093000000003	4850.0
49.355032000000001	4450.0
49.373603396603393	4890.0
49.390955955955953	4920.0
49.408210000000004	4920.0
49.424170000000004	4930.0
49.442819999999998	4470.0
49.461654345654345	4630.0
49.478682682682688	4340.0
49.494965000000001	4560.0
49.511704000000002	4940.0
49.52787	4730.0
49.546544910179641	5340.0
49.563743486973948	4740.0
49.581816000000003	4830.0
49.599665000000002	5240.0
49.615957999999999	4760.0
49.634046000000005	4450.0
49.651815999999997	4820.0
49.668454545454544	4650.0
49.685266266266268	4880.0
49.702855999999997	4740.0
49.722079999999998	4700.0
49.740270000000002	4410.0
49.756215000000005	4880.0
49.772904000000004	4780.0
49.790735999999995	4870.0
49.808807000000002	4730.0
49.825944	4700.0
49.843966000000002	4720.0
49.860976000000001	4920.0
49.877735999999999	4800.0
49.893383999999998	4340.0
49.911765000000003	4180.0
49.928966000000003	4880.0
49.949174825174822	4570.0
49.967166166166166	4440.0
49.983063999999999	4640.0
50.001224000000001	5050.0
50.017834000000001	5450.0
50.036186000000001	4820.0
50.051853999999999	5020.0
50.070599000000001	5070.0
50.088144	4550.0
50.104219999999998	4110.0
50.123165	4820.0
50.139181636726548	4700.0
50.156452905811626	5300.0
50.175416999999996	5360.0
50.192431999999997	5320.0
50.208559999999999	4830.0
50.227865000000001	4590.0
50.243803196803199	4540.0
50.2607977977978	4900.0
50.278867132867134	5150.0
50.296941941941938	4570.0
50.315743999999995	5360.0
50.332564999999995	5110.0
50.347676	4900.0
50.368858000000003	4870.0
50.384453999999998	3890.0
50.401384	4440.0
50.418672000000001	4910.0
50.437812000000001	5390.0
50.451638000000003	4760.0
50.470559999999999	4730.0
50.490115000000003	4600.0
50.505656000000002	4750.0
50.522883116883122	4870.0
50.542019019019016	4640.0
50.559503999999997	5210.0
50.576528000000003	4170.0
50.594256999999999	4600.0
50.611544000000002	5030.0
50.628568000000001	4940.0
50.648308999999998	4580.0
50.661687999999998	4260.0
50.680683999999999	4950.0
50.699313000000004	4490.0
50.713788000000001	4770.0
50.73142	4480.0
50.748820000000002	5150.0
50.767247999999995	4870.0
50.783360000000002	4740.0
50.803176999999998	5030.0
50.819064935064937	4620.0
50.835329329329326	4970.0
50.853407000000004	4610.0
50.870744000000002	5350.0
50.887768000000001	4850.0
50.904775999999998	4800.0
50.923631999999998	4410.0
50.940808000000004	4640.0
50.958815999999999	5200.0
50.975937999999999	4780.0
50.993670000000002	4570.0
51.010097000000002	4540.0
51.027560000000001	4990.0
51.043887999999995	4590.0
51.061326999999999	5040.0
51.078409999999998	4780.0
51.096033966033964	4880.0
51.113309309309308	4820.0
51.131312000000001	4930.0
51.148967999999996	4350.0
51.165165000000002	5040.0
51.181984	4790.0
51.200883999999995	4440.0
51.219013000000004	3970.0
51.233215999999999	5260.0
51.253169491525419	4760.0
51.27082848545637	4680.0
51.288333999999999	4790.0
51.307816000000003	5160.0
51.322096000000002	4900.0
51.339548000000001	4440.0
51.357635999999999	4490.0
51.373994000000003	4620.0
51.391400599400605	4900.0
51.405674674674678	4600.0
51.426503000000004	4820.0
51.446007999999999	4540.0
51.461432000000002	4920.0
51.478215999999996	4520.0
51.496238000000005	4400.0
51.514248000000002	4790.0
51.531397000000005	5230.0
51.549672000000001	5110.0
51.568288000000003	4930.0
51.583971999999996	5090.0
51.599879999999999	4850.0
51.618411999999999	4820.0
51.635377999999996	4520.0
51.653343999999997	4910.0
51.671004995004992	4670.0
51.688371371371368	4740.0
51.705384000000002	4890.0
51.724083999999998	4700.0
51.739613999999996	4740.0
51.758352000000002	4150.0
51.772615999999999	4930.0
51.795273999999999	4940.0
51.810310000000001	4610.0
51.827578000000003	4950.0
51.847090999999999	4550.0
51.861536000000001	5480.0
51.880527999999998	5110.0
51.898949000000002	4640.0
51.917543999999999	4890.0
51.932175999999998	4810.0
51.948236999999999	4480.0
51.964849150849155	4280.0
51.983180180180184	4860.0
52.000616000000001	4690.0
52.018537999999999	4810.0
52.032713999999999	4370.0
52.053573999999998	4390.0
52.068868263473057	4850.0
52.087328657314629	4970.0
52.102926999999994	4500.0
52.1206993006993	3990.0
52.137360360360361	4480.0
52.154156999999998	4820.0
52.172227999999997	4590.0
52.190315999999996	4930.0
52.207165000000003	4880.0
52.225132000000002	5100.0
52.240574850299403	4460.0
52.259211422845688	5240.0
52.276824000000005	4800.0
52.293848000000004	4080.0
52.310856000000001	4730.0
52.328702	4600.0
52.343124000000003	4840.0
52.361715000000004	4870.0
52.377660000000006	4350.0
52.395160000000004	4500.0
52.414194000000002	5110.0
52.429510000000001	4640.0
52.44547	4270.0
52.462536999999998	4630.0
52.481231999999999	4600.0
52.497632000000003	5510.0
52.514766999999999	5000.0
52.532824175824175	5230.0
52.546534534534537	4770.0
52.565879000000002	4230.0
52.584052	4370.0
52.598224000000002	4620.0
52.617358000000003	4460.0
52.635910000000003	4230.0
52.652128000000005	5530.0
52.669457000000001	4370.0
52.687143999999996	5330.0
52.703720000000004	4780.0
52.720176000000002	4780.0
52.737183999999999	4500.0
52.754207999999998	4820.0
52.771216000000003	4900.0
52.788224	4930.0
52.806061938061937	4760.0
52.823254254254259	3990.0
52.839281437125749	4900.0
52.855305999999999	4430.0
52.873457999999999	4900.0
52.892160000000004	4830.0
52.908327999999997	5140.0
52.925064999999996	4770.0
52.942011999999998	4810.0
52.960368000000003	4560.0
52.976453999999997	5060.0
52.991860000000003	4540.0
53.008996000000003	4820.0
53.027718	4600.0
53.045423999999997	4180.0
53.063226	5030.0
53.077933000000002	4440.0
53.094449550449546	4130.0
53.114391391391393	4970.0
53.130527000000001	4680.0
53.148691999999997	4700.0
53.167211999999999	4440.0
53.182093999999999	4170.0
53.198369154228857	4450.0
53.217170854271359	4950.0
53.234397999999999	4590.0
53.252109999999995	4810.0
53.269683999999998	4210.0
53.285812999999997	4630.0
53.304279999999999	4920.0
53.321192000000003	4150.0
53.336073999999996	4730.0
53.353518000000001	4230.0
53.369756243756242	4760.0
53.391600600600604	4420.0
53.405704	4480.0
53.423051999999998	5280.0
53.442222999999998	4200.0
53.456977999999999	4810.0
53.475065999999998	4350.0
53.492415000000001	4540.0
53.509208000000001	5170.0
53.527783999999997	4730.0
53.545265000000001	4870.0
53.559958125623126	4290.0
53.575832497492478	4710.0
53.593597000000003	4690.0
53.611668000000002	4570.0
53.628888000000003	4620.0
53.644034000000005	4600.0
53.665853146853145	4770.0
53.682865671641792	4700.0
53.698748743718596	4470.0
53.714944000000003	4870.0
53.732216000000001	4470.0
53.749665	4500.0
53.766731999999998	4720.0
53.785007999999998	5400.0
53.801013999999995	4720.0
53.817588000000001	4560.0
53.835675999999999	4670.0
53.853055999999995	4710.0
53.870063999999999	4960.0
53.886270000000003	5200.0
53.904857999999997	4060.0
53.92116	5220.0
53.93905125628141	4530.0
53.956923000000003	4690.0
53.971679999999999	4560.0
53.991771999999997	4970.0
54.007176000000001	4770.0
54.023859999999999	4790.0
54.041371999999996	4480.0
54.060215999999997	5470.0
54.077738000000004	4730.0
54.094670000000001	4490.0
54.111255999999997	4420.0
54.126151999999998	4360.0
54.144592000000003	4230.0
54.161465	5300.0
54.180092000000002	4870.0
54.196370000000002	5110.0
54.214335664335664	4750.0
54.23116316316316	4810.0
54.246960000000001	4880.0
54.267586999999999	4830.0
54.284287999999997	5150.0
54.299084000000001	4420.0
54.318218000000002	3980.0
54.335031999999998	4760.0
54.350448	4600.0
54.368046999999997	4800.0
54.384810000000002	4410.0
54.402923999999999	4310.0
54.421276999999996	4390.0
54.438504000000002	4640.0
54.454620000000006	4860.0
54.471536	4650.0
54.488509490509493	5190.0
54.504650650650653	5000.0
54.522736999999999	4940.0
54.540807999999998	4540.0
54.558027972027972	4380.0
54.573605605605607	4420.0
54.591038000000005	5010.0
54.610081999999998	4640.0
54.627032999999997	4590.0
54.643872000000002	4920.0
54.661020000000001	4770.0
54.678426999999999	4460.0
54.695703999999999	4750.0
54.712728000000006	4920.0
54.728814999999997	5010.0
54.748696000000002	4470.0
54.763815999999998	4610.0
54.781774225774228	4840.0
54.799117117117113	4610.0
54.817807999999999	4090.0
54.834815999999996	4930.0
54.852551999999996	4300.0
54.870419999999996	4520.0
54.886364999999998	4680.0
54.903418000000002	4720.0
54.922742	4830.0
54.939534000000002	4670.0
54.956648000000001	4380.0
54.975543999999999	4410.0
54.992064999999997	4810.0
55.007076000000005	4690.0
55.026961999999997	4060.0
55.044975999999998	4710.0
55.061734265734266	4720.0
55.077556556556559	4770.0
55.097016000000004	4360.0
55.113710000000005	4400.0
55.130804000000005	4610.0
55.148174000000004	4900.0
55.165072000000002	4920.0
55.183655999999999	4660.0
55.201726999999998	5020.0
55.219797999999997	4740.0
55.236370000000001	4320.0
55.252315000000003	4970.0
55.270912000000003	4380.0
55.287219999999998	4510.0
55.306197999999995	4920.0
55.325035999999997	4340.0
55.340208000000004	4420.0
55.357614385614383	5120.0
55.376475475475473	4740.0
55.394248000000005	4970.0
55.410865000000001	4710.0
55.429079999999999	4640.0
55.448805999999998	5120.0
55.464553000000002	4080.0
55.480947999999998	4310.0
55.499744	4520.0
55.516565	4220.0
55.534177999999997	4670.0
55.552266000000003	4700.0
55.569375999999998	4730.0
55.583455999999998	4330.0
55.603407999999995	4930.0
55.620265000000003	4790.0
55.637275724275725	4660.0
55.657418743768694	4600.0
55.674413654618469	4200.0
55.69106	5210.0
55.707956000000003	4800.0
55.726557999999997	4700.0
55.744503999999999	4640.0
55.762186	4590.0
55.779536	4480.0
55.795760000000001	4610.0
55.813416000000004	4740.0
55.829665000000006	4510.0
55.847557999999999	4620.0
55.865570000000005	4410.0
55.881818000000003	4620.0
55.900460000000002	4470.0
55.916872127872125	5080.0
55.934934934934937	4360.0
55.952663999999999	4700.0
55.970524000000005	4640.0
55.989176999999998	4410.0
56.007247999999997	4840.0
56.024120000000003	4550.0
56.040736000000003	4400.0
56.059212000000002	4780.0
56.076768000000001	5330.0
56.093775999999998	4740.0
56.110784000000002	4630.0
56.127808000000002	4460.0
56.145883767535075	4930.0
56.164595999999996	4410.0
56.180025999999998	4660.0
56.198097000000004	4740.0
56.215859140859138	4350.0
56.233245245245243	4920.0
56.250889110889112	4530.0
56.268882882882885	4870.0
56.286369999999998	4940.0
56.304178	4300.0
56.321944000000002	4490.0
56.33822	4670.0
56.357408999999997	4070.0
56.375858000000001	4370.0
56.392070000000004	4710.0
56.409016000000001	4740.0
56.426023999999998	4660.0
56.443304000000005	4870.0
56.461865000000003	4660.0
56.478572	4440.0
56.496765234765235	4220.0
56.514607607607608	4710.0
56.534103999999999	4620.0
56.551127999999999	4920.0
56.567564999999995	4560.0
56.586046000000003	4560.0
56.602772000000002	4710.0
56.619937	4600.0
56.637183999999998	4530.0
56.655096	4450.0
56.673166999999999	4780.0
56.690238000000001	4690.0
56.708170000000003	4780.0
56.724397000000003	4330.0
56.742671999999999	4950.0
56.761288	4930.0
56.778627	4860.0
56.7962977022977	4890.0
56.811946946946946	4200.0
56.829419999999999	4770.0
56.848343999999997	4770.0
56.864072	4360.0
56.883220000000001	4840.0
56.901384	4820.0
56.915894000000002	5090.0
56.935119	4460.0
56.954352	4540.0
56.972391999999999	4350.0
56.987455999999995	5110.0
57.004926000000005	4710.0
57.024923999999999	4620.0
57.042653000000001	4540.0
57.057848	4860.0
57.07511388611389	4870.0
57.092468468468468	4030.0
57.110543999999997	4460.0
57.128764000000004	4900.0
57.145254000000001	4470.0
57.161583999999998	4590.0
57.179395999999997	4780.0
57.198318	4670.0
57.214710000000004	4680.0
57.233604	4570.0
57.249738000000001	4840.0
57.268872000000002	5140.0
57.287512462612163	5070.0
57.303658976930791	4440.0
57.320998000000003	4590.0
57.338727999999996	4610.0
57.354893999999994	4710.0
57.370252747252749	4780.0
57.388950950950949	4780.0
57.407776000000005	4600.0
57.425457999999999	4730.0
57.441332000000003	4510.0
57.461020000000005	4700.0
57.478824000000003	4690.0
57.495848000000002	4620.0
57.512855999999999	4580.0
57.529756000000006	4660.0
57.545478000000003	4630.0
57.566533999999997	4920.0
57.582148000000004	4810.0
57.600236000000002	4950.0
57.618671328671333	4580.0
57.63606806806807	4890.0
57.651462537462535	4910.0
57.669650650650645	5040.0
57.688608000000002	4310.0
57.706007999999997	4340.0
57.722265	4390.0
57.739837999999999	4130.0
57.757047999999998	4870.0
57.778623634558095	4620.0
57.797042042042037	4370.0
57.812156000000002	4620.0
57.829965000000001	4310.0
57.846298000000004	4590.0
57.864643999999998	4520.0
57.883136	4910.0
57.900143999999997	4630.0
57.917160839160836	4480.0
57.934678678678679	4500.0
57.952748251748254	4010.0
57.969564564564564	4700.0
57.986916999999998	4250.0
58.005752000000001	4260.0
58.021591999999998	4150.0
58.041819999999994	4590.0
58.060217999999999	4870.0
58.078252000000006	4920.0
58.093295999999995	4900.0
58.110447999999998	4820.0
58.127912000000002	4540.0
58.144962	4380.0
58.165675999999998	4240.0
58.180969999999995	4500.0
58.198298000000001	4690.0
58.215336000000001	4910.0
58.232573426573431	4760.0
58.249759759759762	4320.0
58.267852000000005	4490.0
58.286225999999999	4470.0
58.301774000000002	4600.0
58.320272000000003	4580.0
58.337488	4760.0
58.357402999999998	4460.0
58.371691999999996	5030.0
58.391002	4860.0
58.410756999999997	4460.0
58.428260000000002	4500.0
58.444562437562439	4590.0
58.461976976976977	5040.0
58.479584000000003	4310.0
58.496608000000002	4470.0
58.514217000000002	4560.0
58.53095004995005	4380.0
58.548371371371367	4420.0
58.566446999999997	4610.0
58.582810000000002	4910.0
58.599688	4400.0
58.616695999999997	4370.0
58.632747999999999	4740.0
58.650728000000001	4980.0
58.667735999999998	4770.0
58.685212	4460.0
58.703767999999997	4580.0
58.721498000000004	5120.0
58.738935999999995	4240.0
58.755783999999998	4680.0
58.773265000000002	5570.0
58.789210000000004	4380.0
58.805837162837165	5150.0
58.82432	4770.0
58.841847999999999	5180.0
58.860605999999997	4630.0
58.876950000000001	4470.0
58.895873999999999	4600.0
58.909968999999997	4450.0
58.928273180458625	4230.0
58.947347041123372	4300.0
58.961708708708706	4050.0
58.979219999999998	4390.0
58.997862000000005	4340.0
59.013883999999997	4760.0
59.031514999999999	4750.0
59.048023999999998	4530.0
59.065047999999997	4410.0
59.084820000000001	4960.0
59.101545454545452	4300.0
59.118888999999996	4840.0
59.13608	4750.0
59.151201999999998	4600.0
59.171112000000001	4480.0
59.187909999999995	4670.0
59.202261	4490.0
59.220348999999999	4310.0
59.238939999999999	4370.0
59.257199	5330.0
59.272191999999997	4920.0
59.290999999999997	4640.0
59.309182	4620.0
59.325232	4870.0
59.342239999999997	4740.0
59.359951000000002	4360.0
59.377259740259738	4790.0
59.394250749250745	4930.0
59.410378378378375	4640.0
59.429225225225224	4990.0
59.444361361361366	4990.0
59.464162000000002	4870.0
59.479645999999995	4360.0
59.498570000000001	4360.0
59.515822	4620.0
59.532065999999993	4460.0
59.549599999999998	4870.0
59.566333999999998	4580.0
59.582850999999998	4880.0
59.599029999999999	4800.0
59.617753999999998	4170.0
59.636893106893105	4620.0
59.652906000000002	4070.0
59.670285429141721	3920.0
59.687463999999991	4610.0
59.704471999999996	5020.0
59.72137813440321	4480.0
59.735919999999993	4550.0
59.756067000000002	4550.0
59.770329999999994	4500.0
59.787147999999995	4680.0
59.804536999999996	4540.0
59.821240000000003	4770.0
59.840139999999998	5190.0
59.857163	4910.0
59.874631999999998	4520.0
59.890990000000002	4620.0
59.909122000000004	4950.0
59.925879999999999	4930.0
59.940972027972023	4320.0
59.961359999999992	4900.0
59.978711711711711	3980.0
59.996629999999996	4620.0
60.012054054054062	4230.0
60.031579999999998	4700.0
60.048247999999994	4570.0
60.066783999999998	4680.0
60.083068000000004	5050.0
60.098815999999999	4370.0
60.116802000000007	4400.0
60.134832000000003	4540.0
60.153703999999998	4820.0
60.169827000000005	4780.0
60.185872000000003	5000.0
60.203701999999993	4440.0
60.221772999999999	4620.0
60.2398123752495	4280.0
60.255924924924926	4810.0
60.272928000000007	5000.0
60.290056999999997	5030.0
60.308145000000003	4700.0
60.325223999999999	5020.0
60.339975999999993	4350.0
60.357749999999996	5140.0
60.376883999999997	4450.0
60.393986055776892	4000.0
60.409448795180722	4650.0
60.427931999999998	4690.0
60.445365000000002	4860.0
60.462834999999998	4980.0
60.482557557557563	4680.0
60.498335664335663	5380.0
60.514160839160837	4580.0
60.533112000000003	4510.0
60.548206999999998	4140.0
60.566294999999997	4370.0
60.583970000000001	5350.0
60.600959000000003	4730.0
60.619549999999997	5010.0
60.635596000000007	4740.0
60.652313999999997	4900.0
60.669269999999997	4880.0
60.688403999999998	4390.0
60.704973999999993	4650.0
60.722689999999993	4530.0
60.739519999999992	4800.0
60.757127000000004	4490.0
60.774319999999996	4610.0
60.788454000000002	4960.0
60.809359999999998	4530.0
60.828007999999997	4900.0
60.841645999999997	4390.0
60.859940000000002	4200.0
60.876205999999996	4510.0
60.895054999999999	4600.0
60.911000000000001	4750.0
60.928352000000004	5040.0
60.946431999999994	4990.0
60.964030000000001	4580.0
60.982118	4820.0
61.000188999999999	4610.0
61.016699999999993	4690.0
61.03266	4660.0
61.050434434434443	4550.0
61.068507000000004	4700.0
61.084544000000001	4720.0
61.101648999999995	4460.0
61.120040000000003	5100.0
61.139136000000001	4690.0
61.154305000000008	4480.0
61.170950000000005	4650.0
61.189038000000004	4470.0
61.207108999999996	4350.0
61.225719999999995	4750.0
61.243059999999993	4380.0
61.259004999999995	4440.0
61.276410000000006	4870.0
61.293703999999998	4290.0
61.311568999999992	4380.0
61.329640000000005	5170.0
61.347727999999996	4440.0
61.362845154845147	4570.0
61.381853	4500.0
61.399941000000005	5010.0
61.417540000000002	4960.0
61.434381999999999	4400.0
61.451718999999997	4520.0
61.467667999999996	4210.0
61.486801999999997	4430.0
61.504847999999996	4650.0
61.521856000000007	4270.0
61.538842315369259	4360.0
61.555891675025073	4810.0
61.574526000000006	4670.0
61.592790000000001	4950.0
61.609009999999998	5110.0
61.626948999999996	4370.0
61.645018981018985	4380.0
61.662967999999999	4330.0
61.680348000000002	4430.0
61.698233766233763	4820.0
61.713303999999994	4020.0
61.730624999999996	4520.0
61.748313686313686	4430.0
61.767016000000005	4620.0
61.786280000000005	4360.0
61.803142857142859	4750.0
61.81976529588767	4820.0
61.837851999999998	4780.0
61.855104000000004	4340.0
61.873894000000007	4540.0
61.890190000000004	4470.0
61.906153000000003	4690.0
61.924095000000001	4270.0
61.940717282717287	4790.0
61.961365999999998	4780.0
61.978405999999993	4460.0
61.993850000000002	4740.0
62.012596000000002	4640.0
62.030231999999998	4690.0
62.048270000000002	4710.0
62.065100100100096	4650.0
62.0832047952048	4720.0
62.10129129129129	5500.0
62.117534999999997	4250.0
62.134327999999996	4910.0
62.152231999999998	4510.0
62.173180000000009	4900.0
62.188391000000003	4740.0
62.206375999999999	4970.0
62.223679320679324	4730.0
62.241968	4280.0
62.257400000000004	4860.0
62.275422000000006	4220.0
62.294834000000002	4480.0
62.313369999999999	4610.0
62.330391999999996	4750.0
62.347064000000003	4700.0
62.363824999999999	4400.0
62.381205999999999	4900.0
62.399294000000005	4660.0
62.415675000000007	5080.0
62.435251999999998	4530.0
62.453523999999994	5090.0
62.471525000000007	4100.0
62.487372000000001	4780.0
62.503239999999998	4610.0
62.523371628371628	4630.0
62.540452999999999	4860.0
62.559265000000003	4620.0
62.576030969030967	4590.0
62.594585170340679	4360.0
62.611587999999998	4380.0
62.627679999999998	4560.0
62.645356	5210.0
62.663444000000005	4830.0
62.679925000000004	4350.0
62.697586000000001	4000.0
62.716596000000003	4560.0
62.735730000000004	4780.0
62.753720000000001	4690.0
62.769903999999997	4870.0
62.787799999999997	4760.0
62.804566433566436	4420.0
62.821418000000001	4590.0
62.840188000000005	4740.0
62.857411411411412	4410.0
62.873872000000006	5040.0
62.892544999999998	4660.0
62.911506000000003	4340.0
62.928230000000006	4020.0
62.943430000000006	4410.0
62.961544000000004	4520.0
62.980696000000002	4710.0
62.994220000000006	4340.0
63.009970000000003	4580.0
63.026805999999993	4650.0
63.04025	4940.0
63.051820000000006	4340.0
63.066267999999994	4600.0
